2.013010100000000000e+07
2.013010200000000000e+07
2.013010300000000000e+07
2.013010400000000000e+07
2.013010500000000000e+07
2.013010600000000000e+07
2.013010700000000000e+07
2.013010800000000000e+07
2.013010900000000000e+07
2.013011000000000000e+07
2.013011100000000000e+07
2.013011200000000000e+07
2.013011300000000000e+07
2.013011400000000000e+07
2.013011500000000000e+07
2.013011600000000000e+07
2.013011700000000000e+07
2.013011800000000000e+07
2.013011900000000000e+07
2.013012000000000000e+07
2.013012100000000000e+07
2.013012200000000000e+07
2.013012300000000000e+07
2.013012400000000000e+07
2.013012500000000000e+07
2.013012600000000000e+07
2.013012700000000000e+07
2.013012800000000000e+07
2.013012900000000000e+07
2.013013000000000000e+07
2.013013100000000000e+07
2.013020100000000000e+07
2.013020200000000000e+07
2.013020300000000000e+07
2.013020400000000000e+07
2.013020500000000000e+07
2.013020600000000000e+07
2.013020700000000000e+07
2.013020800000000000e+07
2.013020900000000000e+07
2.013021000000000000e+07
2.013021100000000000e+07
2.013021200000000000e+07
2.013021300000000000e+07
2.013021400000000000e+07
2.013021500000000000e+07
2.013021600000000000e+07
2.013021700000000000e+07
2.013021800000000000e+07
2.013021900000000000e+07
2.013022000000000000e+07
2.013022100000000000e+07
2.013022200000000000e+07
2.013022300000000000e+07
2.013022400000000000e+07
2.013022500000000000e+07
2.013022600000000000e+07
2.013022700000000000e+07
2.013022800000000000e+07
2.013030100000000000e+07
2.013030200000000000e+07
2.013030300000000000e+07
2.013030400000000000e+07
2.013030500000000000e+07
2.013030600000000000e+07
2.013030700000000000e+07
2.013030800000000000e+07
2.013030900000000000e+07
2.013031000000000000e+07
2.013031100000000000e+07
2.013031200000000000e+07
2.013031300000000000e+07
2.013031400000000000e+07
2.013031500000000000e+07
2.013031600000000000e+07
2.013031700000000000e+07
2.013031800000000000e+07
2.013031900000000000e+07
2.013032000000000000e+07
2.013032100000000000e+07
2.013032200000000000e+07
2.013032300000000000e+07
2.013032400000000000e+07
2.013032500000000000e+07
2.013032600000000000e+07
2.013032700000000000e+07
2.013032800000000000e+07
2.013032900000000000e+07
2.013033000000000000e+07
2.013033100000000000e+07
2.013040100000000000e+07
2.013040200000000000e+07
2.013040300000000000e+07
2.013040400000000000e+07
2.013040500000000000e+07
2.013040600000000000e+07
2.013040700000000000e+07
2.013040800000000000e+07
2.013040900000000000e+07
2.013041000000000000e+07
2.013041100000000000e+07
2.013041200000000000e+07
2.013041300000000000e+07
2.013041400000000000e+07
2.013041500000000000e+07
2.013041600000000000e+07
2.013041700000000000e+07
2.013041800000000000e+07
2.013041900000000000e+07
2.013042000000000000e+07
2.013042100000000000e+07
2.013042200000000000e+07
2.013042300000000000e+07
2.013042400000000000e+07
2.013042500000000000e+07
2.013042600000000000e+07
2.013042700000000000e+07
2.013042800000000000e+07
2.013042900000000000e+07
2.013043000000000000e+07
2.013050100000000000e+07
2.013050200000000000e+07
2.013050300000000000e+07
2.013050400000000000e+07
2.013050500000000000e+07
2.013050600000000000e+07
2.013050700000000000e+07
2.013050800000000000e+07
2.013050900000000000e+07
2.013051000000000000e+07
2.013051100000000000e+07
2.013051200000000000e+07
2.013051300000000000e+07
2.013051400000000000e+07
2.013051500000000000e+07
2.013051600000000000e+07
2.013051700000000000e+07
2.013051800000000000e+07
2.013051900000000000e+07
2.013052000000000000e+07
2.013052100000000000e+07
2.013052200000000000e+07
2.013052300000000000e+07
2.013052400000000000e+07
2.013052500000000000e+07
2.013052600000000000e+07
2.013052700000000000e+07
2.013052800000000000e+07
2.013052900000000000e+07
2.013053000000000000e+07
2.013053100000000000e+07
2.013060100000000000e+07
2.013060200000000000e+07
2.013060300000000000e+07
2.013060400000000000e+07
2.013060500000000000e+07
2.013060600000000000e+07
2.013060700000000000e+07
2.013060800000000000e+07
2.013060900000000000e+07
2.013061000000000000e+07
2.013061100000000000e+07
2.013061200000000000e+07
2.013061300000000000e+07
2.013061400000000000e+07
2.013061500000000000e+07
2.013061600000000000e+07
2.013061700000000000e+07
2.013061800000000000e+07
2.013061900000000000e+07
2.013062000000000000e+07
2.013062100000000000e+07
2.013062200000000000e+07
2.013062300000000000e+07
2.013062400000000000e+07
2.013062500000000000e+07
2.013062600000000000e+07
2.013062700000000000e+07
2.013062800000000000e+07
2.013062900000000000e+07
2.013063000000000000e+07
2.013070100000000000e+07
2.013070200000000000e+07
2.013070300000000000e+07
2.013070400000000000e+07
2.013070500000000000e+07
2.013070600000000000e+07
2.013070700000000000e+07
2.013070800000000000e+07
2.013070900000000000e+07
2.013071000000000000e+07
2.013071100000000000e+07
2.013071200000000000e+07
2.013071300000000000e+07
2.013071400000000000e+07
2.013071500000000000e+07
2.013071600000000000e+07
2.013071700000000000e+07
2.013071800000000000e+07
2.013071900000000000e+07
2.013072000000000000e+07
2.013072100000000000e+07
2.013072200000000000e+07
2.013072300000000000e+07
2.013072400000000000e+07
2.013072500000000000e+07
2.013072600000000000e+07
2.013072700000000000e+07
2.013072800000000000e+07
2.013072900000000000e+07
2.013073000000000000e+07
2.013073100000000000e+07
2.013080100000000000e+07
2.013080200000000000e+07
2.013080300000000000e+07
2.013080400000000000e+07
2.013080500000000000e+07
2.013080600000000000e+07
2.013080700000000000e+07
2.013080800000000000e+07
2.013080900000000000e+07
2.013081000000000000e+07
2.013081100000000000e+07
2.013081200000000000e+07
2.013081300000000000e+07
2.013081400000000000e+07
2.013081500000000000e+07
2.013081600000000000e+07
2.013081700000000000e+07
2.013081800000000000e+07
2.013081900000000000e+07
2.013082000000000000e+07
2.013082100000000000e+07
2.013082200000000000e+07
2.013082300000000000e+07
2.013082400000000000e+07
2.013082500000000000e+07
2.013082600000000000e+07
2.013082700000000000e+07
2.013082800000000000e+07
2.013082900000000000e+07
2.013083000000000000e+07
2.013083100000000000e+07
2.013090100000000000e+07
2.013090200000000000e+07
2.013090300000000000e+07
2.013090400000000000e+07
2.013090500000000000e+07
2.013090600000000000e+07
2.013090700000000000e+07
2.013090800000000000e+07
2.013090900000000000e+07
2.013091000000000000e+07
2.013091100000000000e+07
2.013091200000000000e+07
2.013091300000000000e+07
2.013091400000000000e+07
2.013091500000000000e+07
2.013091600000000000e+07
2.013091700000000000e+07
2.013091800000000000e+07
2.013091900000000000e+07
2.013092000000000000e+07
2.013092100000000000e+07
2.013092200000000000e+07
2.013092300000000000e+07
2.013092400000000000e+07
2.013092500000000000e+07
2.013092600000000000e+07
2.013092700000000000e+07
2.013092800000000000e+07
2.013092900000000000e+07
2.013093000000000000e+07
2.013100100000000000e+07
2.013100200000000000e+07
2.013100300000000000e+07
2.013100400000000000e+07
2.013100500000000000e+07
2.013100600000000000e+07
2.013100700000000000e+07
2.013100800000000000e+07
2.013100900000000000e+07
2.013101000000000000e+07
2.013101100000000000e+07
2.013101200000000000e+07
2.013101300000000000e+07
2.013101400000000000e+07
2.013101500000000000e+07
2.013101600000000000e+07
2.013101700000000000e+07
2.013101800000000000e+07
2.013101900000000000e+07
2.013102000000000000e+07
2.013102100000000000e+07
2.013102200000000000e+07
2.013102300000000000e+07
2.013102400000000000e+07
2.013102500000000000e+07
2.013102600000000000e+07
2.013102700000000000e+07
2.013102800000000000e+07
2.013102900000000000e+07
2.013103000000000000e+07
2.013103100000000000e+07
2.013110100000000000e+07
2.013110200000000000e+07
2.013110300000000000e+07
2.013110400000000000e+07
2.013110500000000000e+07
2.013110600000000000e+07
2.013110700000000000e+07
2.013110800000000000e+07
2.013110900000000000e+07
2.013111000000000000e+07
2.013111100000000000e+07
2.013111200000000000e+07
2.013111300000000000e+07
2.013111400000000000e+07
2.013111500000000000e+07
2.013111600000000000e+07
2.013111700000000000e+07
2.013111800000000000e+07
2.013111900000000000e+07
2.013112000000000000e+07
2.013112100000000000e+07
2.013112200000000000e+07
2.013112300000000000e+07
2.013112400000000000e+07
2.013112500000000000e+07
2.013112600000000000e+07
2.013112700000000000e+07
2.013112800000000000e+07
2.013112900000000000e+07
2.013113000000000000e+07
2.013120100000000000e+07
2.013120200000000000e+07
2.013120300000000000e+07
2.013120400000000000e+07
2.013120500000000000e+07
2.013120600000000000e+07
2.013120700000000000e+07
2.013120800000000000e+07
2.013120900000000000e+07
2.013121000000000000e+07
2.013121100000000000e+07
2.013121200000000000e+07
2.013121300000000000e+07
2.013121400000000000e+07
2.013121500000000000e+07
2.013121600000000000e+07
2.013121700000000000e+07
2.013121800000000000e+07
2.013121900000000000e+07
2.013122000000000000e+07
2.013122100000000000e+07
2.013122200000000000e+07
2.013122300000000000e+07
2.013122400000000000e+07
2.013122500000000000e+07
2.013122600000000000e+07
2.013122700000000000e+07
2.013122800000000000e+07
2.013122900000000000e+07
2.013123000000000000e+07
2.013123100000000000e+07
2.014010100000000000e+07
2.014010200000000000e+07
2.014010300000000000e+07
2.014010400000000000e+07
2.014010500000000000e+07
2.014010600000000000e+07
2.014010700000000000e+07
2.014010800000000000e+07
2.014010900000000000e+07
2.014011000000000000e+07
2.014011100000000000e+07
2.014011200000000000e+07
2.014011300000000000e+07
2.014011400000000000e+07
2.014011500000000000e+07
2.014011600000000000e+07
2.014011700000000000e+07
2.014011800000000000e+07
2.014011900000000000e+07
2.014012000000000000e+07
2.014012100000000000e+07
2.014012200000000000e+07
2.014012300000000000e+07
2.014012400000000000e+07
2.014012500000000000e+07
2.014012600000000000e+07
2.014012700000000000e+07
2.014012800000000000e+07
2.014012900000000000e+07
2.014013000000000000e+07
2.014013100000000000e+07
2.014020100000000000e+07
2.014020200000000000e+07
2.014020300000000000e+07
2.014020400000000000e+07
2.014020500000000000e+07
2.014020600000000000e+07
2.014020700000000000e+07
2.014020800000000000e+07
2.014020900000000000e+07
2.014021000000000000e+07
2.014021100000000000e+07
2.014021200000000000e+07
2.014021300000000000e+07
2.014021400000000000e+07
2.014021500000000000e+07
2.014021600000000000e+07
2.014021700000000000e+07
2.014021800000000000e+07
2.014021900000000000e+07
2.014022000000000000e+07
2.014022100000000000e+07
2.014022200000000000e+07
2.014022300000000000e+07
2.014022400000000000e+07
2.014022500000000000e+07
2.014022600000000000e+07
2.014022700000000000e+07
2.014022800000000000e+07
2.014030100000000000e+07
2.014030200000000000e+07
2.014030300000000000e+07
2.014030400000000000e+07
2.014030500000000000e+07
2.014030600000000000e+07
2.014030700000000000e+07
2.014030800000000000e+07
2.014030900000000000e+07
2.014031000000000000e+07
2.014031100000000000e+07
2.014031200000000000e+07
2.014031300000000000e+07
2.014031400000000000e+07
2.014031500000000000e+07
2.014031600000000000e+07
2.014031700000000000e+07
2.014031800000000000e+07
2.014031900000000000e+07
2.014032000000000000e+07
2.014032100000000000e+07
2.014032200000000000e+07
2.014032300000000000e+07
2.014032400000000000e+07
2.014032500000000000e+07
2.014032600000000000e+07
2.014032700000000000e+07
2.014032800000000000e+07
2.014032900000000000e+07
2.014033000000000000e+07
2.014033100000000000e+07
2.014040100000000000e+07
2.014040200000000000e+07
2.014040300000000000e+07
2.014040400000000000e+07
2.014040500000000000e+07
2.014040600000000000e+07
2.014040700000000000e+07
2.014040800000000000e+07
2.014040900000000000e+07
2.014041000000000000e+07
2.014041100000000000e+07
2.014041200000000000e+07
2.014041300000000000e+07
2.014041400000000000e+07
2.014041500000000000e+07
2.014041600000000000e+07
2.014041700000000000e+07
2.014041800000000000e+07
2.014041900000000000e+07
2.014042000000000000e+07
2.014042100000000000e+07
2.014042200000000000e+07
2.014042300000000000e+07
2.014042400000000000e+07
2.014042500000000000e+07
2.014042600000000000e+07
2.014042700000000000e+07
2.014042800000000000e+07
2.014042900000000000e+07
2.014043000000000000e+07
2.014050100000000000e+07
2.014050200000000000e+07
2.014050300000000000e+07
2.014050400000000000e+07
2.014050500000000000e+07
2.014050600000000000e+07
2.014050700000000000e+07
2.014050800000000000e+07
2.014050900000000000e+07
2.014051000000000000e+07
2.014051100000000000e+07
2.014051200000000000e+07
2.014051300000000000e+07
2.014051400000000000e+07
2.014051500000000000e+07
2.014051600000000000e+07
2.014051700000000000e+07
2.014051800000000000e+07
2.014051900000000000e+07
2.014052000000000000e+07
2.014052100000000000e+07
2.014052200000000000e+07
2.014052300000000000e+07
2.014052400000000000e+07
2.014052500000000000e+07
2.014052600000000000e+07
2.014052700000000000e+07
2.014052800000000000e+07
2.014052900000000000e+07
2.014053000000000000e+07
2.014053100000000000e+07
2.014060100000000000e+07
2.014060200000000000e+07
2.014060300000000000e+07
2.014060400000000000e+07
2.014060500000000000e+07
2.014060600000000000e+07
2.014060700000000000e+07
2.014060800000000000e+07
2.014060900000000000e+07
2.014061000000000000e+07
2.014061100000000000e+07
2.014061200000000000e+07
2.014061300000000000e+07
2.014061400000000000e+07
2.014061500000000000e+07
2.014061600000000000e+07
2.014061700000000000e+07
2.014061800000000000e+07
2.014061900000000000e+07
2.014062000000000000e+07
2.014062100000000000e+07
2.014062200000000000e+07
2.014062300000000000e+07
2.014062400000000000e+07
2.014062500000000000e+07
2.014062600000000000e+07
2.014062700000000000e+07
2.014062800000000000e+07
2.014062900000000000e+07
2.014063000000000000e+07
2.014070100000000000e+07
2.014070200000000000e+07
2.014070300000000000e+07
2.014070400000000000e+07
2.014070500000000000e+07
2.014070600000000000e+07
2.014070700000000000e+07
2.014070800000000000e+07
2.014070900000000000e+07
2.014071000000000000e+07
2.014071100000000000e+07
2.014071200000000000e+07
2.014071300000000000e+07
2.014071400000000000e+07
2.014071500000000000e+07
2.014071600000000000e+07
2.014071700000000000e+07
2.014071800000000000e+07
2.014071900000000000e+07
2.014072000000000000e+07
2.014072100000000000e+07
2.014072200000000000e+07
2.014072300000000000e+07
2.014072400000000000e+07
2.014072500000000000e+07
2.014072600000000000e+07
2.014072700000000000e+07
2.014072800000000000e+07
2.014072900000000000e+07
2.014073000000000000e+07
2.014073100000000000e+07
2.014080100000000000e+07
2.014080200000000000e+07
2.014080300000000000e+07
2.014080400000000000e+07
2.014080500000000000e+07
2.014080600000000000e+07
2.014080700000000000e+07
2.014080800000000000e+07
2.014080900000000000e+07
2.014081000000000000e+07
2.014081100000000000e+07
2.014081200000000000e+07
2.014081300000000000e+07
2.014081400000000000e+07
2.014081500000000000e+07
2.014081600000000000e+07
2.014081700000000000e+07
2.014081800000000000e+07
2.014081900000000000e+07
2.014082000000000000e+07
2.014082100000000000e+07
2.014082200000000000e+07
2.014082300000000000e+07
2.014082400000000000e+07
2.014082500000000000e+07
2.014082600000000000e+07
2.014082700000000000e+07
2.014082800000000000e+07
2.014082900000000000e+07
2.014083000000000000e+07
2.014083100000000000e+07
2.014090100000000000e+07
2.014090200000000000e+07
2.014090300000000000e+07
2.014090400000000000e+07
2.014090500000000000e+07
2.014090600000000000e+07
2.014090700000000000e+07
2.014090800000000000e+07
2.014090900000000000e+07
2.014091000000000000e+07
2.014091100000000000e+07
2.014091200000000000e+07
2.014091300000000000e+07
2.014091400000000000e+07
2.014091500000000000e+07
2.014091600000000000e+07
2.014091700000000000e+07
2.014091800000000000e+07
2.014091900000000000e+07
2.014092000000000000e+07
2.014092100000000000e+07
2.014092200000000000e+07
2.014092300000000000e+07
2.014092400000000000e+07
2.014092500000000000e+07
2.014092600000000000e+07
2.014092700000000000e+07
2.014092800000000000e+07
2.014092900000000000e+07
2.014093000000000000e+07
2.014100100000000000e+07
2.014100200000000000e+07
2.014100300000000000e+07
2.014100400000000000e+07
2.014100500000000000e+07
2.014100600000000000e+07
2.014100700000000000e+07
2.014100800000000000e+07
2.014100900000000000e+07
2.014101000000000000e+07
2.014101100000000000e+07
2.014101200000000000e+07
2.014101300000000000e+07
2.014101400000000000e+07
2.014101500000000000e+07
2.014101600000000000e+07
2.014101700000000000e+07
2.014101800000000000e+07
2.014101900000000000e+07
2.014102000000000000e+07
2.014102100000000000e+07
2.014102200000000000e+07
2.014102300000000000e+07
2.014102400000000000e+07
2.014102500000000000e+07
2.014102600000000000e+07
2.014102700000000000e+07
2.014102800000000000e+07
2.014102900000000000e+07
2.014103000000000000e+07
2.014103100000000000e+07
2.014110100000000000e+07
2.014110200000000000e+07
2.014110300000000000e+07
2.014110400000000000e+07
2.014110500000000000e+07
2.014110600000000000e+07
2.014110700000000000e+07
2.014110800000000000e+07
2.014110900000000000e+07
2.014111000000000000e+07
2.014111100000000000e+07
2.014111200000000000e+07
2.014111300000000000e+07
2.014111400000000000e+07
2.014111500000000000e+07
2.014111600000000000e+07
2.014111700000000000e+07
2.014111800000000000e+07
2.014111900000000000e+07
2.014112000000000000e+07
2.014112100000000000e+07
2.014112200000000000e+07
2.014112300000000000e+07
2.014112400000000000e+07
2.014112500000000000e+07
2.014112600000000000e+07
2.014112700000000000e+07
2.014112800000000000e+07
2.014112900000000000e+07
2.014113000000000000e+07
2.014120100000000000e+07
2.014120200000000000e+07
2.014120300000000000e+07
2.014120400000000000e+07
2.014120500000000000e+07
2.014120600000000000e+07
2.014120700000000000e+07
2.014120800000000000e+07
2.014120900000000000e+07
2.014121000000000000e+07
2.014121100000000000e+07
2.014121200000000000e+07
2.014121300000000000e+07
2.014121400000000000e+07
2.014121500000000000e+07
2.014121600000000000e+07
2.014121700000000000e+07
2.014121800000000000e+07
2.014121900000000000e+07
2.014122000000000000e+07
2.014122100000000000e+07
2.014122200000000000e+07
2.014122300000000000e+07
2.014122400000000000e+07
2.014122500000000000e+07
2.014122600000000000e+07
2.014122700000000000e+07
2.014122800000000000e+07
2.014122900000000000e+07
2.014123000000000000e+07
2.014123100000000000e+07
2.015010100000000000e+07
2.015010200000000000e+07
2.015010300000000000e+07
2.015010400000000000e+07
2.015010500000000000e+07
2.015010600000000000e+07
2.015010700000000000e+07
2.015010800000000000e+07
2.015010900000000000e+07
2.015011000000000000e+07
2.015011100000000000e+07
2.015011200000000000e+07
2.015011300000000000e+07
2.015011400000000000e+07
2.015011500000000000e+07
2.015011600000000000e+07
2.015011700000000000e+07
2.015011800000000000e+07
2.015011900000000000e+07
2.015012000000000000e+07
2.015012100000000000e+07
2.015012200000000000e+07
2.015012300000000000e+07
2.015012400000000000e+07
2.015012500000000000e+07
2.015012600000000000e+07
2.015012700000000000e+07
2.015012800000000000e+07
2.015012900000000000e+07
2.015013000000000000e+07
2.015013100000000000e+07
2.015020100000000000e+07
2.015020200000000000e+07
2.015020300000000000e+07
2.015020400000000000e+07
2.015020500000000000e+07
2.015020600000000000e+07
2.015020700000000000e+07
2.015020800000000000e+07
2.015020900000000000e+07
2.015021000000000000e+07
2.015021100000000000e+07
2.015021200000000000e+07
2.015021300000000000e+07
2.015021400000000000e+07
2.015021500000000000e+07
2.015021600000000000e+07
2.015021700000000000e+07
2.015021800000000000e+07
2.015021900000000000e+07
2.015022000000000000e+07
2.015022100000000000e+07
2.015022200000000000e+07
2.015022300000000000e+07
2.015022400000000000e+07
2.015022500000000000e+07
2.015022600000000000e+07
2.015022700000000000e+07
2.015022800000000000e+07
2.015030100000000000e+07
2.015030200000000000e+07
2.015030300000000000e+07
2.015030400000000000e+07
2.015030500000000000e+07
2.015030600000000000e+07
2.015030700000000000e+07
2.015030800000000000e+07
2.015030900000000000e+07
2.015031000000000000e+07
2.015031100000000000e+07
2.015031200000000000e+07
2.015031300000000000e+07
2.015031400000000000e+07
2.015031500000000000e+07
2.015031600000000000e+07
2.015031700000000000e+07
2.015031800000000000e+07
2.015031900000000000e+07
2.015032000000000000e+07
2.015032100000000000e+07
2.015032200000000000e+07
2.015032300000000000e+07
2.015032400000000000e+07
2.015032500000000000e+07
2.015032600000000000e+07
2.015032700000000000e+07
2.015032800000000000e+07
2.015032900000000000e+07
2.015033000000000000e+07
2.015033100000000000e+07
2.015040100000000000e+07
2.015040200000000000e+07
2.015040300000000000e+07
2.015040400000000000e+07
2.015040500000000000e+07
2.015040600000000000e+07
2.015040700000000000e+07
2.015040800000000000e+07
2.015040900000000000e+07
2.015041000000000000e+07
2.015041100000000000e+07
2.015041200000000000e+07
2.015041300000000000e+07
2.015041400000000000e+07
2.015041500000000000e+07
2.015041600000000000e+07
2.015041700000000000e+07
2.015041800000000000e+07
2.015041900000000000e+07
2.015042000000000000e+07
2.015042100000000000e+07
2.015042200000000000e+07
2.015042300000000000e+07
2.015042400000000000e+07
2.015042500000000000e+07
2.015042600000000000e+07
2.015042700000000000e+07
2.015042800000000000e+07
2.015042900000000000e+07
2.015043000000000000e+07
2.015050100000000000e+07
2.015050200000000000e+07
2.015050300000000000e+07
2.015050400000000000e+07
2.015050500000000000e+07
2.015050600000000000e+07
2.015050700000000000e+07
2.015050800000000000e+07
2.015050900000000000e+07
2.015051000000000000e+07
2.015051100000000000e+07
2.015051200000000000e+07
2.015051300000000000e+07
2.015051400000000000e+07
2.015051500000000000e+07
2.015051600000000000e+07
2.015051700000000000e+07
2.015051800000000000e+07
2.015051900000000000e+07
2.015052000000000000e+07
2.015052100000000000e+07
2.015052200000000000e+07
2.015052300000000000e+07
2.015052400000000000e+07
2.015052500000000000e+07
2.015052600000000000e+07
2.015052700000000000e+07
2.015052800000000000e+07
2.015052900000000000e+07
2.015053000000000000e+07
2.015053100000000000e+07
2.015060100000000000e+07
2.015060200000000000e+07
2.015060300000000000e+07
2.015060400000000000e+07
2.015060500000000000e+07
2.015060600000000000e+07
2.015060700000000000e+07
2.015060800000000000e+07
2.015060900000000000e+07
2.015061000000000000e+07
2.015061100000000000e+07
2.015061200000000000e+07
2.015061300000000000e+07
2.015061400000000000e+07
2.015061500000000000e+07
2.015061600000000000e+07
2.015061700000000000e+07
2.015061800000000000e+07
2.015061900000000000e+07
2.015062000000000000e+07
2.015062100000000000e+07
2.015062200000000000e+07
2.015062300000000000e+07
2.015062400000000000e+07
2.015062500000000000e+07
2.015062600000000000e+07
2.015062700000000000e+07
2.015062800000000000e+07
2.015062900000000000e+07
2.015063000000000000e+07
2.015070100000000000e+07
2.015070200000000000e+07
2.015070300000000000e+07
2.015070400000000000e+07
2.015070500000000000e+07
2.015070600000000000e+07
2.015070700000000000e+07
2.015070800000000000e+07
2.015070900000000000e+07
2.015071000000000000e+07
2.015071100000000000e+07
2.015071200000000000e+07
2.015071300000000000e+07
2.015071400000000000e+07
2.015071500000000000e+07
2.015071600000000000e+07
2.015071700000000000e+07
2.015071800000000000e+07
2.015071900000000000e+07
2.015072000000000000e+07
2.015072100000000000e+07
2.015072200000000000e+07
2.015072300000000000e+07
2.015072400000000000e+07
2.015072500000000000e+07
2.015072600000000000e+07
2.015072700000000000e+07
2.015072800000000000e+07
2.015072900000000000e+07
2.015073000000000000e+07
2.015073100000000000e+07
2.015080100000000000e+07
2.015080200000000000e+07
2.015080300000000000e+07
2.015080400000000000e+07
2.015080500000000000e+07
2.015080600000000000e+07
2.015080700000000000e+07
2.015080800000000000e+07
2.015080900000000000e+07
2.015081000000000000e+07
2.015081100000000000e+07
2.015081200000000000e+07
2.015081300000000000e+07
2.015081400000000000e+07
2.015081500000000000e+07
2.015081600000000000e+07
2.015081700000000000e+07
2.015081800000000000e+07
2.015081900000000000e+07
2.015082000000000000e+07
2.015082100000000000e+07
2.015082200000000000e+07
2.015082300000000000e+07
2.015082400000000000e+07
2.015082500000000000e+07
2.015082600000000000e+07
2.015082700000000000e+07
2.015082800000000000e+07
2.015082900000000000e+07
2.015083000000000000e+07
2.015083100000000000e+07
2.015090100000000000e+07
2.015090200000000000e+07
2.015090300000000000e+07
2.015090400000000000e+07
2.015090500000000000e+07
2.015090600000000000e+07
2.015090700000000000e+07
2.015090800000000000e+07
2.015090900000000000e+07
2.015091000000000000e+07
2.015091100000000000e+07
2.015091200000000000e+07
2.015091300000000000e+07
2.015091400000000000e+07
2.015091500000000000e+07
2.015091600000000000e+07
2.015091700000000000e+07
2.015091800000000000e+07
2.015091900000000000e+07
2.015092000000000000e+07
2.015092100000000000e+07
2.015092200000000000e+07
2.015092300000000000e+07
2.015092400000000000e+07
2.015092500000000000e+07
2.015092600000000000e+07
2.015092700000000000e+07
2.015092800000000000e+07
2.015092900000000000e+07
2.015093000000000000e+07
2.015100100000000000e+07
2.015100200000000000e+07
2.015100300000000000e+07
2.015100400000000000e+07
2.015100500000000000e+07
2.015100600000000000e+07
2.015100700000000000e+07
2.015100800000000000e+07
2.015100900000000000e+07
2.015101000000000000e+07
2.015101100000000000e+07
2.015101200000000000e+07
2.015101300000000000e+07
2.015101400000000000e+07
2.015101500000000000e+07
2.015101600000000000e+07
2.015101700000000000e+07
2.015101800000000000e+07
2.015101900000000000e+07
2.015102000000000000e+07
2.015102100000000000e+07
2.015102200000000000e+07
2.015102300000000000e+07
2.015102400000000000e+07
2.015102500000000000e+07
2.015102600000000000e+07
2.015102700000000000e+07
2.015102800000000000e+07
2.015102900000000000e+07
2.015103000000000000e+07
2.015103100000000000e+07
2.015110100000000000e+07
2.015110200000000000e+07
2.015110300000000000e+07
2.015110400000000000e+07
2.015110500000000000e+07
2.015110600000000000e+07
2.015110700000000000e+07
2.015110800000000000e+07
2.015110900000000000e+07
2.015111000000000000e+07
2.015111100000000000e+07
2.015111200000000000e+07
2.015111300000000000e+07
2.015111400000000000e+07
2.015111500000000000e+07
2.015111600000000000e+07
2.015111700000000000e+07
2.015111800000000000e+07
2.015111900000000000e+07
2.015112000000000000e+07
2.015112100000000000e+07
2.015112200000000000e+07
2.015112300000000000e+07
2.015112400000000000e+07
2.015112500000000000e+07
2.015112600000000000e+07
2.015112700000000000e+07
2.015112800000000000e+07
2.015112900000000000e+07
2.015113000000000000e+07
2.015120100000000000e+07
2.015120200000000000e+07
2.015120300000000000e+07
2.015120400000000000e+07
2.015120500000000000e+07
2.015120600000000000e+07
2.015120700000000000e+07
2.015120800000000000e+07
2.015120900000000000e+07
2.015121000000000000e+07
2.015121100000000000e+07
2.015121200000000000e+07
2.015121300000000000e+07
2.015121400000000000e+07
2.015121500000000000e+07
2.015121600000000000e+07
2.015121700000000000e+07
2.015121800000000000e+07
2.015121900000000000e+07
2.015122000000000000e+07
2.015122100000000000e+07
2.015122200000000000e+07
2.015122300000000000e+07
2.015122400000000000e+07
2.015122500000000000e+07
2.015122600000000000e+07
2.015122700000000000e+07
2.015122800000000000e+07
2.015122900000000000e+07
2.015123000000000000e+07
2.015123100000000000e+07
2.016010100000000000e+07
2.016010200000000000e+07
2.016010300000000000e+07
2.016010400000000000e+07
2.016010500000000000e+07
2.016010600000000000e+07
2.016010700000000000e+07
2.016010800000000000e+07
2.016010900000000000e+07
2.016011000000000000e+07
2.016011100000000000e+07
2.016011200000000000e+07
2.016011300000000000e+07
2.016011400000000000e+07
2.016011500000000000e+07
2.016011600000000000e+07
2.016011700000000000e+07
2.016011800000000000e+07
2.016011900000000000e+07
2.016012000000000000e+07
2.016012100000000000e+07
2.016012200000000000e+07
2.016012300000000000e+07
2.016012400000000000e+07
2.016012500000000000e+07
2.016012600000000000e+07
2.016012700000000000e+07
2.016012800000000000e+07
2.016012900000000000e+07
2.016013000000000000e+07
2.016013100000000000e+07
2.016020100000000000e+07
2.016020200000000000e+07
2.016020300000000000e+07
2.016020400000000000e+07
2.016020500000000000e+07
2.016020600000000000e+07
2.016020700000000000e+07
2.016020800000000000e+07
2.016020900000000000e+07
2.016021000000000000e+07
2.016021100000000000e+07
2.016021200000000000e+07
2.016021300000000000e+07
2.016021400000000000e+07
2.016021500000000000e+07
2.016021600000000000e+07
2.016021700000000000e+07
2.016021800000000000e+07
2.016021900000000000e+07
2.016022000000000000e+07
2.016022100000000000e+07
2.016022200000000000e+07
2.016022300000000000e+07
2.016022400000000000e+07
2.016022500000000000e+07
2.016022600000000000e+07
2.016022700000000000e+07
2.016022800000000000e+07
2.016022900000000000e+07
2.016030100000000000e+07
2.016030200000000000e+07
2.016030300000000000e+07
2.016030400000000000e+07
2.016030500000000000e+07
2.016030600000000000e+07
2.016030700000000000e+07
2.016030800000000000e+07
2.016030900000000000e+07
2.016031000000000000e+07
2.016031100000000000e+07
2.016031200000000000e+07
2.016031300000000000e+07
2.016031400000000000e+07
2.016031500000000000e+07
2.016031600000000000e+07
2.016031700000000000e+07
2.016031800000000000e+07
2.016031900000000000e+07
2.016032000000000000e+07
2.016032100000000000e+07
2.016032200000000000e+07
2.016032300000000000e+07
2.016032400000000000e+07
2.016032500000000000e+07
2.016032600000000000e+07
2.016032700000000000e+07
2.016032800000000000e+07
2.016032900000000000e+07
2.016033000000000000e+07
2.016033100000000000e+07
2.016040100000000000e+07
2.016040200000000000e+07
2.016040300000000000e+07
2.016040400000000000e+07
2.016040500000000000e+07
2.016040600000000000e+07
2.016040700000000000e+07
2.016040800000000000e+07
2.016040900000000000e+07
2.016041000000000000e+07
2.016041100000000000e+07
2.016041200000000000e+07
2.016041300000000000e+07
2.016041400000000000e+07
2.016041500000000000e+07
2.016041600000000000e+07
2.016041700000000000e+07
2.016041800000000000e+07
2.016041900000000000e+07
2.016042000000000000e+07
2.016042100000000000e+07
2.016042200000000000e+07
2.016042300000000000e+07
2.016042400000000000e+07
2.016042500000000000e+07
2.016042600000000000e+07
2.016042700000000000e+07
2.016042800000000000e+07
2.016042900000000000e+07
2.016043000000000000e+07
2.016050100000000000e+07
2.016050200000000000e+07
2.016050300000000000e+07
2.016050400000000000e+07
2.016050500000000000e+07
2.016050600000000000e+07
2.016050700000000000e+07
2.016050800000000000e+07
2.016050900000000000e+07
2.016051000000000000e+07
2.016051100000000000e+07
2.016051200000000000e+07
2.016051300000000000e+07
2.016051400000000000e+07
2.016051500000000000e+07
2.016051600000000000e+07
2.016051700000000000e+07
2.016051800000000000e+07
2.016051900000000000e+07
2.016052000000000000e+07
2.016052100000000000e+07
2.016052200000000000e+07
2.016052300000000000e+07
2.016052400000000000e+07
2.016052500000000000e+07
2.016052600000000000e+07
2.016052700000000000e+07
2.016052800000000000e+07
2.016052900000000000e+07
2.016053000000000000e+07
2.016053100000000000e+07
2.016060100000000000e+07
2.016060200000000000e+07
2.016060300000000000e+07
2.016060400000000000e+07
2.016060500000000000e+07
2.016060600000000000e+07
2.016060700000000000e+07
2.016060800000000000e+07
2.016060900000000000e+07
2.016061000000000000e+07
2.016061100000000000e+07
2.016061200000000000e+07
2.016061300000000000e+07
2.016061400000000000e+07
2.016061500000000000e+07
2.016061600000000000e+07
2.016061700000000000e+07
2.016061800000000000e+07
2.016061900000000000e+07
2.016062000000000000e+07
2.016062100000000000e+07
2.016062200000000000e+07
2.016062300000000000e+07
2.016062400000000000e+07
2.016062500000000000e+07
2.016062600000000000e+07
2.016062700000000000e+07
2.016062800000000000e+07
2.016062900000000000e+07
2.016063000000000000e+07
2.016070100000000000e+07
2.016070200000000000e+07
2.016070300000000000e+07
2.016070400000000000e+07
2.016070500000000000e+07
2.016070600000000000e+07
2.016070700000000000e+07
2.016070800000000000e+07
2.016070900000000000e+07
2.016071000000000000e+07
2.016071100000000000e+07
2.016071200000000000e+07
2.016071300000000000e+07
2.016071400000000000e+07
2.016071500000000000e+07
2.016071600000000000e+07
2.016071700000000000e+07
2.016071800000000000e+07
2.016071900000000000e+07
2.016072000000000000e+07
2.016072100000000000e+07
2.016072200000000000e+07
2.016072300000000000e+07
2.016072400000000000e+07
2.016072500000000000e+07
2.016072600000000000e+07
2.016072700000000000e+07
2.016072800000000000e+07
2.016072900000000000e+07
2.016073000000000000e+07
2.016073100000000000e+07
2.016080100000000000e+07
2.016080200000000000e+07
2.016080300000000000e+07
2.016080400000000000e+07
2.016080500000000000e+07
2.016080600000000000e+07
2.016080700000000000e+07
2.016080800000000000e+07
2.016080900000000000e+07
2.016081000000000000e+07
2.016081100000000000e+07
2.016081200000000000e+07
2.016081300000000000e+07
2.016081400000000000e+07
2.016081500000000000e+07
2.016081600000000000e+07
2.016081700000000000e+07
2.016081800000000000e+07
2.016081900000000000e+07
2.016082000000000000e+07
2.016082100000000000e+07
2.016082200000000000e+07
2.016082300000000000e+07
2.016082400000000000e+07
2.016082500000000000e+07
2.016082600000000000e+07
2.016082700000000000e+07
2.016082800000000000e+07
2.016082900000000000e+07
2.016083000000000000e+07
2.016083100000000000e+07
2.016090100000000000e+07
2.016090200000000000e+07
2.016090300000000000e+07
2.016090400000000000e+07
2.016090500000000000e+07
2.016090600000000000e+07
2.016090700000000000e+07
2.016090800000000000e+07
2.016090900000000000e+07
2.016091000000000000e+07
2.016091100000000000e+07
2.016091200000000000e+07
2.016091300000000000e+07
2.016091400000000000e+07
2.016091500000000000e+07
2.016091600000000000e+07
2.016091700000000000e+07
2.016091800000000000e+07
2.016091900000000000e+07
2.016092000000000000e+07
2.016092100000000000e+07
2.016092200000000000e+07
2.016092300000000000e+07
2.016092400000000000e+07
2.016092500000000000e+07
2.016092600000000000e+07
2.016092700000000000e+07
2.016092800000000000e+07
2.016092900000000000e+07
2.016093000000000000e+07
2.016100100000000000e+07
2.016100200000000000e+07
2.016100300000000000e+07
2.016100400000000000e+07
2.016100500000000000e+07
2.016100600000000000e+07
2.016100700000000000e+07
2.016100800000000000e+07
2.016100900000000000e+07
2.016101000000000000e+07
2.016101100000000000e+07
2.016101200000000000e+07
2.016101300000000000e+07
2.016101400000000000e+07
2.016101500000000000e+07
2.016101600000000000e+07
2.016101700000000000e+07
2.016101800000000000e+07
2.016101900000000000e+07
2.016102000000000000e+07
2.016102100000000000e+07
2.016102200000000000e+07
2.016102300000000000e+07
2.016102400000000000e+07
2.016102500000000000e+07
2.016102600000000000e+07
2.016102700000000000e+07
2.016102800000000000e+07
2.016102900000000000e+07
2.016103000000000000e+07
2.016103100000000000e+07
2.016110100000000000e+07
2.016110200000000000e+07
2.016110300000000000e+07
2.016110400000000000e+07
2.016110500000000000e+07
2.016110600000000000e+07
2.016110700000000000e+07
2.016110800000000000e+07
2.016110900000000000e+07
2.016111000000000000e+07
2.016111100000000000e+07
2.016111200000000000e+07
2.016111300000000000e+07
2.016111400000000000e+07
2.016111500000000000e+07
2.016111600000000000e+07
2.016111700000000000e+07
2.016111800000000000e+07
2.016111900000000000e+07
2.016112000000000000e+07
2.016112100000000000e+07
2.016112200000000000e+07
2.016112300000000000e+07
2.016112400000000000e+07
2.016112500000000000e+07
2.016112600000000000e+07
2.016112700000000000e+07
2.016112800000000000e+07
2.016112900000000000e+07
2.016113000000000000e+07
2.016120100000000000e+07
2.016120200000000000e+07
2.016120300000000000e+07
2.016120400000000000e+07
2.016120500000000000e+07
2.016120600000000000e+07
2.016120700000000000e+07
2.016120800000000000e+07
2.016120900000000000e+07
2.016121000000000000e+07
2.016121100000000000e+07
2.016121200000000000e+07
2.016121300000000000e+07
2.016121400000000000e+07
2.016121500000000000e+07
2.016121600000000000e+07
2.016121700000000000e+07
2.016121800000000000e+07
2.016121900000000000e+07
2.016122000000000000e+07
2.016122100000000000e+07
2.016122200000000000e+07
2.016122300000000000e+07
2.016122400000000000e+07
2.016122500000000000e+07
2.016122600000000000e+07
2.016122700000000000e+07
2.016122800000000000e+07
2.016122900000000000e+07
2.016123000000000000e+07
2.016123100000000000e+07
