0.000000000000000000e+00
0.000000000000000000e+00
5.410000000000000000e+02
2.790000000000000000e+02
1.233000000000000000e+03
3.960000000000000000e+02
3.240000000000000000e+02
0.000000000000000000e+00
6.490000000000000000e+02
3.540000000000000000e+02
4.830000000000000000e+02
3.820000000000000000e+02
7.450000000000000000e+02
1.100000000000000000e+02
0.000000000000000000e+00
1.125000000000000000e+03
3.870000000000000000e+02
5.800000000000000000e+01
6.320000000000000000e+02
6.470000000000000000e+02
7.500000000000000000e+01
0.000000000000000000e+00
9.970000000000000000e+02
5.312000000000000000e+03
0.000000000000000000e+00
0.000000000000000000e+00
0.000000000000000000e+00
0.000000000000000000e+00
0.000000000000000000e+00
0.000000000000000000e+00
0.000000000000000000e+00
2.440000000000000000e+02
4.590000000000000000e+02
1.529000000000000000e+03
1.249000000000000000e+03
0.000000000000000000e+00
4.646000000000000000e+03
8.399000000000000000e+03
7.279000000000000000e+03
4.327000000000000000e+03
3.062000000000000000e+03
6.200000000000000000e+02
0.000000000000000000e+00
5.800000000000000000e+02
9.100000000000000000e+01
6.250000000000000000e+02
4.200000000000000000e+02
4.080000000000000000e+02
9.400000000000000000e+01
0.000000000000000000e+00
3.970000000000000000e+02
8.100000000000000000e+01
3.590000000000000000e+02
4.150000000000000000e+02
4.090000000000000000e+02
6.100000000000000000e+01
0.000000000000000000e+00
6.220000000000000000e+02
8.800000000000000000e+01
3.850000000000000000e+02
1.040000000000000000e+02
4.420000000000000000e+02
3.700000000000000000e+01
0.000000000000000000e+00
4.660000000000000000e+02
4.394000000000000000e+03
4.660000000000000000e+02
6.200000000000000000e+01
4.530000000000000000e+02
3.200000000000000000e+01
0.000000000000000000e+00
4.690000000000000000e+02
2.110000000000000000e+02
5.563000000000000000e+03
5.800000000000000000e+01
4.806000000000000000e+03
1.240000000000000000e+02
0.000000000000000000e+00
6.800000000000000000e+01
4.690000000000000000e+03
4.590000000000000000e+02
3.280000000000000000e+02
4.866000000000000000e+03
4.000000000000000000e+01
0.000000000000000000e+00
3.780000000000000000e+02
4.994000000000000000e+03
4.120000000000000000e+02
3.980000000000000000e+02
4.150000000000000000e+02
6.100000000000000000e+01
0.000000000000000000e+00
3.980000000000000000e+02
5.099000000000000000e+03
5.740000000000000000e+02
4.100000000000000000e+01
4.667000000000000000e+03
4.800000000000000000e+01
0.000000000000000000e+00
4.007000000000000000e+03
1.290000000000000000e+02
1.932000000000000000e+03
3.800000000000000000e+01
3.740000000000000000e+02
6.700000000000000000e+01
0.000000000000000000e+00
1.618000000000000000e+03
5.500000000000000000e+01
8.700000000000000000e+03
6.700000000000000000e+01
1.250000000000000000e+02
3.060000000000000000e+03
0.000000000000000000e+00
1.130000000000000000e+02
8.000000000000000000e+02
6.700000000000000000e+01
4.400000000000000000e+02
3.600000000000000000e+02
1.180000000000000000e+02
0.000000000000000000e+00
4.010000000000000000e+02
3.820000000000000000e+02
6.400000000000000000e+01
5.710000000000000000e+02
6.200000000000000000e+01
1.690000000000000000e+02
0.000000000000000000e+00
7.980000000000000000e+02
7.090000000000000000e+02
1.061000000000000000e+03
6.750000000000000000e+02
1.185000000000000000e+03
5.360000000000000000e+02
0.000000000000000000e+00
4.640000000000000000e+02
1.968000000000000000e+03
2.220000000000000000e+02
6.260000000000000000e+02
2.720000000000000000e+02
8.350000000000000000e+02
0.000000000000000000e+00
5.600000000000000000e+02
5.980000000000000000e+02
7.250000000000000000e+02
6.090000000000000000e+02
1.312000000000000000e+03
1.003000000000000000e+03
0.000000000000000000e+00
1.930000000000000000e+03
1.790000000000000000e+03
1.050000000000000000e+03
1.225000000000000000e+03
1.442000000000000000e+03
9.450000000000000000e+02
0.000000000000000000e+00
1.548000000000000000e+03
1.878000000000000000e+03
2.228000000000000000e+03
2.338000000000000000e+03
2.911000000000000000e+03
4.634000000000000000e+03
0.000000000000000000e+00
6.540000000000000000e+03
4.799000000000000000e+03
4.298000000000000000e+03
4.493000000000000000e+03
5.755000000000000000e+03
6.493000000000000000e+03
0.000000000000000000e+00
1.080000000000000000e+04
1.265200000000000000e+04
1.728400000000000000e+04
1.145300000000000000e+04
1.119200000000000000e+04
1.354500000000000000e+04
0.000000000000000000e+00
1.306900000000000000e+04
1.779900000000000000e+04
1.181800000000000000e+04
1.123500000000000000e+04
1.295200000000000000e+04
1.413000000000000000e+04
0.000000000000000000e+00
1.889700000000000000e+04
1.666400000000000000e+04
1.162000000000000000e+04
1.535600000000000000e+04
1.671800000000000000e+04
1.126500000000000000e+04
0.000000000000000000e+00
1.059300000000000000e+04
9.348000000000000000e+03
8.194000000000000000e+03
1.050000000000000000e+04
7.774000000000000000e+03
6.569000000000000000e+03
0.000000000000000000e+00
5.556000000000000000e+03
3.877000000000000000e+03
3.550000000000000000e+03
3.815000000000000000e+03
2.406000000000000000e+03
1.749000000000000000e+03
0.000000000000000000e+00
2.500000000000000000e+03
9.480000000000000000e+02
8.670000000000000000e+02
6.820000000000000000e+02
6.910000000000000000e+02
6.250000000000000000e+02
0.000000000000000000e+00
9.740000000000000000e+02
6.920000000000000000e+02
6.100000000000000000e+02
4.460000000000000000e+02
1.013000000000000000e+03
6.680000000000000000e+02
0.000000000000000000e+00
7.980000000000000000e+02
6.480000000000000000e+02
1.211000000000000000e+03
1.083000000000000000e+03
6.320000000000000000e+02
3.830000000000000000e+02
0.000000000000000000e+00
7.430000000000000000e+02
5.990000000000000000e+02
6.140000000000000000e+02
1.144000000000000000e+03
5.490000000000000000e+02
6.910000000000000000e+02
0.000000000000000000e+00
1.044000000000000000e+03
1.571000000000000000e+03
4.160000000000000000e+02
3.980000000000000000e+02
7.950000000000000000e+02
4.870000000000000000e+02
0.000000000000000000e+00
1.575000000000000000e+03
1.217000000000000000e+03
1.226000000000000000e+03
1.172000000000000000e+03
2.077000000000000000e+03
2.274000000000000000e+03
0.000000000000000000e+00
1.689000000000000000e+03
2.279000000000000000e+03
1.587000000000000000e+03
2.016000000000000000e+03
1.675000000000000000e+03
2.704000000000000000e+03
0.000000000000000000e+00
2.285000000000000000e+03
2.063000000000000000e+03
1.809000000000000000e+03
2.104000000000000000e+03
2.062000000000000000e+03
1.810000000000000000e+03
0.000000000000000000e+00
3.370000000000000000e+03
2.416000000000000000e+03
3.348000000000000000e+03
3.406000000000000000e+03
3.061000000000000000e+03
2.890000000000000000e+03
0.000000000000000000e+00
3.728000000000000000e+03
4.457000000000000000e+03
3.456000000000000000e+03
5.567000000000000000e+03
6.509000000000000000e+03
8.469000000000000000e+03
5.600000000000000000e+01
9.489000000000000000e+03
1.777000000000000000e+03
0.000000000000000000e+00
0.000000000000000000e+00
0.000000000000000000e+00
1.166000000000000000e+03
0.000000000000000000e+00
8.063000000000000000e+03
8.357000000000000000e+03
1.027800000000000000e+04
6.669000000000000000e+03
7.617000000000000000e+03
6.531000000000000000e+03
0.000000000000000000e+00
8.143000000000000000e+03
3.251000000000000000e+03
6.999000000000000000e+03
2.460000000000000000e+03
4.605000000000000000e+03
3.232000000000000000e+03
0.000000000000000000e+00
9.584000000000000000e+03
4.026000000000000000e+03
6.518000000000000000e+03
3.906000000000000000e+03
5.360000000000000000e+03
3.694000000000000000e+03
0.000000000000000000e+00
6.591000000000000000e+03
3.260000000000000000e+03
4.046000000000000000e+03
2.420000000000000000e+03
2.458000000000000000e+03
9.240000000000000000e+02
0.000000000000000000e+00
1.020000000000000000e+03
1.590000000000000000e+03
1.911000000000000000e+03
1.894000000000000000e+03
1.227000000000000000e+03
4.270000000000000000e+02
0.000000000000000000e+00
7.970000000000000000e+02
6.090000000000000000e+02
3.820000000000000000e+02
6.080000000000000000e+02
1.322000000000000000e+03
6.250000000000000000e+02
0.000000000000000000e+00
4.220000000000000000e+02
1.130000000000000000e+03
1.503000000000000000e+03
5.140000000000000000e+02
6.900000000000000000e+02
3.790000000000000000e+02
0.000000000000000000e+00
7.450000000000000000e+02
6.840000000000000000e+02
3.960000000000000000e+02
8.790000000000000000e+02
1.674000000000000000e+03
3.820000000000000000e+02
0.000000000000000000e+00
3.150000000000000000e+02
7.890000000000000000e+02
3.470000000000000000e+02
6.860000000000000000e+02
7.590000000000000000e+02
4.310000000000000000e+02
0.000000000000000000e+00
1.400000000000000000e+03
5.480000000000000000e+02
5.300000000000000000e+01
9.030000000000000000e+02
5.460000000000000000e+02
8.940000000000000000e+02
0.000000000000000000e+00
1.864000000000000000e+03
6.330000000000000000e+02
4.440000000000000000e+02
5.550000000000000000e+02
5.380000000000000000e+02
2.700000000000000000e+02
0.000000000000000000e+00
8.100000000000000000e+01
6.640000000000000000e+02
7.500000000000000000e+02
3.630000000000000000e+02
4.200000000000000000e+02
2.610000000000000000e+02
0.000000000000000000e+00
0.000000000000000000e+00
1.800000000000000000e+01
3.850000000000000000e+02
4.160000000000000000e+02
3.010000000000000000e+02
2.260000000000000000e+02
0.000000000000000000e+00
6.260000000000000000e+02
1.010000000000000000e+02
1.670000000000000000e+02
3.520000000000000000e+02
3.920000000000000000e+02
8.200000000000000000e+01
0.000000000000000000e+00
4.240000000000000000e+02
5.170000000000000000e+02
4.020000000000000000e+02
4.290000000000000000e+02
3.700000000000000000e+02
6.400000000000000000e+01
0.000000000000000000e+00
1.231000000000000000e+03
5.310000000000000000e+02
3.620000000000000000e+02
5.200000000000000000e+01
4.120000000000000000e+02
4.380000000000000000e+02
0.000000000000000000e+00
8.820000000000000000e+02
3.790000000000000000e+02
3.160000000000000000e+02
3.940000000000000000e+02
4.970000000000000000e+02
1.780000000000000000e+02
0.000000000000000000e+00
6.530000000000000000e+02
5.320000000000000000e+02
2.900000000000000000e+02
2.040000000000000000e+02
5.100000000000000000e+02
8.800000000000000000e+01
0.000000000000000000e+00
4.930000000000000000e+02
4.670000000000000000e+02
7.600000000000000000e+01
2.000000000000000000e+01
0.000000000000000000e+00
0.000000000000000000e+00
0.000000000000000000e+00
1.870000000000000000e+02
6.870000000000000000e+02
6.660000000000000000e+02
1.160000000000000000e+03
2.167000000000000000e+03
1.862000000000000000e+03
0.000000000000000000e+00
3.717000000000000000e+03
4.877000000000000000e+03
4.403000000000000000e+03
2.453000000000000000e+03
3.012000000000000000e+03
5.600000000000000000e+01
0.000000000000000000e+00
7.740000000000000000e+02
2.800000000000000000e+01
4.840000000000000000e+02
2.300000000000000000e+01
3.780000000000000000e+02
3.500000000000000000e+01
0.000000000000000000e+00
6.510000000000000000e+02
3.260000000000000000e+02
2.410000000000000000e+02
4.650000000000000000e+02
3.590000000000000000e+02
8.200000000000000000e+01
0.000000000000000000e+00
3.870000000000000000e+02
3.250000000000000000e+02
4.930000000000000000e+02
2.470000000000000000e+02
3.590000000000000000e+02
5.000000000000000000e+01
0.000000000000000000e+00
4.120000000000000000e+02
4.240000000000000000e+02
3.580000000000000000e+02
3.100000000000000000e+02
3.920000000000000000e+02
2.600000000000000000e+01
0.000000000000000000e+00
3.440000000000000000e+02
3.870000000000000000e+02
8.100000000000000000e+01
3.620000000000000000e+02
4.600000000000000000e+01
1.460000000000000000e+02
0.000000000000000000e+00
3.670000000000000000e+02
1.300000000000000000e+02
3.580000000000000000e+02
5.500000000000000000e+01
3.600000000000000000e+01
5.400000000000000000e+01
0.000000000000000000e+00
1.930000000000000000e+02
8.200000000000000000e+01
8.200000000000000000e+01
1.150000000000000000e+02
8.600000000000000000e+01
1.170000000000000000e+02
0.000000000000000000e+00
4.670000000000000000e+02
1.000000000000000000e+02
3.620000000000000000e+02
5.820000000000000000e+02
1.210000000000000000e+02
8.500000000000000000e+01
0.000000000000000000e+00
6.370000000000000000e+02
3.320000000000000000e+02
6.200000000000000000e+01
3.820000000000000000e+02
6.030000000000000000e+02
7.700000000000000000e+01
0.000000000000000000e+00
1.040000000000000000e+02
6.890000000000000000e+02
3.960000000000000000e+02
5.910000000000000000e+02
1.220000000000000000e+02
5.280000000000000000e+02
0.000000000000000000e+00
7.490000000000000000e+02
6.220000000000000000e+02
9.630000000000000000e+02
8.010000000000000000e+02
4.420000000000000000e+02
3.430000000000000000e+02
0.000000000000000000e+00
1.067000000000000000e+03
3.030000000000000000e+02
7.800000000000000000e+02
8.110000000000000000e+02
8.660000000000000000e+02
5.390000000000000000e+02
0.000000000000000000e+00
1.659000000000000000e+03
1.316000000000000000e+03
1.792000000000000000e+03
7.460000000000000000e+02
1.700000000000000000e+03
7.830000000000000000e+02
0.000000000000000000e+00
2.389000000000000000e+03
2.827000000000000000e+03
1.707000000000000000e+03
2.704000000000000000e+03
2.227000000000000000e+03
2.449000000000000000e+03
0.000000000000000000e+00
5.016000000000000000e+03
3.846000000000000000e+03
4.238000000000000000e+03
4.175000000000000000e+03
5.925000000000000000e+03
5.672000000000000000e+03
0.000000000000000000e+00
1.404600000000000000e+04
9.387000000000000000e+03
1.277900000000000000e+04
1.002800000000000000e+04
1.176000000000000000e+04
1.491200000000000000e+04
0.000000000000000000e+00
2.540700000000000000e+04
2.023000000000000000e+04
1.423300000000000000e+04
8.567000000000000000e+03
1.575100000000000000e+04
1.829300000000000000e+04
0.000000000000000000e+00
2.143300000000000000e+04
1.470300000000000000e+04
1.395700000000000000e+04
1.555500000000000000e+04
1.870200000000000000e+04
1.758200000000000000e+04
0.000000000000000000e+00
2.047600000000000000e+04
1.217600000000000000e+04
8.193000000000000000e+03
9.680000000000000000e+03
9.292000000000000000e+03
9.090000000000000000e+03
0.000000000000000000e+00
1.026500000000000000e+04
7.640000000000000000e+03
4.594000000000000000e+03
4.587000000000000000e+03
5.004000000000000000e+03
3.210000000000000000e+03
0.000000000000000000e+00
3.479000000000000000e+03
3.008000000000000000e+03
2.238000000000000000e+03
2.295000000000000000e+03
1.871000000000000000e+03
1.028000000000000000e+03
0.000000000000000000e+00
1.472000000000000000e+03
1.069000000000000000e+03
6.640000000000000000e+02
5.050000000000000000e+02
6.070000000000000000e+02
2.510000000000000000e+02
0.000000000000000000e+00
1.294000000000000000e+03
1.967000000000000000e+03
5.180000000000000000e+02
9.860000000000000000e+02
1.167000000000000000e+03
7.040000000000000000e+02
0.000000000000000000e+00
1.532000000000000000e+03
1.158000000000000000e+03
1.405000000000000000e+03
9.420000000000000000e+02
8.630000000000000000e+02
0.000000000000000000e+00
0.000000000000000000e+00
7.400000000000000000e+02
6.420000000000000000e+02
1.312000000000000000e+03
9.770000000000000000e+02
4.090000000000000000e+02
5.530000000000000000e+02
0.000000000000000000e+00
1.987000000000000000e+03
8.110000000000000000e+02
2.201000000000000000e+03
1.921000000000000000e+03
1.650000000000000000e+03
2.464000000000000000e+03
0.000000000000000000e+00
6.379000000000000000e+03
2.657000000000000000e+03
4.085000000000000000e+03
2.778000000000000000e+03
3.158000000000000000e+03
2.010000000000000000e+03
0.000000000000000000e+00
3.604000000000000000e+03
3.072000000000000000e+03
2.292000000000000000e+03
2.530000000000000000e+03
3.190000000000000000e+03
3.345000000000000000e+03
0.000000000000000000e+00
4.436000000000000000e+03
6.797000000000000000e+03
4.961000000000000000e+03
6.004000000000000000e+03
4.089000000000000000e+03
2.403000000000000000e+03
0.000000000000000000e+00
0.000000000000000000e+00
0.000000000000000000e+00
0.000000000000000000e+00
8.280000000000000000e+02
7.120000000000000000e+02
1.428000000000000000e+03
0.000000000000000000e+00
2.873000000000000000e+03
1.951000000000000000e+03
1.602000000000000000e+03
1.537000000000000000e+03
1.367000000000000000e+03
6.990000000000000000e+02
0.000000000000000000e+00
2.523000000000000000e+03
1.030000000000000000e+03
2.301000000000000000e+03
1.335000000000000000e+03
3.964000000000000000e+03
2.107000000000000000e+03
0.000000000000000000e+00
5.246000000000000000e+03
1.658000000000000000e+03
3.129000000000000000e+03
9.610000000000000000e+02
4.631000000000000000e+03
1.489000000000000000e+03
0.000000000000000000e+00
7.714000000000000000e+03
1.938000000000000000e+03
6.933000000000000000e+03
2.877000000000000000e+03
7.428000000000000000e+03
1.399000000000000000e+03
0.000000000000000000e+00
1.106800000000000000e+04
2.649000000000000000e+03
7.508000000000000000e+03
1.855000000000000000e+03
6.906000000000000000e+03
2.264000000000000000e+03
0.000000000000000000e+00
8.025000000000000000e+03
2.428000000000000000e+03
2.981000000000000000e+03
1.520000000000000000e+03
1.719000000000000000e+03
2.174000000000000000e+03
0.000000000000000000e+00
2.987000000000000000e+03
2.269000000000000000e+03
1.600000000000000000e+03
1.968000000000000000e+03
2.059000000000000000e+03
1.230000000000000000e+03
0.000000000000000000e+00
1.796000000000000000e+03
1.536000000000000000e+03
1.460000000000000000e+03
1.853000000000000000e+03
2.153000000000000000e+03
1.138000000000000000e+03
0.000000000000000000e+00
1.880000000000000000e+03
1.490000000000000000e+03
1.149000000000000000e+03
1.264000000000000000e+03
1.035000000000000000e+03
5.870000000000000000e+02
0.000000000000000000e+00
1.203000000000000000e+03
8.600000000000000000e+02
7.010000000000000000e+02
1.298000000000000000e+03
5.700000000000000000e+02
2.680000000000000000e+02
0.000000000000000000e+00
8.560000000000000000e+02
8.360000000000000000e+02
3.630000000000000000e+02
1.197000000000000000e+03
6.300000000000000000e+02
3.280000000000000000e+02
0.000000000000000000e+00
9.610000000000000000e+02
5.640000000000000000e+02
7.490000000000000000e+02
9.580000000000000000e+02
7.100000000000000000e+02
8.660000000000000000e+02
0.000000000000000000e+00
5.490000000000000000e+02
4.280000000000000000e+02
5.840000000000000000e+02
8.310000000000000000e+02
4.970000000000000000e+02
5.300000000000000000e+01
0.000000000000000000e+00
3.850000000000000000e+02
0.000000000000000000e+00
0.000000000000000000e+00
5.190000000000000000e+02
4.780000000000000000e+02
1.760000000000000000e+02
0.000000000000000000e+00
4.810000000000000000e+02
1.206000000000000000e+03
7.140000000000000000e+02
5.640000000000000000e+02
6.540000000000000000e+02
1.960000000000000000e+02
0.000000000000000000e+00
1.095000000000000000e+03
7.090000000000000000e+02
5.360000000000000000e+02
1.178000000000000000e+03
6.130000000000000000e+02
1.050000000000000000e+02
0.000000000000000000e+00
6.940000000000000000e+02
4.030000000000000000e+02
1.442000000000000000e+03
4.830000000000000000e+02
4.260000000000000000e+02
1.030000000000000000e+02
0.000000000000000000e+00
8.230000000000000000e+02
1.229000000000000000e+03
6.050000000000000000e+02
5.520000000000000000e+02
1.590000000000000000e+02
1.100000000000000000e+01
0.000000000000000000e+00
3.000000000000000000e+01
0.000000000000000000e+00
0.000000000000000000e+00
0.000000000000000000e+00
6.620000000000000000e+02
1.380000000000000000e+02
0.000000000000000000e+00
1.205000000000000000e+03
1.332000000000000000e+03
2.175000000000000000e+03
3.571000000000000000e+03
3.219000000000000000e+03
3.219000000000000000e+03
0.000000000000000000e+00
2.982000000000000000e+03
7.400000000000000000e+02
2.380000000000000000e+02
9.550000000000000000e+02
3.510000000000000000e+02
3.660000000000000000e+02
0.000000000000000000e+00
4.570000000000000000e+02
4.930000000000000000e+02
7.910000000000000000e+02
6.100000000000000000e+02
7.200000000000000000e+01
7.400000000000000000e+01
0.000000000000000000e+00
5.680000000000000000e+02
5.620000000000000000e+02
1.274000000000000000e+03
4.470000000000000000e+02
9.400000000000000000e+02
8.490000000000000000e+02
0.000000000000000000e+00
4.730000000000000000e+02
4.900000000000000000e+02
2.001000000000000000e+03
8.340000000000000000e+02
4.060000000000000000e+02
8.200000000000000000e+02
0.000000000000000000e+00
3.870000000000000000e+02
6.610000000000000000e+02
4.000000000000000000e+02
3.830000000000000000e+02
9.280000000000000000e+02
4.400000000000000000e+02
0.000000000000000000e+00
4.130000000000000000e+02
4.100000000000000000e+02
4.230000000000000000e+02
3.870000000000000000e+02
6.330000000000000000e+02
5.000000000000000000e+01
0.000000000000000000e+00
4.560000000000000000e+02
5.260000000000000000e+02
4.110000000000000000e+02
4.140000000000000000e+02
4.160000000000000000e+02
2.900000000000000000e+01
0.000000000000000000e+00
4.200000000000000000e+02
3.870000000000000000e+02
4.030000000000000000e+02
7.700000000000000000e+01
4.860000000000000000e+02
3.300000000000000000e+01
0.000000000000000000e+00
4.680000000000000000e+02
6.320000000000000000e+02
5.400000000000000000e+02
4.460000000000000000e+02
3.820000000000000000e+02
4.700000000000000000e+01
0.000000000000000000e+00
1.280000000000000000e+02
8.120000000000000000e+02
4.820000000000000000e+02
5.000000000000000000e+02
4.230000000000000000e+02
1.820000000000000000e+02
0.000000000000000000e+00
7.730000000000000000e+02
4.470000000000000000e+02
6.020000000000000000e+02
2.300000000000000000e+02
7.340000000000000000e+02
3.170000000000000000e+02
0.000000000000000000e+00
1.980000000000000000e+02
7.380000000000000000e+02
5.000000000000000000e+02
5.110000000000000000e+02
6.150000000000000000e+02
2.460000000000000000e+02
0.000000000000000000e+00
7.980000000000000000e+02
7.610000000000000000e+02
1.039000000000000000e+03
4.480000000000000000e+02
1.185000000000000000e+03
1.460000000000000000e+02
0.000000000000000000e+00
1.690000000000000000e+02
5.590000000000000000e+02
1.044000000000000000e+03
8.670000000000000000e+02
7.090000000000000000e+02
1.075000000000000000e+03
0.000000000000000000e+00
1.187000000000000000e+03
1.000000000000000000e+03
1.123000000000000000e+03
1.133000000000000000e+03
2.224000000000000000e+03
1.445000000000000000e+03
0.000000000000000000e+00
2.319000000000000000e+03
2.163000000000000000e+03
1.483000000000000000e+03
1.908000000000000000e+03
1.873000000000000000e+03
2.197000000000000000e+03
0.000000000000000000e+00
2.932000000000000000e+03
3.309000000000000000e+03
2.707000000000000000e+03
3.916000000000000000e+03
4.368000000000000000e+03
7.175000000000000000e+03
0.000000000000000000e+00
1.021800000000000000e+04
1.023200000000000000e+04
8.894000000000000000e+03
1.022600000000000000e+04
9.639000000000000000e+03
9.684000000000000000e+03
0.000000000000000000e+00
1.581000000000000000e+04
1.024700000000000000e+04
9.334000000000000000e+03
1.168700000000000000e+04
9.561000000000000000e+03
1.311200000000000000e+04
0.000000000000000000e+00
1.610800000000000000e+04
2.264200000000000000e+04
1.239900000000000000e+04
1.486300000000000000e+04
1.661200000000000000e+04
1.712800000000000000e+04
0.000000000000000000e+00
2.191700000000000000e+04
2.016900000000000000e+04
2.161100000000000000e+04
1.208400000000000000e+04
7.019000000000000000e+03
8.510000000000000000e+03
0.000000000000000000e+00
1.889900000000000000e+04
1.101200000000000000e+04
1.143700000000000000e+04
8.412000000000000000e+03
9.832000000000000000e+03
7.375000000000000000e+03
0.000000000000000000e+00
5.261000000000000000e+03
6.891000000000000000e+03
6.545000000000000000e+03
5.594000000000000000e+03
6.372000000000000000e+03
2.132000000000000000e+03
0.000000000000000000e+00
3.490000000000000000e+03
2.099000000000000000e+03
1.534000000000000000e+03
1.220000000000000000e+03
1.057000000000000000e+03
2.900000000000000000e+02
0.000000000000000000e+00
1.341000000000000000e+03
9.740000000000000000e+02
6.280000000000000000e+02
3.180000000000000000e+02
3.690000000000000000e+02
4.040000000000000000e+02
0.000000000000000000e+00
8.090000000000000000e+02
6.490000000000000000e+02
5.070000000000000000e+02
3.830000000000000000e+02
1.533000000000000000e+03
6.950000000000000000e+02
0.000000000000000000e+00
1.058000000000000000e+03
1.634000000000000000e+03
8.760000000000000000e+02
7.270000000000000000e+02
1.114000000000000000e+03
1.204000000000000000e+03
0.000000000000000000e+00
2.412000000000000000e+03
1.186000000000000000e+03
1.896000000000000000e+03
1.818000000000000000e+03
2.615000000000000000e+03
2.629000000000000000e+03
0.000000000000000000e+00
2.967000000000000000e+03
3.100000000000000000e+03
3.004000000000000000e+03
3.606000000000000000e+03
3.166000000000000000e+03
4.205000000000000000e+03
0.000000000000000000e+00
6.428000000000000000e+03
6.856000000000000000e+03
4.293000000000000000e+03
1.021000000000000000e+03
0.000000000000000000e+00
0.000000000000000000e+00
0.000000000000000000e+00
8.190000000000000000e+02
2.331000000000000000e+03
1.789000000000000000e+03
2.558000000000000000e+03
1.329000000000000000e+03
1.181000000000000000e+03
0.000000000000000000e+00
1.283000000000000000e+03
6.420000000000000000e+02
1.690000000000000000e+03
2.474000000000000000e+03
2.168000000000000000e+03
1.602000000000000000e+03
0.000000000000000000e+00
6.815000000000000000e+03
4.442000000000000000e+03
7.480000000000000000e+03
2.994000000000000000e+03
5.371000000000000000e+03
6.404000000000000000e+03
0.000000000000000000e+00
1.351100000000000000e+04
5.495000000000000000e+03
9.742000000000000000e+03
6.799000000000000000e+03
1.152600000000000000e+04
7.200000000000000000e+03
0.000000000000000000e+00
1.325200000000000000e+04
5.862000000000000000e+03
6.427000000000000000e+03
8.440000000000000000e+03
7.050000000000000000e+03
8.183000000000000000e+03
0.000000000000000000e+00
8.732000000000000000e+03
8.987000000000000000e+03
5.664000000000000000e+03
6.107000000000000000e+03
5.440000000000000000e+03
5.227000000000000000e+03
0.000000000000000000e+00
5.619000000000000000e+03
4.791000000000000000e+03
2.760000000000000000e+03
3.138000000000000000e+03
1.965000000000000000e+03
2.549000000000000000e+03
0.000000000000000000e+00
2.390000000000000000e+03
1.213000000000000000e+03
1.547000000000000000e+03
1.522000000000000000e+03
1.619000000000000000e+03
1.041000000000000000e+03
0.000000000000000000e+00
1.357000000000000000e+03
1.720000000000000000e+03
1.036000000000000000e+03
1.134000000000000000e+03
1.708000000000000000e+03
1.132000000000000000e+03
0.000000000000000000e+00
1.037000000000000000e+03
1.068000000000000000e+03
1.024000000000000000e+03
1.138000000000000000e+03
1.339000000000000000e+03
8.080000000000000000e+02
0.000000000000000000e+00
1.021000000000000000e+03
1.566000000000000000e+03
1.394000000000000000e+03
1.409000000000000000e+03
1.428000000000000000e+03
1.388000000000000000e+03
0.000000000000000000e+00
2.280000000000000000e+03
1.632000000000000000e+03
1.935000000000000000e+03
1.357000000000000000e+03
1.740000000000000000e+03
1.825000000000000000e+03
0.000000000000000000e+00
2.562000000000000000e+03
2.307000000000000000e+03
1.635000000000000000e+03
2.046000000000000000e+03
1.729000000000000000e+03
1.870000000000000000e+03
0.000000000000000000e+00
2.349000000000000000e+03
3.121000000000000000e+03
1.260000000000000000e+03
3.006000000000000000e+03
3.415000000000000000e+03
1.437000000000000000e+03
0.000000000000000000e+00
2.266000000000000000e+03
1.931000000000000000e+03
8.240000000000000000e+02
1.108000000000000000e+03
8.760000000000000000e+02
1.056000000000000000e+03
0.000000000000000000e+00
1.462000000000000000e+03
8.230000000000000000e+02
0.000000000000000000e+00
7.000000000000000000e+01
1.320000000000000000e+03
4.760000000000000000e+02
0.000000000000000000e+00
1.119000000000000000e+03
6.240000000000000000e+02
7.590000000000000000e+02
1.501000000000000000e+03
1.786000000000000000e+03
8.320000000000000000e+02
0.000000000000000000e+00
2.723000000000000000e+03
2.338000000000000000e+03
1.758000000000000000e+03
9.150000000000000000e+02
1.445000000000000000e+03
3.780000000000000000e+02
0.000000000000000000e+00
1.406000000000000000e+03
1.100000000000000000e+03
2.720000000000000000e+02
1.210000000000000000e+02
0.000000000000000000e+00
0.000000000000000000e+00
0.000000000000000000e+00
0.000000000000000000e+00
4.890000000000000000e+02
5.010000000000000000e+02
3.299000000000000000e+03
3.380000000000000000e+03
3.031000000000000000e+03
0.000000000000000000e+00
4.792000000000000000e+03
4.753000000000000000e+03
6.314000000000000000e+03
5.691000000000000000e+03
3.973000000000000000e+03
9.320000000000000000e+02
0.000000000000000000e+00
6.310000000000000000e+02
9.830000000000000000e+02
1.770000000000000000e+02
3.840000000000000000e+02
1.500000000000000000e+02
1.390000000000000000e+02
0.000000000000000000e+00
6.320000000000000000e+02
1.960000000000000000e+02
1.310000000000000000e+02
3.880000000000000000e+02
1.576000000000000000e+03
1.010000000000000000e+02
0.000000000000000000e+00
3.180000000000000000e+02
1.030000000000000000e+02
6.660000000000000000e+02
2.770000000000000000e+02
5.530000000000000000e+02
3.240000000000000000e+02
0.000000000000000000e+00
5.320000000000000000e+02
1.960000000000000000e+02
5.940000000000000000e+02
3.460000000000000000e+02
6.460000000000000000e+02
3.940000000000000000e+02
0.000000000000000000e+00
5.510000000000000000e+02
2.230000000000000000e+02
6.070000000000000000e+02
1.200000000000000000e+01
8.760000000000000000e+02
2.200000000000000000e+01
0.000000000000000000e+00
8.410000000000000000e+02
1.430000000000000000e+02
6.790000000000000000e+02
6.200000000000000000e+01
6.020000000000000000e+02
1.300000000000000000e+03
0.000000000000000000e+00
7.270000000000000000e+02
1.090000000000000000e+02
5.400000000000000000e+02
2.940000000000000000e+02
5.170000000000000000e+02
6.730000000000000000e+02
0.000000000000000000e+00
1.430000000000000000e+03
2.110000000000000000e+02
5.410000000000000000e+02
7.900000000000000000e+01
6.990000000000000000e+02
1.870000000000000000e+02
0.000000000000000000e+00
8.560000000000000000e+02
1.500000000000000000e+02
6.910000000000000000e+02
1.600000000000000000e+02
1.094000000000000000e+03
8.000000000000000000e+00
0.000000000000000000e+00
1.242000000000000000e+03
2.700000000000000000e+01
1.042000000000000000e+03
5.160000000000000000e+02
6.760000000000000000e+02
2.130000000000000000e+02
0.000000000000000000e+00
1.216000000000000000e+03
2.050000000000000000e+02
6.670000000000000000e+02
2.470000000000000000e+02
1.386000000000000000e+03
2.530000000000000000e+02
0.000000000000000000e+00
9.010000000000000000e+02
1.040000000000000000e+02
5.740000000000000000e+02
4.460000000000000000e+02
2.000000000000000000e+02
1.860000000000000000e+02
0.000000000000000000e+00
6.960000000000000000e+02
1.950000000000000000e+02
9.340000000000000000e+02
1.149000000000000000e+03
4.090000000000000000e+02
6.520000000000000000e+02
0.000000000000000000e+00
1.032000000000000000e+03
1.006000000000000000e+03
5.310000000000000000e+02
8.060000000000000000e+02
7.100000000000000000e+02
1.570000000000000000e+02
0.000000000000000000e+00
8.740000000000000000e+02
7.220000000000000000e+02
7.870000000000000000e+02
3.460000000000000000e+02
1.419000000000000000e+03
7.550000000000000000e+02
0.000000000000000000e+00
8.050000000000000000e+02
1.352000000000000000e+03
1.147000000000000000e+03
1.157000000000000000e+03
2.039000000000000000e+03
1.595000000000000000e+03
0.000000000000000000e+00
2.042000000000000000e+03
1.518000000000000000e+03
2.048000000000000000e+03
1.802000000000000000e+03
2.359000000000000000e+03
2.960000000000000000e+03
0.000000000000000000e+00
4.351000000000000000e+03
3.267000000000000000e+03
3.574000000000000000e+03
4.800000000000000000e+03
1.022800000000000000e+04
5.498000000000000000e+03
0.000000000000000000e+00
6.138000000000000000e+03
1.698400000000000000e+04
1.793400000000000000e+04
1.818800000000000000e+04
2.155300000000000000e+04
2.036400000000000000e+04
0.000000000000000000e+00
3.426900000000000000e+04
3.210100000000000000e+04
3.261700000000000000e+04
3.227200000000000000e+04
3.087200000000000000e+04
3.097700000000000000e+04
0.000000000000000000e+00
3.925000000000000000e+04
2.125600000000000000e+04
2.991700000000000000e+04
2.051100000000000000e+04
2.257200000000000000e+04
2.044100000000000000e+04
0.000000000000000000e+00
3.051600000000000000e+04
3.019300000000000000e+04
2.286900000000000000e+04
2.418500000000000000e+04
2.937200000000000000e+04
2.436800000000000000e+04
0.000000000000000000e+00
1.573000000000000000e+04
1.546800000000000000e+04
7.883000000000000000e+03
1.682000000000000000e+04
2.547000000000000000e+04
2.302200000000000000e+04
0.000000000000000000e+00
2.527700000000000000e+04
1.272600000000000000e+04
1.301500000000000000e+04
1.331400000000000000e+04
7.948000000000000000e+03
4.655000000000000000e+03
0.000000000000000000e+00
1.889400000000000000e+04
1.209600000000000000e+04
9.456000000000000000e+03
5.190000000000000000e+03
6.291000000000000000e+03
2.225000000000000000e+03
0.000000000000000000e+00
1.336600000000000000e+04
8.964000000000000000e+03
5.716000000000000000e+03
7.119000000000000000e+03
3.707000000000000000e+03
3.747000000000000000e+03
0.000000000000000000e+00
3.747000000000000000e+03
3.016000000000000000e+03
1.897000000000000000e+03
2.177000000000000000e+03
2.624000000000000000e+03
2.398000000000000000e+03
0.000000000000000000e+00
1.944000000000000000e+03
1.813000000000000000e+03
1.540000000000000000e+03
1.881000000000000000e+03
2.540000000000000000e+03
2.894000000000000000e+03
0.000000000000000000e+00
3.570000000000000000e+03
2.048000000000000000e+03
2.125000000000000000e+03
2.311000000000000000e+03
1.996000000000000000e+03
2.254000000000000000e+03
0.000000000000000000e+00
2.340000000000000000e+03
1.464000000000000000e+03
1.391000000000000000e+03
1.233000000000000000e+03
6.960000000000000000e+02
1.369000000000000000e+03
0.000000000000000000e+00
1.507000000000000000e+03
1.031000000000000000e+03
1.471000000000000000e+03
1.657000000000000000e+03
1.595000000000000000e+03
1.247000000000000000e+03
0.000000000000000000e+00
2.588000000000000000e+03
1.575000000000000000e+03
2.128000000000000000e+03
1.886000000000000000e+03
2.278000000000000000e+03
1.598000000000000000e+03
0.000000000000000000e+00
2.262000000000000000e+03
2.158000000000000000e+03
2.422000000000000000e+03
2.851000000000000000e+03
3.347000000000000000e+03
2.167000000000000000e+03
2.400000000000000000e+01
4.067000000000000000e+03
1.888000000000000000e+03
1.860000000000000000e+02
0.000000000000000000e+00
0.000000000000000000e+00
0.000000000000000000e+00
0.000000000000000000e+00
2.001000000000000000e+03
2.968000000000000000e+03
2.491000000000000000e+03
3.154000000000000000e+03
2.416000000000000000e+03
1.841000000000000000e+03
0.000000000000000000e+00
2.903000000000000000e+03
1.587000000000000000e+03
2.252000000000000000e+03
2.822000000000000000e+03
2.533000000000000000e+03
2.741000000000000000e+03
0.000000000000000000e+00
4.793000000000000000e+03
3.462000000000000000e+03
4.298000000000000000e+03
2.966000000000000000e+03
6.406000000000000000e+03
4.777000000000000000e+03
0.000000000000000000e+00
1.195200000000000000e+04
6.299000000000000000e+03
9.282000000000000000e+03
7.910000000000000000e+03
9.680000000000000000e+03
6.826000000000000000e+03
0.000000000000000000e+00
1.339800000000000000e+04
1.082400000000000000e+04
9.948000000000000000e+03
8.579000000000000000e+03
9.252000000000000000e+03
5.805000000000000000e+03
0.000000000000000000e+00
9.900000000000000000e+03
7.626000000000000000e+03
6.036000000000000000e+03
5.805000000000000000e+03
5.602000000000000000e+03
4.316000000000000000e+03
0.000000000000000000e+00
6.292000000000000000e+03
3.392000000000000000e+03
3.324000000000000000e+03
2.543000000000000000e+03
3.199000000000000000e+03
2.150000000000000000e+03
0.000000000000000000e+00
2.721000000000000000e+03
2.077000000000000000e+03
1.767000000000000000e+03
1.655000000000000000e+03
9.750000000000000000e+02
9.400000000000000000e+02
0.000000000000000000e+00
1.157000000000000000e+03
1.973000000000000000e+03
1.678000000000000000e+03
5.830000000000000000e+02
1.078000000000000000e+03
1.380000000000000000e+02
0.000000000000000000e+00
1.254000000000000000e+03
1.491000000000000000e+03
1.203000000000000000e+03
8.960000000000000000e+02
1.054000000000000000e+03
5.550000000000000000e+02
0.000000000000000000e+00
8.950000000000000000e+02
1.013000000000000000e+03
8.730000000000000000e+02
4.120000000000000000e+02
2.199000000000000000e+03
4.660000000000000000e+02
0.000000000000000000e+00
1.524000000000000000e+03
5.940000000000000000e+02
1.481000000000000000e+03
9.230000000000000000e+02
4.940000000000000000e+02
4.080000000000000000e+02
0.000000000000000000e+00
1.595000000000000000e+03
4.370000000000000000e+02
9.720000000000000000e+02
5.520000000000000000e+02
