0.000000000000000000e+00
9.488000000000000000e+04
6.171800000000000000e+05
6.929530000000000000e+05
7.618300000000000000e+05
7.264330000000000000e+05
4.555590000000000000e+05
0.000000000000000000e+00
7.645660000000000000e+05
8.108150000000000000e+05
7.253490000000000000e+05
6.012690000000000000e+05
7.389130000000000000e+05
3.014300000000000000e+05
0.000000000000000000e+00
5.741610000000000000e+05
5.286050000000000000e+05
6.625780000000000000e+05
6.759730000000000000e+05
5.913760000000000000e+05
3.388630000000000000e+05
0.000000000000000000e+00
5.313120000000000000e+05
3.368120000000000000e+05
0.000000000000000000e+00
0.000000000000000000e+00
0.000000000000000000e+00
0.000000000000000000e+00
0.000000000000000000e+00
0.000000000000000000e+00
0.000000000000000000e+00
7.076730000000000000e+05
6.203330000000000000e+05
6.224430000000000000e+05
4.138380000000000000e+05
0.000000000000000000e+00
7.663160000000000000e+05
7.628750000000000000e+05
6.830560000000000000e+05
7.172900000000000000e+05
5.927000000000000000e+05
2.965980000000000000e+05
0.000000000000000000e+00
6.944500000000000000e+05
5.762750000000000000e+05
5.470800000000000000e+05
5.306830000000000000e+05
5.265650000000000000e+05
3.700800000000000000e+05
0.000000000000000000e+00
7.650480000000000000e+05
6.644060000000000000e+05
5.990620000000000000e+05
5.721640000000000000e+05
4.828170000000000000e+05
3.244680000000000000e+05
0.000000000000000000e+00
6.921120000000000000e+05
6.078430000000000000e+05
6.562130000000000000e+05
5.764420000000000000e+05
7.116180000000000000e+05
4.300240000000000000e+05
0.000000000000000000e+00
9.719430000000000000e+05
8.075610000000000000e+05
6.744500000000000000e+05
6.335330000000000000e+05
6.667970000000000000e+05
4.177790000000000000e+05
0.000000000000000000e+00
9.510440000000000000e+05
7.270750000000000000e+05
8.078490000000000000e+05
6.631400000000000000e+05
6.476350000000000000e+05
3.262540000000000000e+05
0.000000000000000000e+00
8.261890000000000000e+05
7.519370000000000000e+05
7.396130000000000000e+05
5.525490000000000000e+05
6.442980000000000000e+05
3.737470000000000000e+05
0.000000000000000000e+00
8.811510000000000000e+05
6.648890000000000000e+05
7.315940000000000000e+05
6.182500000000000000e+05
5.790960000000000000e+05
4.746230000000000000e+05
0.000000000000000000e+00
6.833930000000000000e+05
7.450260000000000000e+05
7.171380000000000000e+05
6.400820000000000000e+05
6.838900000000000000e+05
4.866510000000000000e+05
0.000000000000000000e+00
9.206560000000000000e+05
8.077050000000000000e+05
7.559870000000000000e+05
7.457550000000000000e+05
6.707230000000000000e+05
4.698480000000000000e+05
0.000000000000000000e+00
7.643110000000000000e+05
6.701160000000000000e+05
7.599720000000000000e+05
7.449670000000000000e+05
7.278500000000000000e+05
6.119330000000000000e+05
0.000000000000000000e+00
9.483890000000000000e+05
8.163020000000000000e+05
7.688380000000000000e+05
8.092880000000000000e+05
8.204930000000000000e+05
6.040790000000000000e+05
0.000000000000000000e+00
9.069060000000000000e+05
7.670430000000000000e+05
6.856320000000000000e+05
7.231290000000000000e+05
6.938390000000000000e+05
5.124980000000000000e+05
0.000000000000000000e+00
8.742940000000000000e+05
7.926430000000000000e+05
5.720840000000000000e+05
8.350090000000000000e+05
8.094960000000000000e+05
7.352540000000000000e+05
0.000000000000000000e+00
8.883020000000000000e+05
7.436740000000000000e+05
7.470960000000000000e+05
7.696620000000000000e+05
9.151050000000000000e+05
8.766850000000000000e+05
0.000000000000000000e+00
1.410855000000000000e+06
1.103763000000000000e+06
1.101003000000000000e+06
6.641640000000000000e+05
1.194729000000000000e+06
1.296309000000000000e+06
0.000000000000000000e+00
1.643654000000000000e+06
1.343808000000000000e+06
1.469213000000000000e+06
1.281932000000000000e+06
1.361322000000000000e+06
1.336754000000000000e+06
0.000000000000000000e+00
2.149044000000000000e+06
1.753492000000000000e+06
1.230120000000000000e+06
7.379740000000000000e+05
1.584760000000000000e+06
1.953722000000000000e+06
0.000000000000000000e+00
2.301560000000000000e+06
1.990302000000000000e+06
2.057042000000000000e+06
1.998419000000000000e+06
2.134508000000000000e+06
1.711851000000000000e+06
0.000000000000000000e+00
2.350381000000000000e+06
1.762875000000000000e+06
1.926170000000000000e+06
1.688795000000000000e+06
1.697045000000000000e+06
1.442629000000000000e+06
0.000000000000000000e+00
1.554088000000000000e+06
1.100189000000000000e+06
1.051820000000000000e+06
1.220231000000000000e+06
1.411437000000000000e+06
1.372816000000000000e+06
0.000000000000000000e+00
1.131876000000000000e+06
8.644810000000000000e+05
1.028753000000000000e+06
7.455470000000000000e+05
7.421630000000000000e+05
6.160780000000000000e+05
0.000000000000000000e+00
8.064220000000000000e+05
6.662730000000000000e+05
6.132760000000000000e+05
7.223880000000000000e+05
7.960790000000000000e+05
7.504850000000000000e+05
0.000000000000000000e+00
8.878450000000000000e+05
7.301750000000000000e+05
5.543000000000000000e+05
5.386080000000000000e+05
6.220270000000000000e+05
6.498520000000000000e+05
0.000000000000000000e+00
6.762720000000000000e+05
7.268470000000000000e+05
5.276040000000000000e+05
5.704690000000000000e+05
5.753170000000000000e+05
4.292990000000000000e+05
0.000000000000000000e+00
6.740810000000000000e+05
5.485590000000000000e+05
5.219300000000000000e+05
5.221290000000000000e+05
6.311600000000000000e+05
1.628850000000000000e+05
0.000000000000000000e+00
7.521300000000000000e+05
5.933070000000000000e+05
5.743860000000000000e+05
5.999820000000000000e+05
4.757630000000000000e+05
3.148020000000000000e+05
0.000000000000000000e+00
5.756220000000000000e+05
4.966960000000000000e+05
5.553110000000000000e+05
6.348050000000000000e+05
6.832190000000000000e+05
5.005050000000000000e+05
0.000000000000000000e+00
6.982370000000000000e+05
6.945080000000000000e+05
5.846110000000000000e+05
5.780320000000000000e+05
6.043760000000000000e+05
4.196030000000000000e+05
0.000000000000000000e+00
7.130950000000000000e+05
6.499340000000000000e+05
6.231500000000000000e+05
7.146510000000000000e+05
6.472210000000000000e+05
5.138700000000000000e+05
0.000000000000000000e+00
9.447280000000000000e+05
7.031500000000000000e+05
6.681620000000000000e+05
6.236660000000000000e+05
6.273440000000000000e+05
4.444250000000000000e+05
0.000000000000000000e+00
6.721440000000000000e+05
4.771620000000000000e+05
4.858140000000000000e+05
4.787320000000000000e+05
6.297350000000000000e+05
3.923350000000000000e+05
0.000000000000000000e+00
6.758480000000000000e+05
7.901880000000000000e+05
5.464550000000000000e+05
5.464920000000000000e+05
5.695640000000000000e+05
4.315460000000000000e+05
0.000000000000000000e+00
5.306580000000000000e+05
5.682460000000000000e+05
5.849290000000000000e+05
5.254140000000000000e+05
4.775640000000000000e+05
2.436400000000000000e+05
8.800000000000000000e+02
2.301290000000000000e+05
2.504100000000000000e+04
0.000000000000000000e+00
0.000000000000000000e+00
0.000000000000000000e+00
7.078900000000000000e+04
0.000000000000000000e+00
6.838440000000000000e+05
5.318050000000000000e+05
6.476400000000000000e+05
6.618940000000000000e+05
6.563110000000000000e+05
4.666250000000000000e+05
0.000000000000000000e+00
9.089710000000000000e+05
7.323980000000000000e+05
7.067050000000000000e+05
6.461180000000000000e+05
6.231670000000000000e+05
4.433470000000000000e+05
0.000000000000000000e+00
7.483460000000000000e+05
5.582690000000000000e+05
5.445290000000000000e+05
5.919720000000000000e+05
5.368930000000000000e+05
3.537750000000000000e+05
0.000000000000000000e+00
6.397790000000000000e+05
5.291640000000000000e+05
4.240940000000000000e+05
4.854660000000000000e+05
4.239400000000000000e+05
2.863540000000000000e+05
0.000000000000000000e+00
5.779780000000000000e+05
5.565410000000000000e+05
5.966050000000000000e+05
5.573560000000000000e+05
6.560180000000000000e+05
4.176190000000000000e+05
0.000000000000000000e+00
7.687790000000000000e+05
6.950870000000000000e+05
6.094720000000000000e+05
5.577040000000000000e+05
5.816640000000000000e+05
3.332650000000000000e+05
0.000000000000000000e+00
5.892860000000000000e+05
5.492660000000000000e+05
4.713870000000000000e+05
5.133960000000000000e+05
4.245110000000000000e+05
3.797900000000000000e+05
0.000000000000000000e+00
4.863300000000000000e+05
5.577200000000000000e+05
5.381300000000000000e+05
5.522500000000000000e+05
5.183690000000000000e+05
2.748090000000000000e+05
0.000000000000000000e+00
5.782560000000000000e+05
6.010400000000000000e+05
5.219930000000000000e+05
5.023950000000000000e+05
5.001870000000000000e+05
3.728660000000000000e+05
0.000000000000000000e+00
6.281960000000000000e+05
4.645090000000000000e+05
3.487120000000000000e+05
3.418710000000000000e+05
4.668640000000000000e+05
4.061670000000000000e+05
0.000000000000000000e+00
7.114240000000000000e+05
4.824670000000000000e+05
5.543240000000000000e+05
5.892280000000000000e+05
6.386650000000000000e+05
3.886280000000000000e+05
0.000000000000000000e+00
6.455690000000000000e+05
5.337490000000000000e+05
5.519240000000000000e+05
4.114240000000000000e+05
4.444040000000000000e+05
1.560410000000000000e+05
0.000000000000000000e+00
0.000000000000000000e+00
1.566030000000000000e+05
8.788850000000000000e+05
8.282580000000000000e+05
8.188420000000000000e+05
4.690820000000000000e+05
0.000000000000000000e+00
8.158930000000000000e+05
5.864240000000000000e+05
6.505950000000000000e+05
4.194670000000000000e+05
3.237770000000000000e+05
1.875440000000000000e+05
0.000000000000000000e+00
6.038750000000000000e+05
4.793450000000000000e+05
5.582580000000000000e+05
4.628990000000000000e+05
5.349770000000000000e+05
3.758800000000000000e+05
0.000000000000000000e+00
8.401860000000000000e+05
6.384270000000000000e+05
6.457410000000000000e+05
2.163650000000000000e+05
2.334810000000000000e+05
1.189380000000000000e+05
0.000000000000000000e+00
7.886880000000000000e+05
5.007600000000000000e+05
5.997820000000000000e+05
6.645200000000000000e+05
5.963900000000000000e+05
4.186330000000000000e+05
0.000000000000000000e+00
6.044700000000000000e+05
4.757670000000000000e+05
4.483720000000000000e+05
4.703390000000000000e+05
5.186660000000000000e+05
4.128980000000000000e+05
0.000000000000000000e+00
6.252570000000000000e+05
3.818600000000000000e+05
1.978480000000000000e+05
5.162000000000000000e+03
0.000000000000000000e+00
0.000000000000000000e+00
0.000000000000000000e+00
2.506770000000000000e+05
4.629230000000000000e+05
5.050790000000000000e+05
4.859450000000000000e+05
5.198010000000000000e+05
3.304320000000000000e+05
0.000000000000000000e+00
7.208940000000000000e+05
5.659940000000000000e+05
5.058690000000000000e+05
4.663120000000000000e+05
3.335300000000000000e+05
2.690960000000000000e+05
0.000000000000000000e+00
6.655430000000000000e+05
5.015400000000000000e+05
5.797460000000000000e+05
5.141060000000000000e+05
3.874370000000000000e+05
2.249530000000000000e+05
0.000000000000000000e+00
7.381420000000000000e+05
6.724900000000000000e+05
5.706230000000000000e+05
4.778960000000000000e+05
4.546590000000000000e+05
2.595470000000000000e+05
0.000000000000000000e+00
5.859620000000000000e+05
4.091500000000000000e+05
5.081450000000000000e+05
3.641960000000000000e+05
4.489770000000000000e+05
2.810610000000000000e+05
0.000000000000000000e+00
4.304480000000000000e+05
3.568920000000000000e+05
4.114990000000000000e+05
4.524000000000000000e+05
5.001370000000000000e+05
2.181000000000000000e+05
0.000000000000000000e+00
5.657220000000000000e+05
4.091780000000000000e+05
3.609020000000000000e+05
3.344950000000000000e+05
3.309460000000000000e+05
3.006130000000000000e+05
0.000000000000000000e+00
4.679390000000000000e+05
4.365850000000000000e+05
4.643860000000000000e+05
4.402660000000000000e+05
4.215570000000000000e+05
3.469750000000000000e+05
0.000000000000000000e+00
5.076580000000000000e+05
4.404000000000000000e+05
4.046010000000000000e+05
3.139000000000000000e+05
5.368740000000000000e+05
3.294210000000000000e+05
0.000000000000000000e+00
4.187260000000000000e+05
2.478990000000000000e+05
4.213260000000000000e+05
5.237560000000000000e+05
6.012920000000000000e+05
3.499910000000000000e+05
0.000000000000000000e+00
6.151500000000000000e+05
6.049400000000000000e+05
5.411690000000000000e+05
4.458760000000000000e+05
6.931420000000000000e+05
5.927800000000000000e+05
0.000000000000000000e+00
5.049980000000000000e+05
4.377920000000000000e+05
6.359170000000000000e+05
7.646790000000000000e+05
7.263760000000000000e+05
7.293650000000000000e+05
0.000000000000000000e+00
1.008589000000000000e+06
8.585740000000000000e+05
8.071550000000000000e+05
6.190950000000000000e+05
7.204070000000000000e+05
4.697980000000000000e+05
0.000000000000000000e+00
1.127915000000000000e+06
9.798970000000000000e+05
9.729730000000000000e+05
7.157000000000000000e+05
9.121400000000000000e+05
1.101418000000000000e+06
0.000000000000000000e+00
1.613156000000000000e+06
1.164140000000000000e+06
1.452499000000000000e+06
1.405366000000000000e+06
1.758770000000000000e+06
1.476380000000000000e+06
0.000000000000000000e+00
1.992870000000000000e+06
1.565508000000000000e+06
9.446860000000000000e+05
1.797364000000000000e+06
1.824203000000000000e+06
1.702033000000000000e+06
0.000000000000000000e+00
2.150461000000000000e+06
1.083691000000000000e+06
1.624323000000000000e+06
1.881704000000000000e+06
1.730513000000000000e+06
2.012404000000000000e+06
0.000000000000000000e+00
2.713408000000000000e+06
2.146348000000000000e+06
1.669842000000000000e+06
1.895612000000000000e+06
1.797770000000000000e+06
1.620500000000000000e+06
0.000000000000000000e+00
2.698730000000000000e+06
1.962942000000000000e+06
7.835650000000000000e+05
1.008753000000000000e+06
8.527320000000000000e+05
9.175480000000000000e+05
0.000000000000000000e+00
8.664220000000000000e+05
9.233140000000000000e+05
9.055740000000000000e+05
9.282000000000000000e+05
7.981860000000000000e+05
9.145160000000000000e+05
0.000000000000000000e+00
1.668826000000000000e+06
1.013378000000000000e+06
1.045337000000000000e+06
8.909230000000000000e+05
8.894250000000000000e+05
7.932960000000000000e+05
0.000000000000000000e+00
8.962960000000000000e+05
7.501280000000000000e+05
6.504720000000000000e+05
6.441910000000000000e+05
5.362510000000000000e+05
4.007820000000000000e+05
0.000000000000000000e+00
6.006960000000000000e+05
5.982480000000000000e+05
4.975540000000000000e+05
4.887500000000000000e+05
4.072740000000000000e+05
2.658540000000000000e+05
0.000000000000000000e+00
4.713030000000000000e+05
4.454990000000000000e+05
4.603480000000000000e+05
3.802380000000000000e+05
3.220230000000000000e+05
7.414100000000000000e+04
0.000000000000000000e+00
5.076860000000000000e+05
4.752460000000000000e+05
5.404590000000000000e+05
5.478250000000000000e+05
5.345230000000000000e+05
3.517310000000000000e+05
0.000000000000000000e+00
9.254300000000000000e+05
6.832550000000000000e+05
5.494540000000000000e+05
5.987930000000000000e+05
5.104310000000000000e+05
0.000000000000000000e+00
0.000000000000000000e+00
7.622960000000000000e+05
6.110460000000000000e+05
4.564210000000000000e+05
4.927170000000000000e+05
4.489170000000000000e+05
2.677880000000000000e+05
0.000000000000000000e+00
6.231800000000000000e+05
5.316410000000000000e+05
6.172530000000000000e+05
5.604530000000000000e+05
5.473460000000000000e+05
4.198770000000000000e+05
0.000000000000000000e+00
6.483270000000000000e+05
5.520630000000000000e+05
7.714530000000000000e+05
6.725870000000000000e+05
6.468160000000000000e+05
3.822630000000000000e+05
0.000000000000000000e+00
8.711320000000000000e+05
7.749030000000000000e+05
7.076520000000000000e+05
6.432910000000000000e+05
5.921090000000000000e+05
4.262060000000000000e+05
0.000000000000000000e+00
5.946020000000000000e+05
5.486830000000000000e+05
4.230360000000000000e+05
3.440830000000000000e+05
2.334470000000000000e+05
7.517600000000000000e+04
8.200000000000000000e+02
0.000000000000000000e+00
0.000000000000000000e+00
0.000000000000000000e+00
3.239080000000000000e+05
5.022070000000000000e+05
3.640700000000000000e+05
0.000000000000000000e+00
6.994150000000000000e+05
6.480840000000000000e+05
6.395000000000000000e+05
5.632430000000000000e+05
5.448280000000000000e+05
2.783270000000000000e+05
0.000000000000000000e+00
6.788330000000000000e+05
5.007200000000000000e+05
5.407840000000000000e+05
5.171610000000000000e+05
6.331220000000000000e+05
4.000090000000000000e+05
0.000000000000000000e+00
6.054070000000000000e+05
5.737030000000000000e+05
5.907240000000000000e+05
6.336840000000000000e+05
6.170530000000000000e+05
3.537970000000000000e+05
0.000000000000000000e+00
6.457860000000000000e+05
5.802390000000000000e+05
4.562650000000000000e+05
4.223810000000000000e+05
5.245470000000000000e+05
2.875220000000000000e+05
0.000000000000000000e+00
4.941370000000000000e+05
3.718680000000000000e+05
4.292290000000000000e+05
4.853740000000000000e+05
5.091340000000000000e+05
2.080580000000000000e+05
0.000000000000000000e+00
5.886440000000000000e+05
5.083100000000000000e+05
6.363910000000000000e+05
4.955090000000000000e+05
4.961610000000000000e+05
3.159640000000000000e+05
0.000000000000000000e+00
6.911730000000000000e+05
5.205360000000000000e+05
4.935150000000000000e+05
5.469490000000000000e+05
4.881420000000000000e+05
3.417400000000000000e+05
0.000000000000000000e+00
6.634750000000000000e+05
5.402270000000000000e+05
6.590580000000000000e+05
5.594540000000000000e+05
5.649600000000000000e+05
3.277260000000000000e+05
0.000000000000000000e+00
5.099070000000000000e+05
5.414840000000000000e+05
6.000700000000000000e+05
4.794120000000000000e+05
5.452860000000000000e+05
4.161100000000000000e+05
0.000000000000000000e+00
6.082630000000000000e+05
4.682930000000000000e+05
4.939270000000000000e+05
6.358310000000000000e+05
4.815870000000000000e+05
2.700070000000000000e+05
0.000000000000000000e+00
4.590400000000000000e+05
4.893990000000000000e+05
4.773160000000000000e+05
5.813290000000000000e+05
7.881520000000000000e+05
4.942260000000000000e+05
0.000000000000000000e+00
7.426470000000000000e+05
7.832270000000000000e+05
6.067570000000000000e+05
6.749560000000000000e+05
6.342780000000000000e+05
6.829420000000000000e+05
0.000000000000000000e+00
5.901380000000000000e+05
4.624100000000000000e+05
4.808120000000000000e+05
6.455710000000000000e+05
6.100800000000000000e+05
2.435670000000000000e+05
0.000000000000000000e+00
2.393240000000000000e+05
0.000000000000000000e+00
6.831300000000000000e+04
1.056175000000000000e+06
8.594510000000000000e+05
5.180070000000000000e+05
0.000000000000000000e+00
9.644500000000000000e+05
7.980920000000000000e+05
7.175410000000000000e+05
7.602770000000000000e+05
6.769850000000000000e+05
3.781110000000000000e+05
0.000000000000000000e+00
7.266860000000000000e+05
5.754310000000000000e+05
6.922200000000000000e+05
5.415410000000000000e+05
7.145930000000000000e+05
4.774170000000000000e+05
0.000000000000000000e+00
8.180440000000000000e+05
5.501660000000000000e+05
7.432920000000000000e+05
6.819130000000000000e+05
6.777530000000000000e+05
4.263120000000000000e+05
0.000000000000000000e+00
7.477610000000000000e+05
5.126590000000000000e+05
4.761910000000000000e+05
4.886800000000000000e+05
4.939740000000000000e+05
1.649780000000000000e+05
0.000000000000000000e+00
2.883400000000000000e+04
0.000000000000000000e+00
0.000000000000000000e+00
2.270000000000000000e+03
4.982380000000000000e+05
4.185400000000000000e+05
0.000000000000000000e+00
8.524450000000000000e+05
5.774200000000000000e+05
7.686970000000000000e+05
7.169120000000000000e+05
6.795600000000000000e+05
4.666980000000000000e+05
0.000000000000000000e+00
8.213970000000000000e+05
5.178930000000000000e+05
4.874220000000000000e+05
5.972070000000000000e+05
6.107020000000000000e+05
4.799300000000000000e+05
0.000000000000000000e+00
7.925430000000000000e+05
7.915500000000000000e+05
6.008300000000000000e+05
5.820710000000000000e+05
4.814800000000000000e+05
3.316740000000000000e+05
0.000000000000000000e+00
8.591380000000000000e+05
6.898260000000000000e+05
7.416440000000000000e+05
7.614360000000000000e+05
6.878950000000000000e+05
4.715760000000000000e+05
0.000000000000000000e+00
7.146180000000000000e+05
7.822920000000000000e+05
7.320030000000000000e+05
7.039860000000000000e+05
7.029890000000000000e+05
4.464190000000000000e+05
0.000000000000000000e+00
8.791220000000000000e+05
6.614270000000000000e+05
7.260690000000000000e+05
6.765070000000000000e+05
6.794500000000000000e+05
5.078530000000000000e+05
0.000000000000000000e+00
9.134860000000000000e+05
5.576940000000000000e+05
6.502980000000000000e+05
7.224890000000000000e+05
6.413040000000000000e+05
4.115700000000000000e+05
0.000000000000000000e+00
8.223710000000000000e+05
6.328020000000000000e+05
8.397190000000000000e+05
7.266460000000000000e+05
9.090780000000000000e+05
4.633710000000000000e+05
0.000000000000000000e+00
8.211470000000000000e+05
5.794910000000000000e+05
7.557730000000000000e+05
8.301790000000000000e+05
8.182690000000000000e+05
5.161270000000000000e+05
0.000000000000000000e+00
8.693570000000000000e+05
6.873430000000000000e+05
7.846340000000000000e+05
6.956630000000000000e+05
7.787980000000000000e+05
5.939920000000000000e+05
0.000000000000000000e+00
8.772610000000000000e+05
8.634570000000000000e+05
6.612690000000000000e+05
7.326750000000000000e+05
7.996820000000000000e+05
6.515580000000000000e+05
0.000000000000000000e+00
1.034115000000000000e+06
6.005550000000000000e+05
7.421890000000000000e+05
8.499220000000000000e+05
1.017136000000000000e+06
7.595610000000000000e+05
0.000000000000000000e+00
7.479520000000000000e+05
9.424490000000000000e+05
8.878690000000000000e+05
9.663190000000000000e+05
8.319480000000000000e+05
7.271730000000000000e+05
0.000000000000000000e+00
9.056440000000000000e+05
9.043200000000000000e+05
8.273710000000000000e+05
7.521850000000000000e+05
7.897160000000000000e+05
6.472900000000000000e+05
0.000000000000000000e+00
6.585130000000000000e+05
7.535440000000000000e+05
9.234900000000000000e+05
1.152154000000000000e+06
1.390972000000000000e+06
1.588425000000000000e+06
0.000000000000000000e+00
2.067041000000000000e+06
9.054350000000000000e+05
1.059573000000000000e+06
1.573219000000000000e+06
1.742735000000000000e+06
1.410898000000000000e+06
0.000000000000000000e+00
2.615245000000000000e+06
2.125999000000000000e+06
1.925468000000000000e+06
1.644909000000000000e+06
1.499055000000000000e+06
8.412360000000000000e+05
0.000000000000000000e+00
1.871902000000000000e+06
1.505606000000000000e+06
1.659782000000000000e+06
2.225068000000000000e+06
2.452545000000000000e+06
2.267334000000000000e+06
0.000000000000000000e+00
3.115515000000000000e+06
2.408058000000000000e+06
1.965904000000000000e+06
1.537298000000000000e+06
1.761484000000000000e+06
1.617260000000000000e+06
0.000000000000000000e+00
2.301959000000000000e+06
2.072623000000000000e+06
2.033728000000000000e+06
1.312784000000000000e+06
1.253474000000000000e+06
1.494326000000000000e+06
0.000000000000000000e+00
1.536888000000000000e+06
1.264875000000000000e+06
1.239073000000000000e+06
1.352419000000000000e+06
1.163845000000000000e+06
1.070386000000000000e+06
0.000000000000000000e+00
1.019298000000000000e+06
9.916920000000000000e+05
8.826680000000000000e+05
5.533460000000000000e+05
6.277510000000000000e+05
5.582880000000000000e+05
0.000000000000000000e+00
7.114580000000000000e+05
6.848890000000000000e+05
6.283070000000000000e+05
6.730140000000000000e+05
6.853960000000000000e+05
3.624080000000000000e+05
0.000000000000000000e+00
6.049370000000000000e+05
5.555630000000000000e+05
5.737710000000000000e+05
6.174340000000000000e+05
4.329510000000000000e+05
4.107840000000000000e+05
0.000000000000000000e+00
5.766800000000000000e+05
5.862590000000000000e+05
5.928210000000000000e+05
4.780440000000000000e+05
5.158270000000000000e+05
1.448940000000000000e+05
0.000000000000000000e+00
8.681000000000000000e+05
7.722020000000000000e+05
6.668250000000000000e+05
5.944680000000000000e+05
7.040900000000000000e+05
4.766160000000000000e+05
0.000000000000000000e+00
6.379980000000000000e+05
6.478970000000000000e+05
5.253540000000000000e+05
5.624650000000000000e+05
3.854100000000000000e+05
3.232130000000000000e+05
0.000000000000000000e+00
6.500290000000000000e+05
5.692680000000000000e+05
6.202010000000000000e+05
7.540400000000000000e+05
7.438020000000000000e+05
4.687650000000000000e+05
0.000000000000000000e+00
9.548420000000000000e+05
9.960730000000000000e+05
7.638150000000000000e+05
8.872740000000000000e+05
6.977910000000000000e+05
3.849420000000000000e+05
0.000000000000000000e+00
7.535780000000000000e+05
6.124350000000000000e+05
6.023090000000000000e+05
5.624660000000000000e+05
5.420080000000000000e+05
2.682420000000000000e+05
2.380000000000000000e+03
5.669880000000000000e+05
4.125070000000000000e+05
2.462720000000000000e+05
2.736100000000000000e+04
0.000000000000000000e+00
0.000000000000000000e+00
0.000000000000000000e+00
5.447210000000000000e+05
6.984810000000000000e+05
6.547900000000000000e+05
6.836690000000000000e+05
7.863250000000000000e+05
5.244480000000000000e+05
0.000000000000000000e+00
7.564760000000000000e+05
8.317290000000000000e+05
8.945520000000000000e+05
7.392530000000000000e+05
7.879370000000000000e+05
5.206820000000000000e+05
0.000000000000000000e+00
9.617120000000000000e+05
7.239560000000000000e+05
7.029830000000000000e+05
4.627880000000000000e+05
5.454190000000000000e+05
4.776000000000000000e+05
0.000000000000000000e+00
6.436470000000000000e+05
5.282310000000000000e+05
6.054260000000000000e+05
5.672700000000000000e+05
5.954050000000000000e+05
4.871060000000000000e+05
0.000000000000000000e+00
7.898900000000000000e+05
7.672050000000000000e+05
6.928100000000000000e+05
6.895420000000000000e+05
7.608560000000000000e+05
5.205230000000000000e+05
0.000000000000000000e+00
8.203370000000000000e+05
6.864280000000000000e+05
6.513080000000000000e+05
5.794260000000000000e+05
6.703460000000000000e+05
4.192430000000000000e+05
0.000000000000000000e+00
7.367450000000000000e+05
5.374530000000000000e+05
4.892240000000000000e+05
5.393100000000000000e+05
6.037530000000000000e+05
4.361250000000000000e+05
0.000000000000000000e+00
6.298010000000000000e+05
5.804600000000000000e+05
5.463360000000000000e+05
5.970450000000000000e+05
5.933580000000000000e+05
4.661140000000000000e+05
0.000000000000000000e+00
6.577820000000000000e+05
5.953210000000000000e+05
5.952080000000000000e+05
6.356880000000000000e+05
5.210480000000000000e+05
4.290270000000000000e+05
0.000000000000000000e+00
5.801660000000000000e+05
6.312990000000000000e+05
4.586580000000000000e+05
5.970080000000000000e+05
5.754700000000000000e+05
4.746060000000000000e+05
0.000000000000000000e+00
7.456890000000000000e+05
6.160230000000000000e+05
5.941160000000000000e+05
6.915270000000000000e+05
5.427540000000000000e+05
5.086790000000000000e+05
0.000000000000000000e+00
6.290600000000000000e+05
5.163970000000000000e+05
5.044200000000000000e+05
5.725220000000000000e+05
5.647400000000000000e+05
3.462650000000000000e+05
0.000000000000000000e+00
6.481830000000000000e+05
6.850810000000000000e+05
6.277320000000000000e+05
7.850810000000000000e+05
6.982490000000000000e+05
4.439840000000000000e+05
0.000000000000000000e+00
7.272630000000000000e+05
6.894030000000000000e+05
6.503660000000000000e+05
6.865510000000000000e+05
6.293430000000000000e+05
3.959130000000000000e+05
0.000000000000000000e+00
7.312700000000000000e+05
6.633090000000000000e+05
4.876770000000000000e+05
4.449090000000000000e+05
4.592430000000000000e+05
3.057240000000000000e+05
0.000000000000000000e+00
6.358980000000000000e+05
3.147510000000000000e+05
0.000000000000000000e+00
4.249800000000000000e+04
6.599270000000000000e+05
4.568630000000000000e+05
0.000000000000000000e+00
1.020699000000000000e+06
9.162790000000000000e+05
5.322490000000000000e+05
8.378250000000000000e+05
7.841730000000000000e+05
4.572390000000000000e+05
1.300000000000000000e+04
9.441720000000000000e+05
8.052990000000000000e+05
7.303560000000000000e+05
7.415220000000000000e+05
5.523490000000000000e+05
4.402280000000000000e+05
3.000000000000000000e+03
7.289360000000000000e+05
4.616280000000000000e+05
3.192860000000000000e+05
1.990940000000000000e+05
6.280000000000000000e+03
0.000000000000000000e+00
0.000000000000000000e+00
0.000000000000000000e+00
4.402450000000000000e+05
6.291580000000000000e+05
5.514800000000000000e+05
5.576190000000000000e+05
2.824080000000000000e+05
0.000000000000000000e+00
7.358580000000000000e+05
7.376240000000000000e+05
6.961820000000000000e+05
5.889720000000000000e+05
5.028500000000000000e+05
3.595620000000000000e+05
0.000000000000000000e+00
8.162550000000000000e+05
8.322560000000000000e+05
7.220530000000000000e+05
6.174030000000000000e+05
6.786110000000000000e+05
5.446060000000000000e+05
0.000000000000000000e+00
9.873550000000000000e+05
7.194220000000000000e+05
7.792260000000000000e+05
7.055640000000000000e+05
6.440460000000000000e+05
4.354910000000000000e+05
0.000000000000000000e+00
9.458370000000000000e+05
7.601690000000000000e+05
6.590260000000000000e+05
7.602270000000000000e+05
8.310300000000000000e+05
4.926730000000000000e+05
0.000000000000000000e+00
1.204373000000000000e+06
8.797140000000000000e+05
7.956720000000000000e+05
7.522450000000000000e+05
7.243860000000000000e+05
5.037200000000000000e+05
0.000000000000000000e+00
1.014073000000000000e+06
7.908090000000000000e+05
6.005090000000000000e+05
8.214150000000000000e+05
6.214560000000000000e+05
4.449610000000000000e+05
0.000000000000000000e+00
7.207000000000000000e+05
6.308490000000000000e+05
5.953000000000000000e+05
6.054930000000000000e+05
6.080650000000000000e+05
4.350130000000000000e+05
0.000000000000000000e+00
8.371590000000000000e+05
7.567590000000000000e+05
7.627800000000000000e+05
7.774260000000000000e+05
6.298850000000000000e+05
4.548740000000000000e+05
0.000000000000000000e+00
8.590150000000000000e+05
7.279440000000000000e+05
8.488360000000000000e+05
7.731160000000000000e+05
8.451350000000000000e+05
6.319640000000000000e+05
0.000000000000000000e+00
9.173850000000000000e+05
8.671700000000000000e+05
8.864820000000000000e+05
7.705580000000000000e+05
7.987170000000000000e+05
6.434810000000000000e+05
0.000000000000000000e+00
1.008140000000000000e+06
7.535560000000000000e+05
7.897520000000000000e+05
6.261320000000000000e+05
5.966140000000000000e+05
4.226160000000000000e+05
0.000000000000000000e+00
9.260760000000000000e+05
6.915810000000000000e+05
7.915070000000000000e+05
7.196690000000000000e+05
6.639630000000000000e+05
5.397590000000000000e+05
0.000000000000000000e+00
1.066856000000000000e+06
6.999180000000000000e+05
7.879090000000000000e+05
7.762470000000000000e+05
7.424780000000000000e+05
6.112330000000000000e+05
0.000000000000000000e+00
8.261880000000000000e+05
5.597780000000000000e+05
8.291640000000000000e+05
8.085380000000000000e+05
7.405170000000000000e+05
6.802010000000000000e+05
0.000000000000000000e+00
9.030940000000000000e+05
8.680140000000000000e+05
8.917290000000000000e+05
9.990990000000000000e+05
1.035598000000000000e+06
5.157790000000000000e+05
0.000000000000000000e+00
9.193830000000000000e+05
8.984500000000000000e+05
6.143300000000000000e+05
9.631120000000000000e+05
1.332793000000000000e+06
1.262754000000000000e+06
0.000000000000000000e+00
1.671901000000000000e+06
1.292063000000000000e+06
1.321561000000000000e+06
1.231738000000000000e+06
1.117589000000000000e+06
1.022627000000000000e+06
0.000000000000000000e+00
9.534700000000000000e+05
9.798030000000000000e+05
1.084893000000000000e+06
1.096454000000000000e+06
1.201771000000000000e+06
1.128926000000000000e+06
0.000000000000000000e+00
2.296217000000000000e+06
1.876505000000000000e+06
1.284713000000000000e+06
1.390985000000000000e+06
8.452310000000000000e+05
1.181819000000000000e+06
0.000000000000000000e+00
9.553100000000000000e+05
1.097568000000000000e+06
1.638899000000000000e+06
1.979200000000000000e+06
1.428046000000000000e+06
1.041298000000000000e+06
0.000000000000000000e+00
2.091951000000000000e+06
2.285254000000000000e+06
1.761490000000000000e+06
9.914600000000000000e+05
1.347759000000000000e+06
1.347437000000000000e+06
0.000000000000000000e+00
1.826499000000000000e+06
8.799430000000000000e+05
8.353450000000000000e+05
1.011287000000000000e+06
8.914060000000000000e+05
8.172650000000000000e+05
0.000000000000000000e+00
1.634160000000000000e+06
1.165316000000000000e+06
1.051537000000000000e+06
8.597330000000000000e+05
7.992730000000000000e+05
4.902640000000000000e+05
0.000000000000000000e+00
7.817010000000000000e+05
5.852220000000000000e+05
8.199150000000000000e+05
6.407750000000000000e+05
6.268960000000000000e+05
4.458340000000000000e+05
0.000000000000000000e+00
6.964030000000000000e+05
6.938790000000000000e+05
5.995320000000000000e+05
5.290540000000000000e+05
5.368500000000000000e+05
3.299700000000000000e+05
0.000000000000000000e+00
6.896660000000000000e+05
4.698430000000000000e+05
4.977050000000000000e+05
4.444750000000000000e+05
5.211950000000000000e+05
8.620700000000000000e+04
0.000000000000000000e+00
6.796620000000000000e+05
5.896440000000000000e+05
4.676710000000000000e+05
4.288030000000000000e+05
4.322980000000000000e+05
2.840430000000000000e+05
0.000000000000000000e+00
5.862550000000000000e+05
6.341170000000000000e+05
5.024280000000000000e+05
7.191610000000000000e+05
6.043130000000000000e+05
3.709950000000000000e+05
0.000000000000000000e+00
7.592370000000000000e+05
5.897150000000000000e+05
5.356310000000000000e+05
6.277690000000000000e+05
5.783920000000000000e+05
3.656250000000000000e+05
0.000000000000000000e+00
6.189080000000000000e+05
5.709120000000000000e+05
5.199860000000000000e+05
5.566270000000000000e+05
5.414890000000000000e+05
4.235290000000000000e+05
0.000000000000000000e+00
7.914910000000000000e+05
5.700190000000000000e+05
5.684860000000000000e+05
4.828100000000000000e+05
4.388980000000000000e+05
3.721520000000000000e+05
0.000000000000000000e+00
5.453820000000000000e+05
4.981420000000000000e+05
6.009580000000000000e+05
6.299210000000000000e+05
5.220350000000000000e+05
4.605610000000000000e+05
0.000000000000000000e+00
7.305940000000000000e+05
7.318880000000000000e+05
7.519420000000000000e+05
6.016670000000000000e+05
7.478280000000000000e+05
5.580250000000000000e+05
3.200000000000000000e+02
7.867620000000000000e+05
7.032120000000000000e+05
5.676730000000000000e+05
5.261250000000000000e+05
4.462150000000000000e+05
3.920910000000000000e+05
4.800000000000000000e+02
4.300110000000000000e+05
2.212360000000000000e+05
3.370200000000000000e+04
0.000000000000000000e+00
0.000000000000000000e+00
0.000000000000000000e+00
0.000000000000000000e+00
8.702270000000000000e+05
6.978610000000000000e+05
6.279070000000000000e+05
6.510230000000000000e+05
7.102190000000000000e+05
5.189270000000000000e+05
0.000000000000000000e+00
9.341110000000000000e+05
6.408270000000000000e+05
6.842250000000000000e+05
5.851120000000000000e+05
4.121790000000000000e+05
4.067900000000000000e+05
0.000000000000000000e+00
5.978800000000000000e+05
5.360950000000000000e+05
5.550540000000000000e+05
5.551240000000000000e+05
5.785560000000000000e+05
3.189390000000000000e+05
0.000000000000000000e+00
6.281130000000000000e+05
6.191410000000000000e+05
5.038240000000000000e+05
5.634300000000000000e+05
4.901490000000000000e+05
3.508580000000000000e+05
0.000000000000000000e+00
4.850990000000000000e+05
4.983800000000000000e+05
4.920970000000000000e+05
4.477120000000000000e+05
6.093040000000000000e+05
3.923020000000000000e+05
0.000000000000000000e+00
7.602650000000000000e+05
7.169350000000000000e+05
7.063150000000000000e+05
7.307830000000000000e+05
6.706420000000000000e+05
5.496790000000000000e+05
0.000000000000000000e+00
5.554500000000000000e+05
5.508440000000000000e+05
4.900340000000000000e+05
4.798160000000000000e+05
4.597000000000000000e+05
2.949440000000000000e+05
0.000000000000000000e+00
5.510030000000000000e+05
6.228790000000000000e+05
5.366310000000000000e+05
5.954720000000000000e+05
5.740190000000000000e+05
3.037450000000000000e+05
0.000000000000000000e+00
5.094260000000000000e+05
5.597710000000000000e+05
5.886400000000000000e+05
5.230390000000000000e+05
5.328310000000000000e+05
3.980810000000000000e+05
0.000000000000000000e+00
5.936120000000000000e+05
7.364850000000000000e+05
6.136980000000000000e+05
5.976430000000000000e+05
5.743790000000000000e+05
4.479020000000000000e+05
0.000000000000000000e+00
6.469140000000000000e+05
5.672860000000000000e+05
4.258250000000000000e+05
4.755800000000000000e+05
5.019200000000000000e+05
3.754620000000000000e+05
0.000000000000000000e+00
7.774860000000000000e+05
6.242990000000000000e+05
7.805020000000000000e+05
6.807380000000000000e+05
6.166820000000000000e+05
3.358320000000000000e+05
0.000000000000000000e+00
8.591260000000000000e+05
6.293130000000000000e+05
5.995440000000000000e+05
1.904300000000000000e+05
