0.000000000000000000e+00
3.036200000000000000e+04
1.177380000000000000e+05
8.366500000000000000e+04
5.942700000000000000e+04
8.980900000000000000e+04
4.439700000000000000e+04
0.000000000000000000e+00
4.225700000000000000e+04
1.243070000000000000e+05
8.594200000000000000e+04
4.050200000000000000e+04
1.062660000000000000e+05
6.517700000000000000e+04
0.000000000000000000e+00
6.749700000000000000e+04
7.197400000000000000e+04
1.328300000000000000e+05
6.648400000000000000e+04
5.899500000000000000e+04
1.954400000000000000e+04
0.000000000000000000e+00
9.324400000000000000e+04
5.329000000000000000e+04
0.000000000000000000e+00
0.000000000000000000e+00
0.000000000000000000e+00
0.000000000000000000e+00
0.000000000000000000e+00
0.000000000000000000e+00
0.000000000000000000e+00
6.906600000000000000e+04
1.508950000000000000e+05
6.009200000000000000e+04
4.458400000000000000e+04
0.000000000000000000e+00
1.388390000000000000e+05
1.267750000000000000e+05
1.066870000000000000e+05
1.013750000000000000e+05
1.211120000000000000e+05
3.653600000000000000e+04
0.000000000000000000e+00
9.126500000000000000e+04
6.489700000000000000e+04
1.291990000000000000e+05
9.423600000000000000e+04
7.056300000000000000e+04
3.178700000000000000e+04
0.000000000000000000e+00
9.414600000000000000e+04
5.762900000000000000e+04
1.007080000000000000e+05
9.765200000000000000e+04
3.851800000000000000e+04
2.516500000000000000e+04
0.000000000000000000e+00
4.963400000000000000e+04
1.768540000000000000e+05
1.309490000000000000e+05
1.022840000000000000e+05
9.002500000000000000e+04
4.046700000000000000e+04
0.000000000000000000e+00
7.555900000000000000e+04
7.572900000000000000e+04
1.421060000000000000e+05
9.415100000000000000e+04
8.462200000000000000e+04
5.362300000000000000e+04
0.000000000000000000e+00
9.799600000000000000e+04
9.420400000000000000e+04
1.395460000000000000e+05
1.381850000000000000e+05
8.537300000000000000e+04
3.172900000000000000e+04
0.000000000000000000e+00
1.359900000000000000e+05
9.280300000000000000e+04
1.448440000000000000e+05
1.329940000000000000e+05
1.059730000000000000e+05
6.717600000000000000e+04
0.000000000000000000e+00
1.684850000000000000e+05
1.713100000000000000e+05
1.518040000000000000e+05
5.970500000000000000e+04
3.456290000000000000e+05
7.708500000000000000e+04
0.000000000000000000e+00
1.486260000000000000e+05
8.835200000000000000e+04
1.454470000000000000e+05
8.992100000000000000e+04
1.991160000000000000e+05
5.595500000000000000e+04
0.000000000000000000e+00
1.084890000000000000e+05
1.319520000000000000e+05
1.616440000000000000e+05
1.387340000000000000e+05
9.918900000000000000e+04
1.024050000000000000e+05
0.000000000000000000e+00
1.450660000000000000e+05
8.030600000000000000e+04
1.566230000000000000e+05
1.793740000000000000e+05
9.513500000000000000e+04
3.406000000000000000e+04
0.000000000000000000e+00
1.598690000000000000e+05
6.487600000000000000e+04
1.106300000000000000e+05
2.105870000000000000e+05
6.495100000000000000e+04
1.084730000000000000e+05
0.000000000000000000e+00
6.464700000000000000e+04
1.362890000000000000e+05
1.264610000000000000e+05
7.711700000000000000e+04
6.583900000000000000e+04
4.187100000000000000e+04
0.000000000000000000e+00
9.539800000000000000e+04
6.869500000000000000e+04
1.056700000000000000e+05
9.790100000000000000e+04
1.656550000000000000e+05
3.352500000000000000e+04
0.000000000000000000e+00
1.167220000000000000e+05
1.299790000000000000e+05
1.075880000000000000e+05
1.363820000000000000e+05
9.708600000000000000e+04
7.259700000000000000e+04
0.000000000000000000e+00
1.107970000000000000e+05
7.937800000000000000e+04
7.691600000000000000e+04
1.427570000000000000e+05
1.056000000000000000e+05
3.300300000000000000e+04
0.000000000000000000e+00
5.769800000000000000e+04
6.278800000000000000e+04
2.714130000000000000e+05
1.270030000000000000e+05
5.636200000000000000e+04
4.693300000000000000e+04
0.000000000000000000e+00
6.640300000000000000e+04
2.799500000000000000e+04
1.451420000000000000e+05
8.139500000000000000e+04
1.111680000000000000e+05
5.262000000000000000e+04
0.000000000000000000e+00
1.567230000000000000e+05
6.291800000000000000e+04
9.261700000000000000e+04
1.124480000000000000e+05
1.478010000000000000e+05
3.694000000000000000e+04
0.000000000000000000e+00
1.652230000000000000e+05
8.531500000000000000e+04
1.148180000000000000e+05
1.336200000000000000e+05
1.307940000000000000e+05
5.692700000000000000e+04
0.000000000000000000e+00
7.395300000000000000e+04
8.339000000000000000e+04
1.247880000000000000e+05
5.271900000000000000e+04
2.223150000000000000e+05
7.881100000000000000e+04
0.000000000000000000e+00
1.067210000000000000e+05
7.080600000000000000e+04
1.092990000000000000e+05
1.234910000000000000e+05
1.002410000000000000e+05
3.210900000000000000e+04
0.000000000000000000e+00
1.212680000000000000e+05
9.319200000000000000e+04
1.777000000000000000e+05
1.167070000000000000e+05
5.835000000000000000e+04
5.345100000000000000e+04
0.000000000000000000e+00
1.749740000000000000e+05
1.057660000000000000e+05
1.365730000000000000e+05
8.944500000000000000e+04
7.368400000000000000e+04
2.731800000000000000e+04
0.000000000000000000e+00
8.378700000000000000e+04
5.206900000000000000e+04
9.620700000000000000e+04
7.774400000000000000e+04
8.022300000000000000e+04
4.165100000000000000e+04
0.000000000000000000e+00
2.141240000000000000e+05
4.167200000000000000e+04
7.348300000000000000e+04
8.954200000000000000e+04
6.686900000000000000e+04
7.013000000000000000e+03
0.000000000000000000e+00
6.799700000000000000e+04
1.166010000000000000e+05
1.001430000000000000e+05
7.870000000000000000e+04
7.668200000000000000e+04
3.927200000000000000e+04
0.000000000000000000e+00
7.737300000000000000e+04
6.735000000000000000e+04
9.707500000000000000e+04
8.902800000000000000e+04
1.218770000000000000e+05
2.842900000000000000e+04
0.000000000000000000e+00
8.548100000000000000e+04
4.791500000000000000e+04
9.005800000000000000e+04
1.016470000000000000e+05
7.269000000000000000e+04
3.138100000000000000e+04
0.000000000000000000e+00
3.696100000000000000e+04
5.044100000000000000e+04
5.337500000000000000e+04
1.739250000000000000e+05
7.548400000000000000e+04
4.472800000000000000e+04
0.000000000000000000e+00
1.072870000000000000e+05
4.317900000000000000e+04
5.963600000000000000e+04
6.877700000000000000e+04
1.242360000000000000e+05
4.773800000000000000e+04
0.000000000000000000e+00
4.080000000000000000e+04
3.861100000000000000e+04
8.865900000000000000e+04
4.803800000000000000e+04
1.591950000000000000e+05
2.352100000000000000e+04
0.000000000000000000e+00
8.220200000000000000e+04
5.264300000000000000e+04
8.403500000000000000e+04
8.165500000000000000e+04
9.114100000000000000e+04
2.358600000000000000e+04
0.000000000000000000e+00
5.314900000000000000e+04
4.855300000000000000e+04
4.490400000000000000e+04
9.948100000000000000e+04
7.999100000000000000e+04
4.198500000000000000e+04
2.286000000000000000e+03
6.248300000000000000e+04
2.866200000000000000e+04
0.000000000000000000e+00
0.000000000000000000e+00
0.000000000000000000e+00
3.867600000000000000e+04
0.000000000000000000e+00
1.908500000000000000e+04
6.500000000000000000e+04
3.966000000000000000e+04
1.429940000000000000e+05
1.658960000000000000e+05
6.477800000000000000e+04
0.000000000000000000e+00
8.122600000000000000e+04
7.283700000000000000e+04
6.532100000000000000e+04
7.554300000000000000e+04
6.516400000000000000e+04
3.176700000000000000e+04
0.000000000000000000e+00
8.025700000000000000e+04
6.797100000000000000e+04
9.853500000000000000e+04
7.952300000000000000e+04
6.265800000000000000e+04
2.567500000000000000e+04
0.000000000000000000e+00
3.096300000000000000e+04
1.887600000000000000e+05
4.959500000000000000e+04
1.136750000000000000e+05
1.059030000000000000e+05
1.251000000000000000e+04
0.000000000000000000e+00
5.954200000000000000e+04
9.808100000000000000e+04
7.829100000000000000e+04
9.982600000000000000e+04
1.597720000000000000e+05
2.751500000000000000e+04
0.000000000000000000e+00
5.695600000000000000e+04
5.694900000000000000e+04
1.049780000000000000e+05
7.813700000000000000e+04
1.133210000000000000e+05
4.876700000000000000e+04
0.000000000000000000e+00
9.621500000000000000e+04
5.924800000000000000e+04
9.131000000000000000e+04
7.989500000000000000e+04
6.881200000000000000e+04
3.184500000000000000e+04
0.000000000000000000e+00
6.463100000000000000e+04
8.059700000000000000e+04
9.502800000000000000e+04
1.673010000000000000e+05
4.473800000000000000e+04
4.138900000000000000e+04
0.000000000000000000e+00
9.114100000000000000e+04
1.321440000000000000e+05
8.133100000000000000e+04
1.528690000000000000e+05
1.846470000000000000e+05
4.523500000000000000e+04
0.000000000000000000e+00
6.632800000000000000e+04
9.407600000000000000e+04
1.030330000000000000e+05
4.587100000000000000e+04
1.141920000000000000e+05
3.886100000000000000e+04
0.000000000000000000e+00
1.232180000000000000e+05
1.300690000000000000e+05
1.339830000000000000e+05
1.034710000000000000e+05
9.444200000000000000e+04
2.612600000000000000e+04
0.000000000000000000e+00
2.738000000000000000e+04
1.016110000000000000e+05
9.266400000000000000e+04
1.236610000000000000e+05
1.538060000000000000e+05
6.483400000000000000e+04
0.000000000000000000e+00
0.000000000000000000e+00
1.623500000000000000e+04
9.638800000000000000e+04
1.475450000000000000e+05
9.621000000000000000e+04
3.917900000000000000e+04
0.000000000000000000e+00
8.277000000000000000e+04
7.985700000000000000e+04
1.195800000000000000e+05
9.068800000000000000e+04
4.379100000000000000e+04
4.299500000000000000e+04
0.000000000000000000e+00
4.577500000000000000e+04
4.432600000000000000e+04
9.057500000000000000e+04
9.496400000000000000e+04
6.436300000000000000e+04
3.873900000000000000e+04
0.000000000000000000e+00
7.098300000000000000e+04
7.067500000000000000e+04
7.071400000000000000e+04
6.520100000000000000e+04
6.192800000000000000e+04
3.441700000000000000e+04
0.000000000000000000e+00
1.083880000000000000e+05
8.441500000000000000e+04
1.322000000000000000e+05
5.042300000000000000e+04
7.497300000000000000e+04
4.425100000000000000e+04
0.000000000000000000e+00
7.592400000000000000e+04
1.033260000000000000e+05
1.160820000000000000e+05
6.859500000000000000e+04
9.204200000000000000e+04
3.211000000000000000e+04
0.000000000000000000e+00
6.646200000000000000e+04
1.045230000000000000e+05
2.171570000000000000e+05
8.983000000000000000e+03
0.000000000000000000e+00
0.000000000000000000e+00
0.000000000000000000e+00
3.623000000000000000e+04
1.095540000000000000e+05
1.014170000000000000e+05
1.193840000000000000e+05
1.360410000000000000e+05
3.280700000000000000e+04
0.000000000000000000e+00
5.819500000000000000e+04
6.289200000000000000e+04
2.420060000000000000e+05
6.168200000000000000e+04
6.145600000000000000e+04
3.572500000000000000e+04
0.000000000000000000e+00
1.120720000000000000e+05
9.704700000000000000e+04
1.025540000000000000e+05
1.057780000000000000e+05
4.952400000000000000e+04
2.691000000000000000e+04
0.000000000000000000e+00
8.164500000000000000e+04
5.269400000000000000e+04
1.141740000000000000e+05
1.441240000000000000e+05
7.082400000000000000e+04
4.253100000000000000e+04
0.000000000000000000e+00
1.263360000000000000e+05
7.871800000000000000e+04
7.252100000000000000e+04
1.055630000000000000e+05
1.031690000000000000e+05
4.112000000000000000e+04
0.000000000000000000e+00
1.135190000000000000e+05
1.118530000000000000e+05
8.495700000000000000e+04
1.000790000000000000e+05
1.140820000000000000e+05
1.438030000000000000e+05
0.000000000000000000e+00
1.229270000000000000e+05
8.647100000000000000e+04
1.010570000000000000e+05
1.669900000000000000e+05
5.357300000000000000e+04
3.548200000000000000e+04
0.000000000000000000e+00
1.575150000000000000e+05
7.995200000000000000e+04
1.364960000000000000e+05
1.174300000000000000e+05
8.255200000000000000e+04
4.895900000000000000e+04
0.000000000000000000e+00
1.111700000000000000e+05
1.779210000000000000e+05
1.138690000000000000e+05
1.302160000000000000e+05
1.108920000000000000e+05
5.467200000000000000e+04
0.000000000000000000e+00
1.100140000000000000e+05
1.208750000000000000e+05
1.121610000000000000e+05
1.396950000000000000e+05
7.796600000000000000e+04
2.109700000000000000e+04
0.000000000000000000e+00
2.053160000000000000e+05
7.287700000000000000e+04
1.289900000000000000e+05
1.302140000000000000e+05
1.001110000000000000e+05
4.813900000000000000e+04
0.000000000000000000e+00
2.886600000000000000e+04
1.316540000000000000e+05
1.162230000000000000e+05
1.066030000000000000e+05
1.019820000000000000e+05
5.683000000000000000e+04
0.000000000000000000e+00
7.343200000000000000e+04
1.222130000000000000e+05
1.045760000000000000e+05
1.216610000000000000e+05
7.631000000000000000e+04
3.403400000000000000e+04
0.000000000000000000e+00
1.053860000000000000e+05
6.155600000000000000e+04
7.897300000000000000e+04
8.966900000000000000e+04
1.269300000000000000e+05
5.023500000000000000e+04
0.000000000000000000e+00
8.503000000000000000e+04
8.071200000000000000e+04
5.655200000000000000e+04
1.983030000000000000e+05
1.244870000000000000e+05
3.649900000000000000e+04
0.000000000000000000e+00
6.734900000000000000e+04
4.608200000000000000e+04
4.757700000000000000e+04
9.255200000000000000e+04
1.215100000000000000e+05
4.560400000000000000e+04
0.000000000000000000e+00
8.793900000000000000e+04
7.669900000000000000e+04
2.685600000000000000e+04
9.661400000000000000e+04
1.030810000000000000e+05
7.176600000000000000e+04
0.000000000000000000e+00
8.949600000000000000e+04
6.734300000000000000e+04
5.794500000000000000e+04
6.313400000000000000e+04
1.248940000000000000e+05
3.013300000000000000e+04
0.000000000000000000e+00
1.254200000000000000e+05
1.099560000000000000e+05
6.344700000000000000e+04
5.450200000000000000e+04
5.472200000000000000e+04
1.068240000000000000e+05
0.000000000000000000e+00
1.046060000000000000e+05
9.309800000000000000e+04
7.639400000000000000e+04
6.476500000000000000e+04
1.179640000000000000e+05
6.010500000000000000e+04
0.000000000000000000e+00
7.105600000000000000e+04
1.051370000000000000e+05
6.640100000000000000e+04
9.571500000000000000e+04
9.148900000000000000e+04
1.892300000000000000e+04
0.000000000000000000e+00
1.554640000000000000e+05
9.907200000000000000e+04
6.964500000000000000e+04
8.687500000000000000e+04
9.393800000000000000e+04
4.030200000000000000e+04
0.000000000000000000e+00
9.254400000000000000e+04
8.065100000000000000e+04
1.235960000000000000e+05
8.593300000000000000e+04
1.079700000000000000e+05
3.998500000000000000e+04
0.000000000000000000e+00
5.342300000000000000e+04
1.185220000000000000e+05
8.832900000000000000e+04
8.713000000000000000e+04
6.302600000000000000e+04
4.142000000000000000e+03
0.000000000000000000e+00
7.512100000000000000e+04
1.418240000000000000e+05
1.132890000000000000e+05
1.472790000000000000e+05
1.199440000000000000e+05
3.627100000000000000e+04
0.000000000000000000e+00
1.295280000000000000e+05
7.525800000000000000e+04
9.169100000000000000e+04
7.104200000000000000e+04
7.913500000000000000e+04
0.000000000000000000e+00
0.000000000000000000e+00
1.488080000000000000e+05
7.456700000000000000e+04
6.301200000000000000e+04
9.604600000000000000e+04
4.335400000000000000e+04
3.700500000000000000e+04
0.000000000000000000e+00
5.379800000000000000e+04
4.124200000000000000e+04
4.220800000000000000e+04
5.112700000000000000e+04
1.661780000000000000e+05
3.665800000000000000e+04
0.000000000000000000e+00
4.802100000000000000e+04
4.903300000000000000e+04
4.896100000000000000e+04
1.367900000000000000e+05
6.822700000000000000e+04
8.375200000000000000e+04
0.000000000000000000e+00
7.344800000000000000e+04
1.109830000000000000e+05
3.980900000000000000e+04
9.138300000000000000e+04
5.915200000000000000e+04
6.033200000000000000e+04
0.000000000000000000e+00
6.472100000000000000e+04
5.561200000000000000e+04
5.089200000000000000e+04
9.347200000000000000e+04
6.308400000000000000e+04
1.765700000000000000e+04
0.000000000000000000e+00
0.000000000000000000e+00
0.000000000000000000e+00
0.000000000000000000e+00
3.429200000000000000e+04
8.446400000000000000e+04
7.241800000000000000e+04
0.000000000000000000e+00
8.856800000000000000e+04
9.387900000000000000e+04
9.543800000000000000e+04
1.067260000000000000e+05
7.763400000000000000e+04
2.178000000000000000e+04
0.000000000000000000e+00
6.249100000000000000e+04
5.922400000000000000e+04
1.124380000000000000e+05
8.094900000000000000e+04
6.177400000000000000e+04
6.630600000000000000e+04
0.000000000000000000e+00
6.916800000000000000e+04
9.369900000000000000e+04
1.064280000000000000e+05
8.322700000000000000e+04
8.438200000000000000e+04
3.190100000000000000e+04
0.000000000000000000e+00
9.288600000000000000e+04
8.005000000000000000e+04
7.023800000000000000e+04
9.659000000000000000e+04
1.021170000000000000e+05
1.665500000000000000e+04
0.000000000000000000e+00
6.844500000000000000e+04
7.964400000000000000e+04
1.075500000000000000e+05
1.331110000000000000e+05
7.130800000000000000e+04
4.069500000000000000e+04
0.000000000000000000e+00
1.496300000000000000e+05
1.141860000000000000e+05
6.290700000000000000e+04
1.526930000000000000e+05
9.079000000000000000e+04
3.109600000000000000e+04
0.000000000000000000e+00
6.985200000000000000e+04
1.046810000000000000e+05
9.071300000000000000e+04
1.335520000000000000e+05
1.393390000000000000e+05
7.601700000000000000e+04
0.000000000000000000e+00
9.658900000000000000e+04
9.891300000000000000e+04
8.427200000000000000e+04
1.489320000000000000e+05
6.543700000000000000e+04
3.537000000000000000e+04
0.000000000000000000e+00
1.413400000000000000e+05
6.562200000000000000e+04
1.074960000000000000e+05
7.045200000000000000e+04
1.458390000000000000e+05
3.700100000000000000e+04
0.000000000000000000e+00
1.127350000000000000e+05
8.471200000000000000e+04
8.834700000000000000e+04
8.590200000000000000e+04
9.539700000000000000e+04
2.312600000000000000e+04
0.000000000000000000e+00
1.080890000000000000e+05
1.160490000000000000e+05
6.234300000000000000e+04
1.116220000000000000e+05
8.063600000000000000e+04
7.403800000000000000e+04
0.000000000000000000e+00
7.344400000000000000e+04
1.021450000000000000e+05
7.422600000000000000e+04
1.616230000000000000e+05
8.447500000000000000e+04
5.580500000000000000e+04
0.000000000000000000e+00
6.643100000000000000e+04
5.201600000000000000e+04
5.953400000000000000e+04
5.843600000000000000e+04
9.280900000000000000e+04
3.604900000000000000e+04
0.000000000000000000e+00
8.058700000000000000e+04
0.000000000000000000e+00
3.739000000000000000e+03
1.180040000000000000e+05
1.737860000000000000e+05
7.929000000000000000e+04
0.000000000000000000e+00
8.085900000000000000e+04
1.605040000000000000e+05
8.624800000000000000e+04
8.675800000000000000e+04
9.538400000000000000e+04
1.887300000000000000e+04
0.000000000000000000e+00
4.478000000000000000e+04
8.821500000000000000e+04
8.676900000000000000e+04
8.567400000000000000e+04
4.354000000000000000e+04
4.437800000000000000e+04
0.000000000000000000e+00
7.711000000000000000e+04
7.847800000000000000e+04
4.176600000000000000e+04
1.217160000000000000e+05
7.319300000000000000e+04
3.911900000000000000e+04
0.000000000000000000e+00
5.336000000000000000e+04
4.925900000000000000e+04
5.344700000000000000e+04
1.091900000000000000e+05
1.006890000000000000e+05
3.023600000000000000e+04
0.000000000000000000e+00
6.674000000000000000e+03
0.000000000000000000e+00
0.000000000000000000e+00
2.369000000000000000e+03
8.303200000000000000e+04
4.668900000000000000e+04
0.000000000000000000e+00
1.030210000000000000e+05
1.019590000000000000e+05
1.031290000000000000e+05
9.718600000000000000e+04
9.503700000000000000e+04
2.744600000000000000e+04
0.000000000000000000e+00
9.253900000000000000e+04
1.037090000000000000e+05
8.614800000000000000e+04
9.853900000000000000e+04
6.514900000000000000e+04
3.757800000000000000e+04
0.000000000000000000e+00
6.849800000000000000e+04
8.452600000000000000e+04
9.871100000000000000e+04
1.069800000000000000e+05
5.366300000000000000e+04
5.111500000000000000e+04
0.000000000000000000e+00
1.258570000000000000e+05
6.837200000000000000e+04
9.066200000000000000e+04
1.177980000000000000e+05
1.163690000000000000e+05
3.531700000000000000e+04
0.000000000000000000e+00
5.877300000000000000e+04
1.094970000000000000e+05
8.635000000000000000e+04
1.191870000000000000e+05
7.476100000000000000e+04
2.513900000000000000e+04
0.000000000000000000e+00
1.012440000000000000e+05
8.644700000000000000e+04
8.366000000000000000e+04
9.604000000000000000e+04
8.628200000000000000e+04
1.867500000000000000e+04
0.000000000000000000e+00
7.766500000000000000e+04
1.014180000000000000e+05
1.043660000000000000e+05
7.938200000000000000e+04
6.045500000000000000e+04
5.920900000000000000e+04
0.000000000000000000e+00
1.084550000000000000e+05
1.077870000000000000e+05
9.690300000000000000e+04
1.002450000000000000e+05
6.787900000000000000e+04
2.682800000000000000e+04
0.000000000000000000e+00
5.507500000000000000e+04
1.305360000000000000e+05
8.946200000000000000e+04
1.168780000000000000e+05
5.204700000000000000e+04
6.463600000000000000e+04
0.000000000000000000e+00
6.998200000000000000e+04
8.004500000000000000e+04
9.599700000000000000e+04
1.496690000000000000e+05
6.955200000000000000e+04
3.703600000000000000e+04
0.000000000000000000e+00
1.026910000000000000e+05
1.021170000000000000e+05
9.201400000000000000e+04
7.298900000000000000e+04
1.340320000000000000e+05
3.988000000000000000e+04
0.000000000000000000e+00
5.655300000000000000e+04
1.585410000000000000e+05
6.897100000000000000e+04
7.696800000000000000e+04
1.257970000000000000e+05
3.294100000000000000e+04
0.000000000000000000e+00
5.709000000000000000e+04
1.153200000000000000e+05
8.617200000000000000e+04
1.193020000000000000e+05
9.883700000000000000e+04
5.118500000000000000e+04
0.000000000000000000e+00
1.308810000000000000e+05
6.230700000000000000e+04
1.259030000000000000e+05
8.578800000000000000e+04
9.423200000000000000e+04
3.573800000000000000e+04
0.000000000000000000e+00
1.074970000000000000e+05
8.085000000000000000e+04
5.748500000000000000e+04
1.041300000000000000e+05
7.568500000000000000e+04
4.457100000000000000e+04
0.000000000000000000e+00
9.135100000000000000e+04
9.742600000000000000e+04
1.244660000000000000e+05
7.487200000000000000e+04
1.034610000000000000e+05
3.903400000000000000e+04
0.000000000000000000e+00
4.219700000000000000e+04
9.156300000000000000e+04
7.090800000000000000e+04
6.163800000000000000e+04
5.922100000000000000e+04
2.253000000000000000e+04
0.000000000000000000e+00
7.252300000000000000e+04
7.795800000000000000e+04
8.181100000000000000e+04
1.005380000000000000e+05
6.227800000000000000e+04
3.693200000000000000e+04
0.000000000000000000e+00
5.059000000000000000e+04
7.619600000000000000e+04
8.853800000000000000e+04
1.075880000000000000e+05
7.256600000000000000e+04
2.452000000000000000e+04
0.000000000000000000e+00
3.252900000000000000e+04
9.596500000000000000e+04
6.219700000000000000e+04
8.225600000000000000e+04
8.240100000000000000e+04
1.891100000000000000e+04
0.000000000000000000e+00
7.220500000000000000e+04
4.150700000000000000e+04
7.107600000000000000e+04
8.548000000000000000e+04
5.377100000000000000e+04
1.226300000000000000e+04
0.000000000000000000e+00
4.528200000000000000e+04
5.118500000000000000e+04
6.894500000000000000e+04
8.393000000000000000e+04
7.732800000000000000e+04
3.803400000000000000e+04
0.000000000000000000e+00
5.588900000000000000e+04
4.830000000000000000e+04
8.460900000000000000e+04
5.868300000000000000e+04
8.018600000000000000e+04
2.421600000000000000e+04
0.000000000000000000e+00
8.579700000000000000e+04
4.091900000000000000e+04
8.652900000000000000e+04
4.623400000000000000e+04
3.292000000000000000e+04
2.426100000000000000e+04
0.000000000000000000e+00
4.204600000000000000e+04
5.282400000000000000e+04
1.126500000000000000e+05
8.239300000000000000e+04
6.474900000000000000e+04
1.099000000000000000e+04
0.000000000000000000e+00
5.219100000000000000e+04
1.042900000000000000e+05
6.310800000000000000e+04
1.016690000000000000e+05
1.007600000000000000e+05
4.822200000000000000e+04
0.000000000000000000e+00
6.893600000000000000e+04
5.860500000000000000e+04
6.123800000000000000e+04
7.549200000000000000e+04
6.683700000000000000e+04
4.012200000000000000e+04
0.000000000000000000e+00
5.476700000000000000e+04
8.257800000000000000e+04
6.031000000000000000e+04
9.752600000000000000e+04
7.754200000000000000e+04
2.689000000000000000e+04
0.000000000000000000e+00
6.117100000000000000e+04
6.824000000000000000e+04
5.365400000000000000e+04
4.761200000000000000e+04
6.116200000000000000e+04
5.218100000000000000e+04
0.000000000000000000e+00
5.898900000000000000e+04
3.884400000000000000e+04
6.160600000000000000e+04
5.936200000000000000e+04
5.852600000000000000e+04
1.002200000000000000e+04
0.000000000000000000e+00
6.663700000000000000e+04
5.948800000000000000e+04
5.439300000000000000e+04
1.620800000000000000e+04
0.000000000000000000e+00
0.000000000000000000e+00
0.000000000000000000e+00
2.189600000000000000e+04
4.914600000000000000e+04
5.362300000000000000e+04
8.560100000000000000e+04
4.444200000000000000e+04
8.416000000000000000e+03
0.000000000000000000e+00
5.949400000000000000e+04
3.067400000000000000e+04
5.432200000000000000e+04
4.608700000000000000e+04
5.535800000000000000e+04
2.729500000000000000e+04
0.000000000000000000e+00
7.906700000000000000e+04
7.659400000000000000e+04
9.339600000000000000e+04
5.899700000000000000e+04
4.510100000000000000e+04
1.134600000000000000e+04
0.000000000000000000e+00
4.443700000000000000e+04
5.852600000000000000e+04
3.895100000000000000e+04
1.265910000000000000e+05
7.844800000000000000e+04
6.776300000000000000e+04
0.000000000000000000e+00
5.264200000000000000e+04
1.107330000000000000e+05
1.102350000000000000e+05
5.872900000000000000e+04
8.388800000000000000e+04
1.810600000000000000e+04
0.000000000000000000e+00
1.052990000000000000e+05
7.200700000000000000e+04
6.559600000000000000e+04
5.627400000000000000e+04
7.417600000000000000e+04
3.668500000000000000e+04
0.000000000000000000e+00
6.040300000000000000e+04
6.873700000000000000e+04
6.797900000000000000e+04
1.503830000000000000e+05
9.069900000000000000e+04
2.886300000000000000e+04
0.000000000000000000e+00
1.004230000000000000e+05
1.345690000000000000e+05
6.705500000000000000e+04
4.709700000000000000e+04
7.691200000000000000e+04
3.532800000000000000e+04
0.000000000000000000e+00
8.793900000000000000e+04
1.528660000000000000e+05
1.150710000000000000e+05
7.787800000000000000e+04
8.355000000000000000e+04
4.852400000000000000e+04
0.000000000000000000e+00
1.161490000000000000e+05
7.376500000000000000e+04
1.059320000000000000e+05
4.428500000000000000e+04
6.545300000000000000e+04
3.305200000000000000e+04
0.000000000000000000e+00
5.474200000000000000e+04
1.054800000000000000e+05
1.079620000000000000e+05
7.342100000000000000e+04
4.798300000000000000e+04
1.097900000000000000e+05
0.000000000000000000e+00
1.360980000000000000e+05
1.360970000000000000e+05
6.164400000000000000e+04
6.380700000000000000e+04
6.884100000000000000e+04
2.355500000000000000e+04
0.000000000000000000e+00
6.913200000000000000e+04
1.369880000000000000e+05
7.897700000000000000e+04
7.633000000000000000e+04
6.480800000000000000e+04
5.266100000000000000e+04
0.000000000000000000e+00
8.957100000000000000e+04
8.993200000000000000e+04
9.885400000000000000e+04
6.309000000000000000e+04
7.552000000000000000e+04
5.036300000000000000e+04
0.000000000000000000e+00
9.815200000000000000e+04
1.514050000000000000e+05
7.681500000000000000e+04
1.003260000000000000e+05
5.856000000000000000e+04
2.688700000000000000e+04
0.000000000000000000e+00
9.669800000000000000e+04
1.276100000000000000e+05
0.000000000000000000e+00
9.908000000000000000e+03
1.658750000000000000e+05
6.252500000000000000e+04
0.000000000000000000e+00
1.308770000000000000e+05
9.964200000000000000e+04
6.166400000000000000e+04
9.411600000000000000e+04
8.137100000000000000e+04
2.465400000000000000e+04
0.000000000000000000e+00
8.329100000000000000e+04
7.382000000000000000e+04
4.710200000000000000e+04
6.506400000000000000e+04
5.281800000000000000e+04
2.141100000000000000e+04
0.000000000000000000e+00
7.891500000000000000e+04
7.118600000000000000e+04
5.749600000000000000e+04
7.489400000000000000e+04
1.163200000000000000e+04
0.000000000000000000e+00
0.000000000000000000e+00
4.080000000000000000e+02
3.681000000000000000e+04
8.810800000000000000e+04
1.032450000000000000e+05
1.355740000000000000e+05
4.717900000000000000e+04
0.000000000000000000e+00
1.070710000000000000e+05
8.929300000000000000e+04
6.291100000000000000e+04
9.889600000000000000e+04
7.389900000000000000e+04
2.698000000000000000e+04
0.000000000000000000e+00
7.725300000000000000e+04
7.436700000000000000e+04
1.204070000000000000e+05
6.735600000000000000e+04
6.874300000000000000e+04
5.710800000000000000e+04
0.000000000000000000e+00
6.587200000000000000e+04
1.131400000000000000e+05
7.136400000000000000e+04
9.354700000000000000e+04
5.653200000000000000e+04
2.981400000000000000e+04
0.000000000000000000e+00
9.957700000000000000e+04
5.318100000000000000e+04
8.767200000000000000e+04
7.291700000000000000e+04
6.683600000000000000e+04
4.218800000000000000e+04
0.000000000000000000e+00
1.204740000000000000e+05
8.328600000000000000e+04
7.912300000000000000e+04
2.853200000000000000e+04
8.115200000000000000e+04
3.009000000000000000e+04
0.000000000000000000e+00
8.982100000000000000e+04
9.342300000000000000e+04
9.801400000000000000e+04
6.230500000000000000e+04
7.403500000000000000e+04
3.384800000000000000e+04
0.000000000000000000e+00
1.421610000000000000e+05
1.441210000000000000e+05
9.300800000000000000e+04
8.846300000000000000e+04
7.855000000000000000e+04
2.089200000000000000e+04
0.000000000000000000e+00
6.737500000000000000e+04
7.777900000000000000e+04
7.131500000000000000e+04
7.887900000000000000e+04
9.129800000000000000e+04
2.573800000000000000e+04
0.000000000000000000e+00
2.528700000000000000e+04
9.947500000000000000e+04
8.388800000000000000e+04
9.569700000000000000e+04
5.382100000000000000e+04
3.115300000000000000e+04
0.000000000000000000e+00
8.095900000000000000e+04
8.652800000000000000e+04
8.586300000000000000e+04
3.932000000000000000e+04
8.333500000000000000e+04
2.251800000000000000e+04
0.000000000000000000e+00
5.265600000000000000e+04
7.006600000000000000e+04
6.972300000000000000e+04
6.637900000000000000e+04
3.297100000000000000e+04
6.685800000000000000e+04
0.000000000000000000e+00
8.811300000000000000e+04
4.335100000000000000e+04
7.268600000000000000e+04
8.741300000000000000e+04
7.047300000000000000e+04
4.265200000000000000e+04
0.000000000000000000e+00
8.243400000000000000e+04
6.721600000000000000e+04
8.834700000000000000e+04
8.257300000000000000e+04
5.777300000000000000e+04
1.540800000000000000e+04
0.000000000000000000e+00
9.779500000000000000e+04
6.204200000000000000e+04
1.192810000000000000e+05
6.616200000000000000e+04
6.394500000000000000e+04
3.249600000000000000e+04
0.000000000000000000e+00
5.211700000000000000e+04
1.044510000000000000e+05
7.419400000000000000e+04
5.963400000000000000e+04
8.184900000000000000e+04
5.895200000000000000e+04
0.000000000000000000e+00
4.215300000000000000e+04
5.539200000000000000e+04
8.410700000000000000e+04
7.655700000000000000e+04
9.444300000000000000e+04
5.020700000000000000e+04
0.000000000000000000e+00
5.145500000000000000e+04
5.394600000000000000e+04
1.148660000000000000e+05
6.315800000000000000e+04
6.300300000000000000e+04
7.896200000000000000e+04
0.000000000000000000e+00
1.165170000000000000e+05
1.053200000000000000e+05
1.407440000000000000e+05
6.701800000000000000e+04
5.614700000000000000e+04
7.697200000000000000e+04
0.000000000000000000e+00
5.959100000000000000e+04
7.583500000000000000e+04
9.341000000000000000e+04
9.712800000000000000e+04
8.565200000000000000e+04
3.806300000000000000e+04
0.000000000000000000e+00
5.294700000000000000e+04
6.814100000000000000e+04
1.015380000000000000e+05
5.608800000000000000e+04
5.874700000000000000e+04
4.548900000000000000e+04
0.000000000000000000e+00
5.396700000000000000e+04
5.259500000000000000e+04
9.322800000000000000e+04
7.386800000000000000e+04
5.486000000000000000e+04
5.618100000000000000e+04
0.000000000000000000e+00
3.182000000000000000e+04
4.033600000000000000e+04
1.563660000000000000e+05
5.632600000000000000e+04
5.379100000000000000e+04
2.564600000000000000e+04
0.000000000000000000e+00
2.730600000000000000e+04
5.232800000000000000e+04
7.772700000000000000e+04
3.620500000000000000e+04
8.205600000000000000e+04
2.371200000000000000e+04
0.000000000000000000e+00
4.415300000000000000e+04
2.768800000000000000e+04
6.987100000000000000e+04
1.029580000000000000e+05
6.811200000000000000e+04
3.393800000000000000e+04
0.000000000000000000e+00
5.033000000000000000e+04
3.577800000000000000e+04
7.170400000000000000e+04
7.081700000000000000e+04
5.170300000000000000e+04
1.396400000000000000e+04
0.000000000000000000e+00
2.799300000000000000e+04
3.852300000000000000e+04
4.495400000000000000e+04
6.874900000000000000e+04
8.078900000000000000e+04
3.329000000000000000e+03
0.000000000000000000e+00
6.415600000000000000e+04
4.017400000000000000e+04
9.125800000000000000e+04
5.202200000000000000e+04
9.535200000000000000e+04
6.516300000000000000e+04
0.000000000000000000e+00
3.331400000000000000e+04
4.730400000000000000e+04
7.206800000000000000e+04
5.623500000000000000e+04
5.219500000000000000e+04
5.910500000000000000e+04
0.000000000000000000e+00
6.026900000000000000e+04
3.027300000000000000e+04
3.751600000000000000e+04
9.658300000000000000e+04
7.823100000000000000e+04
2.816700000000000000e+04
0.000000000000000000e+00
3.797000000000000000e+04
4.301700000000000000e+04
4.577700000000000000e+04
5.511900000000000000e+04
5.003300000000000000e+04
2.341800000000000000e+04
0.000000000000000000e+00
2.797900000000000000e+04
5.298400000000000000e+04
6.243000000000000000e+04
6.711300000000000000e+04
2.913300000000000000e+04
2.902300000000000000e+04
0.000000000000000000e+00
2.501700000000000000e+04
3.126700000000000000e+04
5.857300000000000000e+04
4.324000000000000000e+04
3.900500000000000000e+04
2.286000000000000000e+04
0.000000000000000000e+00
3.309000000000000000e+04
4.415700000000000000e+04
3.771900000000000000e+04
2.345100000000000000e+04
6.312800000000000000e+04
3.252600000000000000e+04
3.800000000000000000e+03
3.405400000000000000e+04
5.679100000000000000e+04
5.829400000000000000e+04
4.631000000000000000e+04
7.335000000000000000e+04
1.468700000000000000e+04
0.000000000000000000e+00
1.841800000000000000e+04
2.513300000000000000e+04
4.793000000000000000e+04
0.000000000000000000e+00
0.000000000000000000e+00
3.240000000000000000e+02
0.000000000000000000e+00
4.238100000000000000e+04
4.221800000000000000e+04
1.123100000000000000e+05
8.079000000000000000e+04
6.780000000000000000e+04
2.132000000000000000e+04
0.000000000000000000e+00
3.941300000000000000e+04
4.314500000000000000e+04
9.283500000000000000e+04
6.813400000000000000e+04
1.946600000000000000e+04
5.364400000000000000e+04
0.000000000000000000e+00
4.819800000000000000e+04
6.413600000000000000e+04
9.456000000000000000e+04
5.291800000000000000e+04
4.062700000000000000e+04
4.304900000000000000e+04
0.000000000000000000e+00
4.992700000000000000e+04
5.476100000000000000e+04
9.636500000000000000e+04
3.246900000000000000e+04
7.560900000000000000e+04
4.972400000000000000e+04
0.000000000000000000e+00
6.329400000000000000e+04
7.834100000000000000e+04
1.178360000000000000e+05
3.197400000000000000e+04
6.502000000000000000e+04
5.235900000000000000e+04
0.000000000000000000e+00
6.642400000000000000e+04
8.185400000000000000e+04
1.231250000000000000e+05
9.968100000000000000e+04
7.011000000000000000e+04
5.655900000000000000e+04
0.000000000000000000e+00
5.630200000000000000e+04
7.077800000000000000e+04
1.169770000000000000e+05
6.543500000000000000e+04
4.500000000000000000e+04
4.292400000000000000e+04
0.000000000000000000e+00
4.534400000000000000e+04
4.985700000000000000e+04
8.734600000000000000e+04
6.437100000000000000e+04
6.487600000000000000e+04
4.353100000000000000e+04
0.000000000000000000e+00
6.281400000000000000e+04
5.248700000000000000e+04
1.076730000000000000e+05
4.653300000000000000e+04
5.612800000000000000e+04
6.393000000000000000e+04
0.000000000000000000e+00
6.925500000000000000e+04
6.909200000000000000e+04
8.787500000000000000e+04
9.122900000000000000e+04
4.659200000000000000e+04
5.575900000000000000e+04
0.000000000000000000e+00
6.048600000000000000e+04
1.056290000000000000e+05
1.026060000000000000e+05
3.521100000000000000e+04
1.307110000000000000e+05
7.765000000000000000e+04
0.000000000000000000e+00
5.381100000000000000e+04
8.622600000000000000e+04
1.298930000000000000e+05
5.562200000000000000e+04
1.010980000000000000e+05
3.521000000000000000e+04
0.000000000000000000e+00
5.082200000000000000e+04
8.373100000000000000e+04
5.483200000000000000e+04
6.244600000000000000e+04
