0.000000000000000000e+00
8.888110000000000000e+05
3.049559000000000000e+06
2.630194000000000000e+06
2.567866000000000000e+06
2.456580000000000000e+06
2.431800000000000000e+06
0.000000000000000000e+00
2.946967000000000000e+06
2.203473000000000000e+06
2.347410000000000000e+06
2.189901000000000000e+06
2.356343000000000000e+06
2.235422000000000000e+06
0.000000000000000000e+00
2.725756000000000000e+06
2.118160000000000000e+06
2.269325000000000000e+06
2.176601000000000000e+06
2.286114000000000000e+06
2.276485000000000000e+06
2.781200000000000000e+04
3.061614000000000000e+06
2.703228000000000000e+06
0.000000000000000000e+00
0.000000000000000000e+00
0.000000000000000000e+00
0.000000000000000000e+00
0.000000000000000000e+00
0.000000000000000000e+00
0.000000000000000000e+00
1.034858000000000000e+06
9.077190000000000000e+05
1.023245000000000000e+06
1.034279000000000000e+06
0.000000000000000000e+00
1.140502000000000000e+06
8.085810000000000000e+05
8.702840000000000000e+05
7.520900000000000000e+05
6.722570000000000000e+05
6.182700000000000000e+05
0.000000000000000000e+00
7.391440000000000000e+05
5.098150000000000000e+05
5.363900000000000000e+05
5.195460000000000000e+05
5.266190000000000000e+05
5.110980000000000000e+05
0.000000000000000000e+00
5.814750000000000000e+05
4.368470000000000000e+05
3.957880000000000000e+05
3.263170000000000000e+05
2.697960000000000000e+05
2.736270000000000000e+05
0.000000000000000000e+00
3.580430000000000000e+05
2.525310000000000000e+05
2.434060000000000000e+05
2.335070000000000000e+05
2.304860000000000000e+05
1.999670000000000000e+05
0.000000000000000000e+00
2.535580000000000000e+05
1.885480000000000000e+05
1.561930000000000000e+05
1.637890000000000000e+05
1.577660000000000000e+05
1.469060000000000000e+05
0.000000000000000000e+00
1.877800000000000000e+05
1.509990000000000000e+05
1.100020000000000000e+05
1.050300000000000000e+05
1.062710000000000000e+05
8.475100000000000000e+04
0.000000000000000000e+00
1.028890000000000000e+05
7.554600000000000000e+04
5.472200000000000000e+04
4.187000000000000000e+04
5.721400000000000000e+04
3.878700000000000000e+04
0.000000000000000000e+00
6.301400000000000000e+04
3.034200000000000000e+04
3.776300000000000000e+04
3.981900000000000000e+04
3.893000000000000000e+04
3.550000000000000000e+04
0.000000000000000000e+00
3.299900000000000000e+04
3.067500000000000000e+04
3.010300000000000000e+04
2.228900000000000000e+04
3.064300000000000000e+04
2.122200000000000000e+04
0.000000000000000000e+00
3.371200000000000000e+04
2.269600000000000000e+04
2.002400000000000000e+04
2.034400000000000000e+04
1.246400000000000000e+04
1.638500000000000000e+04
0.000000000000000000e+00
1.216400000000000000e+04
1.300100000000000000e+04
1.411800000000000000e+04
9.780000000000000000e+03
1.601500000000000000e+04
1.382100000000000000e+04
0.000000000000000000e+00
1.716000000000000000e+04
9.878000000000000000e+03
1.388000000000000000e+04
1.174200000000000000e+04
1.161500000000000000e+04
3.706500000000000000e+04
0.000000000000000000e+00
1.603100000000000000e+04
1.146100000000000000e+04
8.971000000000000000e+03
1.030000000000000000e+04
1.688200000000000000e+04
1.053900000000000000e+04
0.000000000000000000e+00
1.580200000000000000e+04
1.200700000000000000e+04
1.448000000000000000e+04
1.028100000000000000e+04
1.640900000000000000e+04
1.353300000000000000e+04
0.000000000000000000e+00
1.758500000000000000e+04
1.838100000000000000e+04
2.491000000000000000e+04
2.569100000000000000e+04
2.723100000000000000e+04
2.952800000000000000e+04
0.000000000000000000e+00
2.698600000000000000e+04
3.373300000000000000e+04
2.850900000000000000e+04
3.010900000000000000e+04
2.792200000000000000e+04
2.821600000000000000e+04
0.000000000000000000e+00
3.029200000000000000e+04
2.673600000000000000e+04
2.785700000000000000e+04
3.445300000000000000e+04
3.354900000000000000e+04
3.944800000000000000e+04
0.000000000000000000e+00
5.223400000000000000e+04
3.781900000000000000e+04
4.523500000000000000e+04
4.346100000000000000e+04
4.678200000000000000e+04
4.813300000000000000e+04
0.000000000000000000e+00
6.416800000000000000e+04
6.100800000000000000e+04
5.233200000000000000e+04
5.304200000000000000e+04
6.314600000000000000e+04
7.549200000000000000e+04
0.000000000000000000e+00
6.937600000000000000e+04
5.559100000000000000e+04
7.596900000000000000e+04
5.663500000000000000e+04
6.235900000000000000e+04
6.207300000000000000e+04
0.000000000000000000e+00
6.811200000000000000e+04
5.356100000000000000e+04
6.561600000000000000e+04
6.393100000000000000e+04
4.574500000000000000e+04
6.366900000000000000e+04
0.000000000000000000e+00
6.908900000000000000e+04
6.461800000000000000e+04
6.690000000000000000e+04
6.685000000000000000e+04
6.167400000000000000e+04
6.732800000000000000e+04
0.000000000000000000e+00
7.431900000000000000e+04
6.218200000000000000e+04
6.996600000000000000e+04
7.697400000000000000e+04
6.403800000000000000e+04
6.413400000000000000e+04
0.000000000000000000e+00
6.093700000000000000e+04
5.865500000000000000e+04
6.104400000000000000e+04
7.947900000000000000e+04
7.089300000000000000e+04
6.392200000000000000e+04
0.000000000000000000e+00
6.023600000000000000e+04
6.580900000000000000e+04
6.377600000000000000e+04
6.471100000000000000e+04
6.347800000000000000e+04
7.499300000000000000e+04
0.000000000000000000e+00
7.029800000000000000e+04
6.212200000000000000e+04
4.935700000000000000e+04
6.032400000000000000e+04
6.845000000000000000e+04
2.554800000000000000e+04
0.000000000000000000e+00
7.698100000000000000e+04
6.357300000000000000e+04
6.473700000000000000e+04
6.881600000000000000e+04
6.852200000000000000e+04
6.105300000000000000e+04
0.000000000000000000e+00
8.024200000000000000e+04
5.756700000000000000e+04
4.987600000000000000e+04
5.689300000000000000e+04
5.670400000000000000e+04
5.703000000000000000e+04
0.000000000000000000e+00
7.911700000000000000e+04
6.155100000000000000e+04
6.964600000000000000e+04
7.181500000000000000e+04
7.443300000000000000e+04
7.295100000000000000e+04
0.000000000000000000e+00
8.524900000000000000e+04
7.485000000000000000e+04
6.830200000000000000e+04
7.592500000000000000e+04
8.581600000000000000e+04
7.984800000000000000e+04
0.000000000000000000e+00
9.849200000000000000e+04
8.633000000000000000e+04
8.985700000000000000e+04
8.806000000000000000e+04
9.450200000000000000e+04
9.998800000000000000e+04
0.000000000000000000e+00
1.218210000000000000e+05
1.230080000000000000e+05
1.225230000000000000e+05
1.233510000000000000e+05
1.265190000000000000e+05
1.181770000000000000e+05
0.000000000000000000e+00
1.503040000000000000e+05
1.463490000000000000e+05
1.601620000000000000e+05
1.647260000000000000e+05
1.777460000000000000e+05
2.057650000000000000e+05
8.210000000000000000e+02
2.864840000000000000e+05
2.776720000000000000e+05
3.128420000000000000e+05
4.162070000000000000e+05
4.405430000000000000e+05
5.143800000000000000e+05
8.959500000000000000e+04
7.158490000000000000e+05
1.993850000000000000e+05
0.000000000000000000e+00
0.000000000000000000e+00
0.000000000000000000e+00
1.868550000000000000e+05
0.000000000000000000e+00
6.628580000000000000e+05
7.750980000000000000e+05
9.138420000000000000e+05
1.001610000000000000e+06
1.008001000000000000e+06
9.598610000000000000e+05
0.000000000000000000e+00
1.163977000000000000e+06
8.978990000000000000e+05
1.031044000000000000e+06
9.910090000000000000e+05
1.288840000000000000e+06
1.408132000000000000e+06
0.000000000000000000e+00
1.922872000000000000e+06
1.655976000000000000e+06
1.675724000000000000e+06
1.470924000000000000e+06
1.444320000000000000e+06
1.470742000000000000e+06
0.000000000000000000e+00
2.029881000000000000e+06
1.665611000000000000e+06
1.684442000000000000e+06
1.697907000000000000e+06
1.790200000000000000e+06
1.664156000000000000e+06
0.000000000000000000e+00
2.055520000000000000e+06
1.652448000000000000e+06
1.647789000000000000e+06
1.605063000000000000e+06
1.683985000000000000e+06
1.664878000000000000e+06
0.000000000000000000e+00
2.195570000000000000e+06
1.744141000000000000e+06
1.776768000000000000e+06
1.697228000000000000e+06
1.835590000000000000e+06
1.796926000000000000e+06
0.000000000000000000e+00
2.219288000000000000e+06
1.747757000000000000e+06
1.905091000000000000e+06
1.731707000000000000e+06
1.961862000000000000e+06
1.878653000000000000e+06
0.000000000000000000e+00
2.453200000000000000e+06
1.913980000000000000e+06
1.970266000000000000e+06
1.909035000000000000e+06
1.976495000000000000e+06
1.936989000000000000e+06
0.000000000000000000e+00
2.445081000000000000e+06
1.911333000000000000e+06
2.090614000000000000e+06
1.906867000000000000e+06
2.062195000000000000e+06
1.967132000000000000e+06
0.000000000000000000e+00
2.521905000000000000e+06
1.917924000000000000e+06
1.998796000000000000e+06
1.984632000000000000e+06
2.180111000000000000e+06
1.939644000000000000e+06
0.000000000000000000e+00
2.572547000000000000e+06
1.959367000000000000e+06
2.085537000000000000e+06
2.086987000000000000e+06
2.380657000000000000e+06
2.553265000000000000e+06
0.000000000000000000e+00
2.684065000000000000e+06
2.333918000000000000e+06
2.191819000000000000e+06
2.190600000000000000e+06
2.558949000000000000e+06
2.493968000000000000e+06
0.000000000000000000e+00
0.000000000000000000e+00
1.167426000000000000e+06
2.919553000000000000e+06
2.289625000000000000e+06
2.328260000000000000e+06
2.288028000000000000e+06
0.000000000000000000e+00
2.648235000000000000e+06
2.049511000000000000e+06
1.996558000000000000e+06
1.829150000000000000e+06
1.695952000000000000e+06
1.509017000000000000e+06
0.000000000000000000e+00
2.157317000000000000e+06
1.798853000000000000e+06
2.113426000000000000e+06
1.963469000000000000e+06
1.980903000000000000e+06
2.006795000000000000e+06
0.000000000000000000e+00
2.537251000000000000e+06
1.940749000000000000e+06
1.833589000000000000e+06
1.630002000000000000e+06
1.314448000000000000e+06
1.100948000000000000e+06
0.000000000000000000e+00
1.816519000000000000e+06
1.523760000000000000e+06
1.516221000000000000e+06
1.669396000000000000e+06
1.826149000000000000e+06
1.827247000000000000e+06
2.000000000000000000e+03
2.086569000000000000e+06
1.443256000000000000e+06
1.428966000000000000e+06
1.423948000000000000e+06
1.634133000000000000e+06
1.834262000000000000e+06
1.008470000000000000e+05
2.754383000000000000e+06
2.425775000000000000e+06
2.297867000000000000e+06
6.586520000000000000e+05
0.000000000000000000e+00
0.000000000000000000e+00
0.000000000000000000e+00
2.868970000000000000e+05
6.901870000000000000e+05
6.559110000000000000e+05
7.463770000000000000e+05
7.236400000000000000e+05
6.859030000000000000e+05
0.000000000000000000e+00
7.848120000000000000e+05
5.061930000000000000e+05
5.290140000000000000e+05
4.932410000000000000e+05
4.070940000000000000e+05
4.394220000000000000e+05
0.000000000000000000e+00
5.287230000000000000e+05
3.587480000000000000e+05
3.624400000000000000e+05
3.235880000000000000e+05
3.289640000000000000e+05
3.469970000000000000e+05
0.000000000000000000e+00
3.904280000000000000e+05
2.631360000000000000e+05
3.111420000000000000e+05
2.077930000000000000e+05
2.055620000000000000e+05
2.125720000000000000e+05
0.000000000000000000e+00
2.781320000000000000e+05
1.887590000000000000e+05
1.987580000000000000e+05
1.406560000000000000e+05
1.645490000000000000e+05
1.678040000000000000e+05
0.000000000000000000e+00
2.372840000000000000e+05
1.370320000000000000e+05
1.734830000000000000e+05
1.490060000000000000e+05
1.398440000000000000e+05
1.086330000000000000e+05
0.000000000000000000e+00
1.947410000000000000e+05
1.151430000000000000e+05
1.190460000000000000e+05
1.249010000000000000e+05
1.110100000000000000e+05
9.695100000000000000e+04
0.000000000000000000e+00
1.028020000000000000e+05
6.458600000000000000e+04
8.177400000000000000e+04
6.312000000000000000e+04
4.526700000000000000e+04
5.197400000000000000e+04
0.000000000000000000e+00
7.088300000000000000e+04
4.046000000000000000e+04
6.324400000000000000e+04
2.797100000000000000e+04
4.147700000000000000e+04
3.271300000000000000e+04
0.000000000000000000e+00
2.607900000000000000e+04
2.361800000000000000e+04
2.711400000000000000e+04
2.306300000000000000e+04
4.339200000000000000e+04
2.339600000000000000e+04
0.000000000000000000e+00
2.865200000000000000e+04
3.101400000000000000e+04
2.378700000000000000e+04
2.632400000000000000e+04
3.850400000000000000e+04
1.356200000000000000e+04
0.000000000000000000e+00
1.531700000000000000e+04
1.972600000000000000e+04
1.258500000000000000e+04
2.391600000000000000e+04
2.038000000000000000e+04
1.461200000000000000e+04
0.000000000000000000e+00
1.915900000000000000e+04
1.352500000000000000e+04
1.660800000000000000e+04
1.279100000000000000e+04
1.593400000000000000e+04
1.771300000000000000e+04
0.000000000000000000e+00
3.039900000000000000e+04
2.386100000000000000e+04
3.132600000000000000e+04
2.552100000000000000e+04
3.504200000000000000e+04
2.978600000000000000e+04
0.000000000000000000e+00
4.184300000000000000e+04
3.133200000000000000e+04
3.119800000000000000e+04
3.097100000000000000e+04
3.399600000000000000e+04
2.978600000000000000e+04
0.000000000000000000e+00
3.965700000000000000e+04
4.277300000000000000e+04
4.658000000000000000e+04
4.622100000000000000e+04
4.588700000000000000e+04
4.688200000000000000e+04
0.000000000000000000e+00
5.556100000000000000e+04
6.845500000000000000e+04
5.519800000000000000e+04
4.968900000000000000e+04
5.685800000000000000e+04
5.933800000000000000e+04
0.000000000000000000e+00
8.206200000000000000e+04
5.911500000000000000e+04
6.105300000000000000e+04
6.134900000000000000e+04
7.048800000000000000e+04
6.772300000000000000e+04
0.000000000000000000e+00
8.268700000000000000e+04
7.025900000000000000e+04
6.978500000000000000e+04
5.674400000000000000e+04
7.386200000000000000e+04
5.350300000000000000e+04
0.000000000000000000e+00
7.337700000000000000e+04
5.896900000000000000e+04
4.232400000000000000e+04
7.120200000000000000e+04
6.743700000000000000e+04
5.531800000000000000e+04
0.000000000000000000e+00
7.348500000000000000e+04
6.774500000000000000e+04
8.392600000000000000e+04
6.340100000000000000e+04
5.939800000000000000e+04
6.474700000000000000e+04
0.000000000000000000e+00
8.603000000000000000e+04
7.559400000000000000e+04
7.405000000000000000e+04
6.291400000000000000e+04
6.553600000000000000e+04
6.231700000000000000e+04
0.000000000000000000e+00
7.064700000000000000e+04
6.331200000000000000e+04
7.317900000000000000e+04
7.186100000000000000e+04
6.733500000000000000e+04
6.375900000000000000e+04
0.000000000000000000e+00
7.595000000000000000e+04
6.507300000000000000e+04
6.184400000000000000e+04
6.228100000000000000e+04
7.006300000000000000e+04
1.133500000000000000e+04
0.000000000000000000e+00
7.102800000000000000e+04
5.508400000000000000e+04
6.029500000000000000e+04
5.571900000000000000e+04
6.236000000000000000e+04
5.315000000000000000e+04
0.000000000000000000e+00
8.043500000000000000e+04
6.839400000000000000e+04
7.196000000000000000e+04
7.214900000000000000e+04
8.293100000000000000e+04
0.000000000000000000e+00
0.000000000000000000e+00
1.006340000000000000e+05
6.838700000000000000e+04
8.043000000000000000e+04
4.886000000000000000e+04
2.492000000000000000e+03
7.745900000000000000e+04
0.000000000000000000e+00
1.205060000000000000e+05
9.891300000000000000e+04
1.064430000000000000e+05
9.851500000000000000e+04
1.001970000000000000e+05
9.823700000000000000e+04
0.000000000000000000e+00
1.298590000000000000e+05
1.191180000000000000e+05
1.403390000000000000e+05
1.297580000000000000e+05
1.189930000000000000e+05
1.295760000000000000e+05
0.000000000000000000e+00
1.730080000000000000e+05
1.868650000000000000e+05
1.778510000000000000e+05
1.816190000000000000e+05
1.956340000000000000e+05
2.569750000000000000e+05
2.118000000000000000e+03
4.301710000000000000e+05
3.826110000000000000e+05
3.965260000000000000e+05
4.481330000000000000e+05
5.560520000000000000e+05
5.302940000000000000e+05
1.203370000000000000e+05
0.000000000000000000e+00
0.000000000000000000e+00
0.000000000000000000e+00
1.829360000000000000e+05
2.484750000000000000e+05
2.890510000000000000e+05
0.000000000000000000e+00
5.123790000000000000e+05
4.188810000000000000e+05
4.906560000000000000e+05
5.895890000000000000e+05
7.267290000000000000e+05
6.377920000000000000e+05
0.000000000000000000e+00
7.600040000000000000e+05
1.034186000000000000e+06
1.073236000000000000e+06
1.208566000000000000e+06
1.370763000000000000e+06
1.383452000000000000e+06
0.000000000000000000e+00
1.856322000000000000e+06
1.520480000000000000e+06
1.564030000000000000e+06
1.462678000000000000e+06
1.519413000000000000e+06
1.465447000000000000e+06
0.000000000000000000e+00
2.178331000000000000e+06
1.682227000000000000e+06
1.752932000000000000e+06
1.706677000000000000e+06
1.716132000000000000e+06
1.700113000000000000e+06
0.000000000000000000e+00
2.066780000000000000e+06
1.658761000000000000e+06
1.691157000000000000e+06
1.804654000000000000e+06
1.866411000000000000e+06
1.844702000000000000e+06
0.000000000000000000e+00
2.358867000000000000e+06
1.885066000000000000e+06
1.874313000000000000e+06
1.497723000000000000e+06
1.661006000000000000e+06
1.581337000000000000e+06
0.000000000000000000e+00
1.939654000000000000e+06
1.619014000000000000e+06
1.832784000000000000e+06
1.777274000000000000e+06
2.026352000000000000e+06
2.158637000000000000e+06
0.000000000000000000e+00
2.610977000000000000e+06
2.021415000000000000e+06
2.001838000000000000e+06
1.877637000000000000e+06
1.828594000000000000e+06
1.799932000000000000e+06
0.000000000000000000e+00
2.415079000000000000e+06
1.939435000000000000e+06
1.940415000000000000e+06
1.701766000000000000e+06
1.897604000000000000e+06
2.010392000000000000e+06
0.000000000000000000e+00
2.525620000000000000e+06
2.046854000000000000e+06
2.052112000000000000e+06
1.921727000000000000e+06
2.021163000000000000e+06
2.086727000000000000e+06
0.000000000000000000e+00
2.514039000000000000e+06
2.175803000000000000e+06
2.326635000000000000e+06
2.242967000000000000e+06
2.293281000000000000e+06
2.367812000000000000e+06
0.000000000000000000e+00
3.029808000000000000e+06
2.491975000000000000e+06
2.491961000000000000e+06
2.366902000000000000e+06
2.651690000000000000e+06
2.572612000000000000e+06
0.000000000000000000e+00
3.176198000000000000e+06
2.692122000000000000e+06
2.770417000000000000e+06
2.635644000000000000e+06
2.742872000000000000e+06
2.598548000000000000e+06
0.000000000000000000e+00
2.482334000000000000e+06
5.435000000000000000e+03
7.313480000000000000e+05
3.579890000000000000e+06
3.011127000000000000e+06
2.950203000000000000e+06
0.000000000000000000e+00
3.520594000000000000e+06
2.855386000000000000e+06
2.895635000000000000e+06
2.646782000000000000e+06
2.689216000000000000e+06
2.427446000000000000e+06
0.000000000000000000e+00
2.720831000000000000e+06
2.368290000000000000e+06
2.569727000000000000e+06
2.320063000000000000e+06
2.604597000000000000e+06
2.393503000000000000e+06
0.000000000000000000e+00
3.042824000000000000e+06
2.639155000000000000e+06
2.663319000000000000e+06
2.566222000000000000e+06
2.673101000000000000e+06
2.678512000000000000e+06
2.090500000000000000e+04
3.337379000000000000e+06
2.647578000000000000e+06
2.828283000000000000e+06
2.707967000000000000e+06
2.952617000000000000e+06
2.523227000000000000e+06
2.805260000000000000e+05
9.286720000000000000e+05
0.000000000000000000e+00
0.000000000000000000e+00
1.075080000000000000e+05
8.996870000000000000e+05
1.272435000000000000e+06
0.000000000000000000e+00
1.574680000000000000e+06
1.178949000000000000e+06
1.095767000000000000e+06
1.127346000000000000e+06
1.151252000000000000e+06
1.073372000000000000e+06
0.000000000000000000e+00
1.246872000000000000e+06
8.132360000000000000e+05
7.984460000000000000e+05
6.676560000000000000e+05
7.436400000000000000e+05
6.714340000000000000e+05
0.000000000000000000e+00
8.006790000000000000e+05
5.208460000000000000e+05
5.801430000000000000e+05
5.457000000000000000e+05
4.849530000000000000e+05
4.192220000000000000e+05
0.000000000000000000e+00
5.627960000000000000e+05
3.416310000000000000e+05
3.710770000000000000e+05
3.152530000000000000e+05
2.968250000000000000e+05
2.780260000000000000e+05
0.000000000000000000e+00
3.536530000000000000e+05
2.603160000000000000e+05
2.337740000000000000e+05
2.382600000000000000e+05
2.230260000000000000e+05
1.765890000000000000e+05
0.000000000000000000e+00
2.349970000000000000e+05
1.446930000000000000e+05
1.410620000000000000e+05
1.338390000000000000e+05
1.249190000000000000e+05
1.092540000000000000e+05
0.000000000000000000e+00
1.240290000000000000e+05
6.744800000000000000e+04
7.929500000000000000e+04
6.332600000000000000e+04
8.234000000000000000e+04
5.323200000000000000e+04
0.000000000000000000e+00
5.651100000000000000e+04
2.808900000000000000e+04
3.719100000000000000e+04
2.570600000000000000e+04
2.839000000000000000e+04
2.217500000000000000e+04
0.000000000000000000e+00
1.439800000000000000e+04
1.071400000000000000e+04
1.940100000000000000e+04
7.608000000000000000e+03
1.702400000000000000e+04
9.753000000000000000e+03
0.000000000000000000e+00
1.593900000000000000e+04
1.219200000000000000e+04
1.304800000000000000e+04
1.178500000000000000e+04
1.670500000000000000e+04
1.276300000000000000e+04
0.000000000000000000e+00
1.682400000000000000e+04
1.440600000000000000e+04
1.088800000000000000e+04
1.483900000000000000e+04
1.468000000000000000e+04
1.264900000000000000e+04
0.000000000000000000e+00
1.968100000000000000e+04
1.629300000000000000e+04
1.552300000000000000e+04
1.227500000000000000e+04
1.627200000000000000e+04
2.186300000000000000e+04
0.000000000000000000e+00
1.929700000000000000e+04
2.142800000000000000e+04
2.969300000000000000e+04
3.118400000000000000e+04
3.654700000000000000e+04
3.801700000000000000e+04
0.000000000000000000e+00
4.156600000000000000e+04
3.273900000000000000e+04
2.972100000000000000e+04
2.544000000000000000e+04
3.544700000000000000e+04
3.256400000000000000e+04
0.000000000000000000e+00
3.808500000000000000e+04
3.814300000000000000e+04
4.845100000000000000e+04
4.104800000000000000e+04
4.166600000000000000e+04
4.092500000000000000e+04
0.000000000000000000e+00
5.743100000000000000e+04
3.717500000000000000e+04
5.512800000000000000e+04
4.468100000000000000e+04
4.387000000000000000e+04
4.392400000000000000e+04
0.000000000000000000e+00
6.839300000000000000e+04
6.458100000000000000e+04
6.958000000000000000e+04
6.174000000000000000e+04
6.733200000000000000e+04
5.692700000000000000e+04
0.000000000000000000e+00
8.375200000000000000e+04
7.193000000000000000e+04
6.345300000000000000e+04
5.878500000000000000e+04
4.885600000000000000e+04
4.157300000000000000e+04
0.000000000000000000e+00
6.651000000000000000e+04
5.652800000000000000e+04
5.746500000000000000e+04
5.829300000000000000e+04
6.026600000000000000e+04
7.071200000000000000e+04
0.000000000000000000e+00
7.251100000000000000e+04
6.097100000000000000e+04
6.191400000000000000e+04
5.778300000000000000e+04
5.457100000000000000e+04
4.872900000000000000e+04
0.000000000000000000e+00
7.315800000000000000e+04
5.729500000000000000e+04
6.115000000000000000e+04
5.683700000000000000e+04
5.953800000000000000e+04
5.589800000000000000e+04
0.000000000000000000e+00
7.855700000000000000e+04
5.130500000000000000e+04
5.871300000000000000e+04
6.465900000000000000e+04
6.051000000000000000e+04
6.144700000000000000e+04
0.000000000000000000e+00
8.478100000000000000e+04
6.845400000000000000e+04
6.277100000000000000e+04
5.255700000000000000e+04
6.690300000000000000e+04
4.087700000000000000e+04
0.000000000000000000e+00
6.000200000000000000e+04
5.701100000000000000e+04
5.673400000000000000e+04
4.674000000000000000e+04
4.937200000000000000e+04
4.132000000000000000e+04
0.000000000000000000e+00
5.751500000000000000e+04
5.212800000000000000e+04
6.396500000000000000e+04
7.320700000000000000e+04
8.024600000000000000e+04
9.398000000000000000e+03
0.000000000000000000e+00
8.193000000000000000e+04
6.873400000000000000e+04
6.767000000000000000e+04
7.429600000000000000e+04
7.474000000000000000e+04
6.782500000000000000e+04
0.000000000000000000e+00
8.078100000000000000e+04
9.723500000000000000e+04
8.744500000000000000e+04
7.075000000000000000e+04
7.033200000000000000e+04
6.307400000000000000e+04
0.000000000000000000e+00
9.832900000000000000e+04
9.537000000000000000e+04
1.266550000000000000e+05
1.105190000000000000e+05
1.104860000000000000e+05
8.271600000000000000e+04
0.000000000000000000e+00
1.157860000000000000e+05
1.251060000000000000e+05
1.293130000000000000e+05
1.167730000000000000e+05
1.381650000000000000e+05
1.243140000000000000e+05
0.000000000000000000e+00
2.169050000000000000e+05
2.245670000000000000e+05
2.430720000000000000e+05
2.442690000000000000e+05
2.585090000000000000e+05
2.517610000000000000e+05
3.278000000000000000e+03
4.258860000000000000e+05
3.928160000000000000e+05
3.664360000000000000e+05
1.465300000000000000e+05
0.000000000000000000e+00
0.000000000000000000e+00
0.000000000000000000e+00
1.325170000000000000e+05
1.315990000000000000e+05
1.632090000000000000e+05
1.607750000000000000e+05
1.921670000000000000e+05
2.229650000000000000e+05
0.000000000000000000e+00
8.358700000000000000e+04
1.982980000000000000e+05
2.347410000000000000e+05
2.019740000000000000e+05
2.630470000000000000e+05
2.795490000000000000e+05
0.000000000000000000e+00
4.128660000000000000e+05
4.110930000000000000e+05
4.054630000000000000e+05
2.297060000000000000e+05
2.871980000000000000e+05
4.208050000000000000e+05
0.000000000000000000e+00
8.447240000000000000e+05
7.038140000000000000e+05
7.672900000000000000e+05
7.482510000000000000e+05
9.993060000000000000e+05
1.042032000000000000e+06
0.000000000000000000e+00
1.448516000000000000e+06
1.258491000000000000e+06
1.219173000000000000e+06
1.220801000000000000e+06
1.273764000000000000e+06
1.188140000000000000e+06
0.000000000000000000e+00
1.522148000000000000e+06
1.266754000000000000e+06
1.490060000000000000e+06
1.529471000000000000e+06
1.602937000000000000e+06
1.478351000000000000e+06
0.000000000000000000e+00
1.935056000000000000e+06
1.599805000000000000e+06
1.712387000000000000e+06
1.547210000000000000e+06
1.707069000000000000e+06
1.593929000000000000e+06
0.000000000000000000e+00
2.117222000000000000e+06
1.614660000000000000e+06
1.515043000000000000e+06
1.433376000000000000e+06
1.544673000000000000e+06
1.561565000000000000e+06
0.000000000000000000e+00
2.105268000000000000e+06
1.626172000000000000e+06
1.747983000000000000e+06
1.543183000000000000e+06
1.787743000000000000e+06
1.657813000000000000e+06
0.000000000000000000e+00
2.199858000000000000e+06
1.809596000000000000e+06
1.787186000000000000e+06
1.575489000000000000e+06
1.665886000000000000e+06
1.794221000000000000e+06
0.000000000000000000e+00
1.913044000000000000e+06
1.885401000000000000e+06
2.113289000000000000e+06
1.879590000000000000e+06
1.715540000000000000e+06
1.486607000000000000e+06
0.000000000000000000e+00
2.186034000000000000e+06
1.691701000000000000e+06
1.800293000000000000e+06
1.733369000000000000e+06
2.057582000000000000e+06
2.111684000000000000e+06
0.000000000000000000e+00
2.629660000000000000e+06
2.248346000000000000e+06
2.304612000000000000e+06
2.357969000000000000e+06
2.309156000000000000e+06
2.092644000000000000e+06
0.000000000000000000e+00
2.749369000000000000e+06
2.166272000000000000e+06
2.210154000000000000e+06
2.038131000000000000e+06
2.117785000000000000e+06
2.010443000000000000e+06
0.000000000000000000e+00
2.665810000000000000e+06
2.211080000000000000e+06
2.018464000000000000e+06
2.178019000000000000e+06
2.183196000000000000e+06
2.029229000000000000e+06
0.000000000000000000e+00
2.727451000000000000e+06
2.221971000000000000e+06
1.047000000000000000e+04
4.904630000000000000e+05
2.909280000000000000e+06
2.345904000000000000e+06
0.000000000000000000e+00
2.753801000000000000e+06
2.247290000000000000e+06
2.032550000000000000e+06
1.911524000000000000e+06
2.053768000000000000e+06
1.946325000000000000e+06
9.930000000000000000e+03
2.733568000000000000e+06
2.168641000000000000e+06
2.260973000000000000e+06
2.268421000000000000e+06
2.230319000000000000e+06
2.384576000000000000e+06
3.718100000000000000e+04
3.290742000000000000e+06
2.835690000000000000e+06
3.014398000000000000e+06
2.584549000000000000e+06
1.044463000000000000e+06
0.000000000000000000e+00
0.000000000000000000e+00
4.310000000000000000e+02
4.738450000000000000e+05
1.398496000000000000e+06
1.249005000000000000e+06
1.368586000000000000e+06
1.264963000000000000e+06
0.000000000000000000e+00
1.739651000000000000e+06
1.383755000000000000e+06
1.439704000000000000e+06
1.325280000000000000e+06
1.389415000000000000e+06
1.248945000000000000e+06
0.000000000000000000e+00
1.528405000000000000e+06
1.198437000000000000e+06
1.185483000000000000e+06
1.028140000000000000e+06
1.016991000000000000e+06
9.170850000000000000e+05
0.000000000000000000e+00
1.120541000000000000e+06
8.108930000000000000e+05
8.372200000000000000e+05
6.603670000000000000e+05
6.654020000000000000e+05
7.094880000000000000e+05
0.000000000000000000e+00
9.083840000000000000e+05
6.610890000000000000e+05
6.820270000000000000e+05
5.714490000000000000e+05
6.567700000000000000e+05
5.835390000000000000e+05
0.000000000000000000e+00
6.858570000000000000e+05
4.820570000000000000e+05
4.307300000000000000e+05
3.690960000000000000e+05
4.390170000000000000e+05
3.883100000000000000e+05
0.000000000000000000e+00
4.927430000000000000e+05
2.959840000000000000e+05
3.155650000000000000e+05
2.408910000000000000e+05
2.679680000000000000e+05
2.164660000000000000e+05
0.000000000000000000e+00
2.683400000000000000e+05
1.746440000000000000e+05
2.115200000000000000e+05
1.532670000000000000e+05
1.633650000000000000e+05
1.307520000000000000e+05
0.000000000000000000e+00
1.494150000000000000e+05
8.774700000000000000e+04
1.090160000000000000e+05
7.826500000000000000e+04
7.369200000000000000e+04
6.581400000000000000e+04
0.000000000000000000e+00
9.032400000000000000e+04
7.123700000000000000e+04
6.290800000000000000e+04
6.213800000000000000e+04
6.281400000000000000e+04
5.921700000000000000e+04
0.000000000000000000e+00
6.807900000000000000e+04
4.779400000000000000e+04
5.740100000000000000e+04
4.742200000000000000e+04
4.271100000000000000e+04
4.096100000000000000e+04
0.000000000000000000e+00
4.273600000000000000e+04
3.155700000000000000e+04
4.242500000000000000e+04
2.838100000000000000e+04
2.061800000000000000e+04
4.299200000000000000e+04
0.000000000000000000e+00
4.488500000000000000e+04
3.796500000000000000e+04
2.872300000000000000e+04
2.531600000000000000e+04
1.746900000000000000e+04
1.264400000000000000e+04
0.000000000000000000e+00
3.852100000000000000e+04
1.893400000000000000e+04
2.325700000000000000e+04
1.598000000000000000e+04
1.885900000000000000e+04
1.175800000000000000e+04
0.000000000000000000e+00
1.857100000000000000e+04
1.859300000000000000e+04
2.482200000000000000e+04
1.555300000000000000e+04
1.184400000000000000e+04
1.915000000000000000e+04
0.000000000000000000e+00
2.798900000000000000e+04
2.600800000000000000e+04
2.246400000000000000e+04
2.724200000000000000e+04
2.339300000000000000e+04
2.559800000000000000e+04
0.000000000000000000e+00
2.041000000000000000e+04
3.134900000000000000e+04
2.057000000000000000e+04
2.148700000000000000e+04
3.441500000000000000e+04
3.201800000000000000e+04
0.000000000000000000e+00
4.785200000000000000e+04
4.599900000000000000e+04
4.722000000000000000e+04
4.798800000000000000e+04
6.130200000000000000e+04
6.550600000000000000e+04
0.000000000000000000e+00
7.305100000000000000e+04
7.252900000000000000e+04
5.978900000000000000e+04
5.473700000000000000e+04
6.659100000000000000e+04
5.580400000000000000e+04
0.000000000000000000e+00
7.896500000000000000e+04
6.930100000000000000e+04
4.720900000000000000e+04
7.291800000000000000e+04
8.153800000000000000e+04
5.944500000000000000e+04
0.000000000000000000e+00
4.823200000000000000e+04
6.358800000000000000e+04
6.996200000000000000e+04
6.761800000000000000e+04
5.622600000000000000e+04
3.573000000000000000e+04
0.000000000000000000e+00
3.972700000000000000e+04
6.135100000000000000e+04
5.790800000000000000e+04
5.519700000000000000e+04
6.192600000000000000e+04
6.670900000000000000e+04
0.000000000000000000e+00
7.826700000000000000e+04
3.730500000000000000e+04
7.695500000000000000e+04
4.131600000000000000e+04
7.039100000000000000e+04
3.847500000000000000e+04
0.000000000000000000e+00
8.273600000000000000e+04
6.404300000000000000e+04
5.770900000000000000e+04
3.796400000000000000e+04
5.739000000000000000e+04
3.800200000000000000e+04
0.000000000000000000e+00
4.889200000000000000e+04
6.127300000000000000e+04
5.686700000000000000e+04
5.165800000000000000e+04
4.945200000000000000e+04
3.787200000000000000e+04
0.000000000000000000e+00
7.892800000000000000e+04
6.222000000000000000e+04
3.292600000000000000e+04
6.258500000000000000e+04
6.954400000000000000e+04
5.172800000000000000e+04
0.000000000000000000e+00
8.165200000000000000e+04
4.845100000000000000e+04
4.910100000000000000e+04
7.027300000000000000e+04
7.074300000000000000e+04
1.030700000000000000e+04
0.000000000000000000e+00
9.630400000000000000e+04
7.675600000000000000e+04
8.005700000000000000e+04
6.974500000000000000e+04
7.086300000000000000e+04
6.700800000000000000e+04
0.000000000000000000e+00
9.019000000000000000e+04
5.991300000000000000e+04
4.861400000000000000e+04
7.902600000000000000e+04
8.579200000000000000e+04
8.341500000000000000e+04
0.000000000000000000e+00
1.096320000000000000e+05
9.331900000000000000e+04
9.036400000000000000e+04
9.886900000000000000e+04
1.054910000000000000e+05
1.032310000000000000e+05
0.000000000000000000e+00
1.310590000000000000e+05
1.144340000000000000e+05
6.688600000000000000e+04
1.416900000000000000e+04
9.510000000000000000e+04
1.152930000000000000e+05
0.000000000000000000e+00
1.391540000000000000e+05
1.220620000000000000e+05
1.248910000000000000e+05
3.376600000000000000e+04
1.162380000000000000e+05
1.313640000000000000e+05
0.000000000000000000e+00
9.232700000000000000e+04
6.740600000000000000e+04
1.418530000000000000e+05
1.306660000000000000e+05
1.551630000000000000e+05
1.629690000000000000e+05
0.000000000000000000e+00
1.853650000000000000e+05
1.530550000000000000e+05
1.690830000000000000e+05
1.634730000000000000e+05
1.901770000000000000e+05
1.776170000000000000e+05
0.000000000000000000e+00
2.560600000000000000e+05
2.392720000000000000e+05
2.541090000000000000e+05
3.002910000000000000e+05
3.851260000000000000e+05
4.731350000000000000e+05
2.715800000000000000e+04
7.044340000000000000e+05
5.257670000000000000e+05
1.486420000000000000e+05
0.000000000000000000e+00
0.000000000000000000e+00
0.000000000000000000e+00
0.000000000000000000e+00
8.416990000000000000e+05
7.271510000000000000e+05
7.257590000000000000e+05
7.613960000000000000e+05
9.634050000000000000e+05
1.109037000000000000e+06
0.000000000000000000e+00
1.742306000000000000e+06
8.980460000000000000e+05
1.397374000000000000e+06
1.333560000000000000e+06
8.547110000000000000e+05
1.331768000000000000e+06
0.000000000000000000e+00
1.862944000000000000e+06
1.450190000000000000e+06
1.580468000000000000e+06
1.513301000000000000e+06
1.511207000000000000e+06
1.428589000000000000e+06
0.000000000000000000e+00
1.912988000000000000e+06
1.624457000000000000e+06
1.666962000000000000e+06
1.602893000000000000e+06
1.224956000000000000e+06
1.486744000000000000e+06
0.000000000000000000e+00
2.034203000000000000e+06
1.571868000000000000e+06
1.477253000000000000e+06
1.198560000000000000e+06
1.307516000000000000e+06
1.304572000000000000e+06
0.000000000000000000e+00
1.913584000000000000e+06
1.469846000000000000e+06
1.620702000000000000e+06
1.536936000000000000e+06
1.619713000000000000e+06
1.593297000000000000e+06
0.000000000000000000e+00
2.114902000000000000e+06
1.600660000000000000e+06
1.474781000000000000e+06
1.422464000000000000e+06
1.391623000000000000e+06
1.316667000000000000e+06
0.000000000000000000e+00
1.918250000000000000e+06
1.553285000000000000e+06
1.447468000000000000e+06
1.476601000000000000e+06
1.706272000000000000e+06
1.709811000000000000e+06
0.000000000000000000e+00
1.999264000000000000e+06
1.705953000000000000e+06
1.799916000000000000e+06
1.680957000000000000e+06
1.813478000000000000e+06
1.816539000000000000e+06
0.000000000000000000e+00
2.285148000000000000e+06
1.939422000000000000e+06
1.411159000000000000e+06
1.843362000000000000e+06
1.513247000000000000e+06
1.781311000000000000e+06
0.000000000000000000e+00
2.179458000000000000e+06
1.729987000000000000e+06
1.718210000000000000e+06
1.640464000000000000e+06
1.643344000000000000e+06
1.545489000000000000e+06
0.000000000000000000e+00
2.309310000000000000e+06
2.001103000000000000e+06
2.087092000000000000e+06
2.159659000000000000e+06
2.058102000000000000e+06
2.099309000000000000e+06
0.000000000000000000e+00
2.545410000000000000e+06
2.018133000000000000e+06
2.142251000000000000e+06
2.088503000000000000e+06
