0.000000000000000000e+00
2.075000000000000000e+03
1.136400000000000000e+04
8.058000000000000000e+03
1.521400000000000000e+04
1.286400000000000000e+04
3.972000000000000000e+03
0.000000000000000000e+00
8.028000000000000000e+03
1.384300000000000000e+04
1.024800000000000000e+04
7.757000000000000000e+03
1.360100000000000000e+04
2.657400000000000000e+04
0.000000000000000000e+00
6.615000000000000000e+03
6.412000000000000000e+03
1.315200000000000000e+04
5.324000000000000000e+03
1.062700000000000000e+04
3.272000000000000000e+03
0.000000000000000000e+00
1.801800000000000000e+04
4.567000000000000000e+03
0.000000000000000000e+00
0.000000000000000000e+00
0.000000000000000000e+00
0.000000000000000000e+00
0.000000000000000000e+00
0.000000000000000000e+00
0.000000000000000000e+00
8.497000000000000000e+03
1.511500000000000000e+04
1.105800000000000000e+04
2.574000000000000000e+03
0.000000000000000000e+00
7.437000000000000000e+03
1.324000000000000000e+04
6.937000000000000000e+03
7.083000000000000000e+03
1.011800000000000000e+04
4.513000000000000000e+03
0.000000000000000000e+00
3.983000000000000000e+03
1.058000000000000000e+04
1.148100000000000000e+04
3.611000000000000000e+03
5.068000000000000000e+03
4.441000000000000000e+03
0.000000000000000000e+00
1.498000000000000000e+04
7.168000000000000000e+03
8.809000000000000000e+03
1.050500000000000000e+04
3.255000000000000000e+03
3.199000000000000000e+03
0.000000000000000000e+00
3.411000000000000000e+03
1.796200000000000000e+04
4.342000000000000000e+03
8.905000000000000000e+03
6.082000000000000000e+03
6.548000000000000000e+03
0.000000000000000000e+00
9.090000000000000000e+03
5.572000000000000000e+03
1.194700000000000000e+04
8.073000000000000000e+03
7.613000000000000000e+03
7.172000000000000000e+03
0.000000000000000000e+00
1.169900000000000000e+04
1.931200000000000000e+04
1.006800000000000000e+04
1.356600000000000000e+04
7.470000000000000000e+03
4.969000000000000000e+03
0.000000000000000000e+00
7.209000000000000000e+03
1.332500000000000000e+04
8.260000000000000000e+03
1.007900000000000000e+04
5.646000000000000000e+03
8.607000000000000000e+03
0.000000000000000000e+00
1.526200000000000000e+04
8.875000000000000000e+03
9.085000000000000000e+03
5.906000000000000000e+03
3.842800000000000000e+04
5.059000000000000000e+03
0.000000000000000000e+00
4.628000000000000000e+03
5.763000000000000000e+03
1.061900000000000000e+04
1.543600000000000000e+04
1.010100000000000000e+04
8.910000000000000000e+03
0.000000000000000000e+00
7.546000000000000000e+03
1.529700000000000000e+04
1.032800000000000000e+04
1.260200000000000000e+04
8.705000000000000000e+03
4.465000000000000000e+03
0.000000000000000000e+00
1.187300000000000000e+04
4.014000000000000000e+03
1.211000000000000000e+04
5.293000000000000000e+03
1.002400000000000000e+04
4.826000000000000000e+03
0.000000000000000000e+00
1.061700000000000000e+04
1.474000000000000000e+04
1.206700000000000000e+04
2.349400000000000000e+04
1.224000000000000000e+04
1.201600000000000000e+04
0.000000000000000000e+00
7.932000000000000000e+03
8.851000000000000000e+03
9.708000000000000000e+03
9.657000000000000000e+03
4.972000000000000000e+03
4.039000000000000000e+03
0.000000000000000000e+00
1.182500000000000000e+04
4.065000000000000000e+03
7.584000000000000000e+03
8.119000000000000000e+03
6.818000000000000000e+03
6.706000000000000000e+03
0.000000000000000000e+00
1.609600000000000000e+04
1.072800000000000000e+04
2.220000000000000000e+04
1.663500000000000000e+04
1.676300000000000000e+04
7.749000000000000000e+03
0.000000000000000000e+00
1.230600000000000000e+04
1.208800000000000000e+04
5.210000000000000000e+03
9.716000000000000000e+03
1.220000000000000000e+04
2.598000000000000000e+03
0.000000000000000000e+00
1.122500000000000000e+04
9.283000000000000000e+03
1.558300000000000000e+04
4.570000000000000000e+03
5.555000000000000000e+03
3.400000000000000000e+03
0.000000000000000000e+00
1.080700000000000000e+04
8.861000000000000000e+03
1.852700000000000000e+04
4.503000000000000000e+03
2.061000000000000000e+04
5.871000000000000000e+03
0.000000000000000000e+00
2.185300000000000000e+04
1.578500000000000000e+04
7.749000000000000000e+03
2.180300000000000000e+04
1.301200000000000000e+04
2.472000000000000000e+03
0.000000000000000000e+00
8.811000000000000000e+03
6.672000000000000000e+03
1.732200000000000000e+04
2.537700000000000000e+04
8.947000000000000000e+03
1.405200000000000000e+04
0.000000000000000000e+00
1.065000000000000000e+04
1.980100000000000000e+04
2.115100000000000000e+04
1.641000000000000000e+04
3.055400000000000000e+04
1.794700000000000000e+04
0.000000000000000000e+00
1.529500000000000000e+04
7.719000000000000000e+03
1.522300000000000000e+04
1.758300000000000000e+04
9.794000000000000000e+03
3.546000000000000000e+03
0.000000000000000000e+00
1.249600000000000000e+04
7.887000000000000000e+03
1.310800000000000000e+04
2.285200000000000000e+04
1.230000000000000000e+04
1.218700000000000000e+04
0.000000000000000000e+00
1.310300000000000000e+04
8.255000000000000000e+03
1.806300000000000000e+04
1.134600000000000000e+04
8.524000000000000000e+03
6.535000000000000000e+03
0.000000000000000000e+00
1.822100000000000000e+04
1.097300000000000000e+04
1.610100000000000000e+04
2.819600000000000000e+04
1.298400000000000000e+04
4.640000000000000000e+03
0.000000000000000000e+00
3.338900000000000000e+04
1.637300000000000000e+04
1.894700000000000000e+04
1.647500000000000000e+04
1.396100000000000000e+04
1.690000000000000000e+03
0.000000000000000000e+00
1.543900000000000000e+04
2.358500000000000000e+04
1.735400000000000000e+04
2.157600000000000000e+04
2.283700000000000000e+04
2.473000000000000000e+03
0.000000000000000000e+00
1.532900000000000000e+04
7.761000000000000000e+03
2.190900000000000000e+04
2.367800000000000000e+04
1.278400000000000000e+04
1.294400000000000000e+04
0.000000000000000000e+00
1.908300000000000000e+04
1.198200000000000000e+04
2.441000000000000000e+04
1.197600000000000000e+04
1.704200000000000000e+04
4.133000000000000000e+03
0.000000000000000000e+00
1.517000000000000000e+04
2.350700000000000000e+04
2.277800000000000000e+04
3.534200000000000000e+04
1.604300000000000000e+04
7.712000000000000000e+03
0.000000000000000000e+00
8.277000000000000000e+03
2.045200000000000000e+04
1.337900000000000000e+04
1.086400000000000000e+04
2.227100000000000000e+04
3.524000000000000000e+03
0.000000000000000000e+00
1.230000000000000000e+04
1.296200000000000000e+04
2.975500000000000000e+04
9.981000000000000000e+03
2.293400000000000000e+04
2.482000000000000000e+03
0.000000000000000000e+00
8.587000000000000000e+03
1.577000000000000000e+04
2.256600000000000000e+04
1.653800000000000000e+04
1.764200000000000000e+04
4.290000000000000000e+03
0.000000000000000000e+00
1.245300000000000000e+04
1.623200000000000000e+04
1.181100000000000000e+04
1.359900000000000000e+04
8.436000000000000000e+03
4.681000000000000000e+03
5.500000000000000000e+01
1.683400000000000000e+04
1.442000000000000000e+03
0.000000000000000000e+00
0.000000000000000000e+00
0.000000000000000000e+00
6.936000000000000000e+03
0.000000000000000000e+00
4.574000000000000000e+03
2.001900000000000000e+04
1.191200000000000000e+04
2.444100000000000000e+04
1.390200000000000000e+04
4.085000000000000000e+03
0.000000000000000000e+00
1.956600000000000000e+04
1.965900000000000000e+04
1.223300000000000000e+04
1.267600000000000000e+04
7.200000000000000000e+03
8.814000000000000000e+03
0.000000000000000000e+00
1.833200000000000000e+04
1.577000000000000000e+04
1.373900000000000000e+04
1.538700000000000000e+04
7.253000000000000000e+03
4.122000000000000000e+03
0.000000000000000000e+00
1.646000000000000000e+04
2.181400000000000000e+04
1.080600000000000000e+04
1.488200000000000000e+04
1.496400000000000000e+04
6.798000000000000000e+03
0.000000000000000000e+00
8.608000000000000000e+03
1.824900000000000000e+04
9.602000000000000000e+03
1.077900000000000000e+04
2.190400000000000000e+04
1.270200000000000000e+04
0.000000000000000000e+00
1.629800000000000000e+04
7.269000000000000000e+03
1.240600000000000000e+04
1.129700000000000000e+04
9.669000000000000000e+03
7.107000000000000000e+03
0.000000000000000000e+00
1.125700000000000000e+04
1.265700000000000000e+04
1.081500000000000000e+04
9.034000000000000000e+03
1.136000000000000000e+04
4.960000000000000000e+03
0.000000000000000000e+00
1.823400000000000000e+04
7.429000000000000000e+03
8.950000000000000000e+03
2.004400000000000000e+04
9.638000000000000000e+03
1.012900000000000000e+04
0.000000000000000000e+00
8.802000000000000000e+03
6.400000000000000000e+03
7.255000000000000000e+03
2.225700000000000000e+04
1.329400000000000000e+04
5.399000000000000000e+03
0.000000000000000000e+00
1.478600000000000000e+04
1.272800000000000000e+04
1.019500000000000000e+04
1.714700000000000000e+04
1.418400000000000000e+04
4.815000000000000000e+03
0.000000000000000000e+00
1.257300000000000000e+04
1.182900000000000000e+04
1.153000000000000000e+04
1.302300000000000000e+04
2.033100000000000000e+04
3.978000000000000000e+03
0.000000000000000000e+00
6.097000000000000000e+03
1.213600000000000000e+04
8.326000000000000000e+03
1.658700000000000000e+04
2.256100000000000000e+04
1.060800000000000000e+04
0.000000000000000000e+00
0.000000000000000000e+00
1.771000000000000000e+04
1.208200000000000000e+04
7.408000000000000000e+03
1.320700000000000000e+04
1.419900000000000000e+04
0.000000000000000000e+00
1.731900000000000000e+04
2.024200000000000000e+04
1.759300000000000000e+04
4.408000000000000000e+03
9.819000000000000000e+03
7.528000000000000000e+03
0.000000000000000000e+00
1.081600000000000000e+04
1.640000000000000000e+04
1.215900000000000000e+04
8.005000000000000000e+03
7.167000000000000000e+03
7.558000000000000000e+03
0.000000000000000000e+00
8.917000000000000000e+03
1.393600000000000000e+04
2.080000000000000000e+03
4.329000000000000000e+03
7.499000000000000000e+03
5.251000000000000000e+03
0.000000000000000000e+00
9.347000000000000000e+03
4.519000000000000000e+03
1.430500000000000000e+04
1.020400000000000000e+04
8.024000000000000000e+03
8.222000000000000000e+03
0.000000000000000000e+00
4.385600000000000000e+04
8.852000000000000000e+03
2.034100000000000000e+04
2.175400000000000000e+04
1.510400000000000000e+04
1.538600000000000000e+04
0.000000000000000000e+00
1.037700000000000000e+04
6.147000000000000000e+03
2.054300000000000000e+04
4.823000000000000000e+03
0.000000000000000000e+00
0.000000000000000000e+00
0.000000000000000000e+00
5.201000000000000000e+03
1.616900000000000000e+04
8.182000000000000000e+03
2.843700000000000000e+04
1.720600000000000000e+04
2.322000000000000000e+03
0.000000000000000000e+00
1.294100000000000000e+04
8.365000000000000000e+03
2.693400000000000000e+04
2.042500000000000000e+04
4.671400000000000000e+04
6.438000000000000000e+03
0.000000000000000000e+00
1.686800000000000000e+04
9.378000000000000000e+03
1.030100000000000000e+04
1.144600000000000000e+04
1.458600000000000000e+04
5.372000000000000000e+03
0.000000000000000000e+00
1.979100000000000000e+04
1.593800000000000000e+04
1.657300000000000000e+04
1.437800000000000000e+04
2.084400000000000000e+04
7.706000000000000000e+03
0.000000000000000000e+00
2.630000000000000000e+04
1.601000000000000000e+04
1.225100000000000000e+04
1.246300000000000000e+04
1.797600000000000000e+04
1.761100000000000000e+04
0.000000000000000000e+00
3.151600000000000000e+04
1.519300000000000000e+04
1.581400000000000000e+04
1.543000000000000000e+04
1.664400000000000000e+04
1.569500000000000000e+04
0.000000000000000000e+00
2.240100000000000000e+04
1.838500000000000000e+04
1.598200000000000000e+04
2.747400000000000000e+04
1.146200000000000000e+04
6.474000000000000000e+03
0.000000000000000000e+00
2.745300000000000000e+04
1.144200000000000000e+04
2.881200000000000000e+04
1.550900000000000000e+04
1.429600000000000000e+04
1.010800000000000000e+04
0.000000000000000000e+00
1.165000000000000000e+04
3.014900000000000000e+04
1.775300000000000000e+04
2.002600000000000000e+04
1.810400000000000000e+04
5.317000000000000000e+03
0.000000000000000000e+00
2.226800000000000000e+04
9.621000000000000000e+03
1.599900000000000000e+04
1.796700000000000000e+04
1.214400000000000000e+04
4.912000000000000000e+03
0.000000000000000000e+00
4.280700000000000000e+04
9.746000000000000000e+03
1.632800000000000000e+04
1.535500000000000000e+04
1.070300000000000000e+04
8.379000000000000000e+03
0.000000000000000000e+00
5.662000000000000000e+03
1.347200000000000000e+04
1.890100000000000000e+04
1.750100000000000000e+04
2.317500000000000000e+04
8.180000000000000000e+03
0.000000000000000000e+00
9.217000000000000000e+03
1.630500000000000000e+04
1.679700000000000000e+04
1.130000000000000000e+04
9.818000000000000000e+03
1.135600000000000000e+04
0.000000000000000000e+00
9.077000000000000000e+03
1.358500000000000000e+04
1.841100000000000000e+04
1.571600000000000000e+04
1.577800000000000000e+04
4.636000000000000000e+03
0.000000000000000000e+00
1.359300000000000000e+04
1.215400000000000000e+04
1.565700000000000000e+04
2.227500000000000000e+04
1.582700000000000000e+04
6.666000000000000000e+03
0.000000000000000000e+00
1.157600000000000000e+04
9.754000000000000000e+03
9.726000000000000000e+03
1.001100000000000000e+04
1.579500000000000000e+04
4.362000000000000000e+03
0.000000000000000000e+00
1.709400000000000000e+04
7.905000000000000000e+03
5.551000000000000000e+03
7.585000000000000000e+03
1.163700000000000000e+04
1.151800000000000000e+04
0.000000000000000000e+00
1.810200000000000000e+04
9.460000000000000000e+03
1.677500000000000000e+04
1.272400000000000000e+04
1.272200000000000000e+04
5.386000000000000000e+03
0.000000000000000000e+00
1.918100000000000000e+04
8.744000000000000000e+03
4.303000000000000000e+03
3.107000000000000000e+03
5.151000000000000000e+03
1.109400000000000000e+04
0.000000000000000000e+00
1.308200000000000000e+04
1.457500000000000000e+04
8.074000000000000000e+03
8.000000000000000000e+03
1.357100000000000000e+04
1.330200000000000000e+04
0.000000000000000000e+00
2.109300000000000000e+04
1.316400000000000000e+04
1.419600000000000000e+04
3.442400000000000000e+04
1.957100000000000000e+04
7.550000000000000000e+03
0.000000000000000000e+00
2.526600000000000000e+04
1.036200000000000000e+04
1.217300000000000000e+04
1.632800000000000000e+04
1.910500000000000000e+04
7.039000000000000000e+03
0.000000000000000000e+00
1.872900000000000000e+04
1.280200000000000000e+04
1.206400000000000000e+04
1.842400000000000000e+04
8.976000000000000000e+03
7.287000000000000000e+03
0.000000000000000000e+00
7.449000000000000000e+03
1.705100000000000000e+04
9.459000000000000000e+03
1.725900000000000000e+04
4.763000000000000000e+03
2.952000000000000000e+03
0.000000000000000000e+00
1.674700000000000000e+04
7.737300000000000000e+04
9.436000000000000000e+03
2.088200000000000000e+04
2.932200000000000000e+04
8.951000000000000000e+03
0.000000000000000000e+00
1.793500000000000000e+04
1.230200000000000000e+04
1.067600000000000000e+04
8.009000000000000000e+03
2.201800000000000000e+04
0.000000000000000000e+00
0.000000000000000000e+00
3.007800000000000000e+04
1.294600000000000000e+04
1.288200000000000000e+04
1.018000000000000000e+04
1.380700000000000000e+04
8.977000000000000000e+03
0.000000000000000000e+00
2.336800000000000000e+04
1.004200000000000000e+04
1.422800000000000000e+04
5.645000000000000000e+03
3.531800000000000000e+04
1.150800000000000000e+04
0.000000000000000000e+00
1.042400000000000000e+04
2.253800000000000000e+04
1.168100000000000000e+04
1.277800000000000000e+04
3.701500000000000000e+04
7.759000000000000000e+03
0.000000000000000000e+00
8.465000000000000000e+03
2.029400000000000000e+04
1.043600000000000000e+04
1.839300000000000000e+04
1.019000000000000000e+04
1.212200000000000000e+04
0.000000000000000000e+00
2.514300000000000000e+04
1.952200000000000000e+04
1.072500000000000000e+04
1.356700000000000000e+04
1.237500000000000000e+04
2.639000000000000000e+03
0.000000000000000000e+00
0.000000000000000000e+00
0.000000000000000000e+00
0.000000000000000000e+00
6.053000000000000000e+03
1.508900000000000000e+04
1.000700000000000000e+04
0.000000000000000000e+00
2.563700000000000000e+04
1.186300000000000000e+04
1.529500000000000000e+04
1.114000000000000000e+04
2.368200000000000000e+04
7.387000000000000000e+03
0.000000000000000000e+00
1.351400000000000000e+04
1.248700000000000000e+04
1.123800000000000000e+04
1.541500000000000000e+04
1.441000000000000000e+04
9.020000000000000000e+03
0.000000000000000000e+00
1.274500000000000000e+04
1.780200000000000000e+04
1.240700000000000000e+04
1.408100000000000000e+04
1.770700000000000000e+04
2.098000000000000000e+03
0.000000000000000000e+00
2.123100000000000000e+04
1.243300000000000000e+04
1.709400000000000000e+04
8.337000000000000000e+03
8.825000000000000000e+03
2.824000000000000000e+03
0.000000000000000000e+00
8.812000000000000000e+03
7.161000000000000000e+03
1.909100000000000000e+04
1.752000000000000000e+04
1.209600000000000000e+04
7.844000000000000000e+03
0.000000000000000000e+00
1.213000000000000000e+04
1.177800000000000000e+04
7.685000000000000000e+03
1.641700000000000000e+04
1.277300000000000000e+04
5.735000000000000000e+03
0.000000000000000000e+00
2.326600000000000000e+04
1.441900000000000000e+04
2.056900000000000000e+04
1.524700000000000000e+04
3.365600000000000000e+04
5.794000000000000000e+03
0.000000000000000000e+00
2.059500000000000000e+04
1.972100000000000000e+04
6.670000000000000000e+03
8.580000000000000000e+03
7.478000000000000000e+03
5.863000000000000000e+03
0.000000000000000000e+00
6.487000000000000000e+03
5.791000000000000000e+03
2.102600000000000000e+04
8.755000000000000000e+03
1.732500000000000000e+04
1.026100000000000000e+04
0.000000000000000000e+00
1.650600000000000000e+04
2.246900000000000000e+04
1.298800000000000000e+04
5.764000000000000000e+03
1.167700000000000000e+04
1.541000000000000000e+03
0.000000000000000000e+00
1.270200000000000000e+04
1.887900000000000000e+04
9.266000000000000000e+03
2.509900000000000000e+04
1.244900000000000000e+04
6.514000000000000000e+03
0.000000000000000000e+00
6.015000000000000000e+03
7.329000000000000000e+03
1.186500000000000000e+04
2.264600000000000000e+04
2.431400000000000000e+04
9.889000000000000000e+03
0.000000000000000000e+00
6.129000000000000000e+03
8.768000000000000000e+03
1.088800000000000000e+04
5.880000000000000000e+03
2.923400000000000000e+04
1.734600000000000000e+04
0.000000000000000000e+00
3.194800000000000000e+04
0.000000000000000000e+00
8.100000000000000000e+02
2.977900000000000000e+04
2.391600000000000000e+04
1.340700000000000000e+04
0.000000000000000000e+00
2.538400000000000000e+04
2.773000000000000000e+04
1.664000000000000000e+04
1.340700000000000000e+04
1.055000000000000000e+04
7.263000000000000000e+03
0.000000000000000000e+00
1.020700000000000000e+04
1.242900000000000000e+04
1.896300000000000000e+04
1.880000000000000000e+04
9.848000000000000000e+03
9.338000000000000000e+03
0.000000000000000000e+00
1.960200000000000000e+04
9.719000000000000000e+03
3.463000000000000000e+03
2.332100000000000000e+04
9.069000000000000000e+03
1.319200000000000000e+04
0.000000000000000000e+00
1.307300000000000000e+04
6.009000000000000000e+03
1.298800000000000000e+04
1.911100000000000000e+04
2.064200000000000000e+04
1.070900000000000000e+04
0.000000000000000000e+00
3.120000000000000000e+03
0.000000000000000000e+00
0.000000000000000000e+00
4.640000000000000000e+02
1.891100000000000000e+04
1.068100000000000000e+04
0.000000000000000000e+00
3.315000000000000000e+04
3.684500000000000000e+04
1.221200000000000000e+04
2.674200000000000000e+04
1.700700000000000000e+04
9.278000000000000000e+03
0.000000000000000000e+00
9.546000000000000000e+03
2.803000000000000000e+04
1.305000000000000000e+04
8.303000000000000000e+03
1.319700000000000000e+04
7.448000000000000000e+03
0.000000000000000000e+00
2.192000000000000000e+04
2.069700000000000000e+04
9.480000000000000000e+03
2.455500000000000000e+04
8.981000000000000000e+03
8.099000000000000000e+03
0.000000000000000000e+00
2.277700000000000000e+04
1.290000000000000000e+04
1.654200000000000000e+04
1.739400000000000000e+04
2.318200000000000000e+04
9.429000000000000000e+03
0.000000000000000000e+00
2.080100000000000000e+04
1.608700000000000000e+04
1.330700000000000000e+04
1.692500000000000000e+04
1.644200000000000000e+04
9.594000000000000000e+03
0.000000000000000000e+00
1.283100000000000000e+04
1.768200000000000000e+04
1.729500000000000000e+04
1.450100000000000000e+04
1.367900000000000000e+04
3.838000000000000000e+03
0.000000000000000000e+00
1.077800000000000000e+04
2.193200000000000000e+04
1.148200000000000000e+04
1.589600000000000000e+04
1.253900000000000000e+04
9.686000000000000000e+03
0.000000000000000000e+00
2.762100000000000000e+04
1.395200000000000000e+04
1.097300000000000000e+04
2.407900000000000000e+04
1.245800000000000000e+04
7.444000000000000000e+03
0.000000000000000000e+00
1.888800000000000000e+04
3.087700000000000000e+04
2.820200000000000000e+04
1.317700000000000000e+04
7.739000000000000000e+03
3.464000000000000000e+03
0.000000000000000000e+00
2.015000000000000000e+04
1.309400000000000000e+04
3.236400000000000000e+04
2.052000000000000000e+04
1.555600000000000000e+04
3.183000000000000000e+03
0.000000000000000000e+00
1.845500000000000000e+04
2.514000000000000000e+04
1.211200000000000000e+04
1.735200000000000000e+04
9.144000000000000000e+03
7.571000000000000000e+03
0.000000000000000000e+00
7.785000000000000000e+03
4.682900000000000000e+04
1.341100000000000000e+04
1.758600000000000000e+04
1.137200000000000000e+04
1.863500000000000000e+04
0.000000000000000000e+00
1.410100000000000000e+04
2.028400000000000000e+04
2.847600000000000000e+04
1.999300000000000000e+04
1.716400000000000000e+04
6.945000000000000000e+03
0.000000000000000000e+00
1.964500000000000000e+04
2.001100000000000000e+04
2.793100000000000000e+04
1.481500000000000000e+04
1.880400000000000000e+04
1.046800000000000000e+04
0.000000000000000000e+00
2.045100000000000000e+04
1.778600000000000000e+04
2.225900000000000000e+04
1.118200000000000000e+04
1.707900000000000000e+04
2.699600000000000000e+04
0.000000000000000000e+00
1.422600000000000000e+04
3.324900000000000000e+04
2.896100000000000000e+04
1.091600000000000000e+04
2.871200000000000000e+04
9.578000000000000000e+03
0.000000000000000000e+00
2.131500000000000000e+04
1.617400000000000000e+04
1.679300000000000000e+04
3.791000000000000000e+03
1.866100000000000000e+04
8.456000000000000000e+03
0.000000000000000000e+00
2.714500000000000000e+04
1.922300000000000000e+04
2.264900000000000000e+04
1.567200000000000000e+04
1.559400000000000000e+04
1.059800000000000000e+04
0.000000000000000000e+00
2.461000000000000000e+04
8.729000000000000000e+03
8.345000000000000000e+03
2.817100000000000000e+04
1.688600000000000000e+04
9.053000000000000000e+03
0.000000000000000000e+00
1.136000000000000000e+04
2.019800000000000000e+04
1.382700000000000000e+04
1.216300000000000000e+04
3.247300000000000000e+04
1.382500000000000000e+04
0.000000000000000000e+00
1.194300000000000000e+04
4.326000000000000000e+03
1.036000000000000000e+04
1.880300000000000000e+04
4.033800000000000000e+04
8.880000000000000000e+03
0.000000000000000000e+00
1.506500000000000000e+04
3.302800000000000000e+04
1.679500000000000000e+04
3.312700000000000000e+04
2.442800000000000000e+04
5.396000000000000000e+03
0.000000000000000000e+00
9.346000000000000000e+03
1.460300000000000000e+04
1.704900000000000000e+04
2.065100000000000000e+04
3.992700000000000000e+04
1.095300000000000000e+04
0.000000000000000000e+00
2.349900000000000000e+04
1.320200000000000000e+04
2.311100000000000000e+04
1.116700000000000000e+04
1.849800000000000000e+04
4.142000000000000000e+03
0.000000000000000000e+00
2.500600000000000000e+04
1.209000000000000000e+04
1.421600000000000000e+04
1.078700000000000000e+04
1.333500000000000000e+04
2.367000000000000000e+03
0.000000000000000000e+00
2.051900000000000000e+04
1.112800000000000000e+04
2.465900000000000000e+04
3.336400000000000000e+04
1.598300000000000000e+04
1.242100000000000000e+04
0.000000000000000000e+00
1.467800000000000000e+04
1.015400000000000000e+04
1.671100000000000000e+04
1.194500000000000000e+04
1.908000000000000000e+04
1.633800000000000000e+04
0.000000000000000000e+00
2.085400000000000000e+04
2.022500000000000000e+04
1.499700000000000000e+04
2.902800000000000000e+04
2.650200000000000000e+04
8.257000000000000000e+03
0.000000000000000000e+00
2.156600000000000000e+04
1.679100000000000000e+04
1.112800000000000000e+04
2.097400000000000000e+04
2.006700000000000000e+04
2.477100000000000000e+04
0.000000000000000000e+00
1.876400000000000000e+04
1.358900000000000000e+04
1.835000000000000000e+04
5.484000000000000000e+03
9.604000000000000000e+03
1.480000000000000000e+03
1.224000000000000000e+03
1.777000000000000000e+04
1.825800000000000000e+04
1.306000000000000000e+04
1.717000000000000000e+03
0.000000000000000000e+00
0.000000000000000000e+00
0.000000000000000000e+00
4.541000000000000000e+03
2.411200000000000000e+04
1.488200000000000000e+04
1.391800000000000000e+04
6.689000000000000000e+03
1.100400000000000000e+04
0.000000000000000000e+00
1.383100000000000000e+04
1.364900000000000000e+04
1.636300000000000000e+04
1.877800000000000000e+04
1.735900000000000000e+04
1.067400000000000000e+04
0.000000000000000000e+00
3.127500000000000000e+04
1.834200000000000000e+04
2.481900000000000000e+04
1.446200000000000000e+04
1.069900000000000000e+04
7.814000000000000000e+03
0.000000000000000000e+00
1.646000000000000000e+04
1.658500000000000000e+04
1.074300000000000000e+04
2.297700000000000000e+04
2.683300000000000000e+04
7.437000000000000000e+03
0.000000000000000000e+00
1.708200000000000000e+04
2.097000000000000000e+04
2.000500000000000000e+04
1.693700000000000000e+04
1.371100000000000000e+04
5.700000000000000000e+03
0.000000000000000000e+00
2.381400000000000000e+04
1.410300000000000000e+04
8.044000000000000000e+03
6.786000000000000000e+03
1.575000000000000000e+04
5.958000000000000000e+03
0.000000000000000000e+00
1.103200000000000000e+04
8.669000000000000000e+03
1.092300000000000000e+04
2.721400000000000000e+04
1.107000000000000000e+04
8.148000000000000000e+03
0.000000000000000000e+00
1.509500000000000000e+04
1.867500000000000000e+04
1.562200000000000000e+04
2.536300000000000000e+04
1.466500000000000000e+04
6.497000000000000000e+03
0.000000000000000000e+00
1.032100000000000000e+04
9.317000000000000000e+03
9.285000000000000000e+03
9.633000000000000000e+03
1.128900000000000000e+04
2.750000000000000000e+03
0.000000000000000000e+00
1.542500000000000000e+04
1.741600000000000000e+04
1.405500000000000000e+04
6.413000000000000000e+03
6.682000000000000000e+03
5.044000000000000000e+03
0.000000000000000000e+00
8.748000000000000000e+03
1.181000000000000000e+04
4.090000000000000000e+03
1.151800000000000000e+04
1.353100000000000000e+04
7.830000000000000000e+03
0.000000000000000000e+00
1.232900000000000000e+04
2.770200000000000000e+04
1.236700000000000000e+04
9.868000000000000000e+03
1.631700000000000000e+04
7.658000000000000000e+03
0.000000000000000000e+00
1.380800000000000000e+04
1.967300000000000000e+04
1.048300000000000000e+04
1.634700000000000000e+04
1.156700000000000000e+04
2.343000000000000000e+03
0.000000000000000000e+00
1.314600000000000000e+04
1.300900000000000000e+04
1.291600000000000000e+04
8.846000000000000000e+03
1.601300000000000000e+04
5.708000000000000000e+03
0.000000000000000000e+00
1.078700000000000000e+04
1.190500000000000000e+04
1.238000000000000000e+04
1.381600000000000000e+04
1.196300000000000000e+04
9.385000000000000000e+03
0.000000000000000000e+00
1.435700000000000000e+04
1.516500000000000000e+04
0.000000000000000000e+00
3.700000000000000000e+02
1.935100000000000000e+04
7.230000000000000000e+03
0.000000000000000000e+00
1.901600000000000000e+04
1.192700000000000000e+04
1.448400000000000000e+04
2.690300000000000000e+04
1.832300000000000000e+04
6.779000000000000000e+03
0.000000000000000000e+00
6.633000000000000000e+03
1.739300000000000000e+04
1.610100000000000000e+04
8.021000000000000000e+03
1.364700000000000000e+04
2.342000000000000000e+03
0.000000000000000000e+00
1.713500000000000000e+04
1.186100000000000000e+04
9.802000000000000000e+03
8.854000000000000000e+03
3.349000000000000000e+03
0.000000000000000000e+00
0.000000000000000000e+00
6.800000000000000000e+01
6.360000000000000000e+03
9.693000000000000000e+03
1.615900000000000000e+04
2.506100000000000000e+04
4.678000000000000000e+03
0.000000000000000000e+00
1.304300000000000000e+04
9.243000000000000000e+03
5.881000000000000000e+03
1.954400000000000000e+04
2.943100000000000000e+04
1.142100000000000000e+04
0.000000000000000000e+00
1.597800000000000000e+04
1.220000000000000000e+04
1.837200000000000000e+04
1.582700000000000000e+04
4.933000000000000000e+03
2.683000000000000000e+03
0.000000000000000000e+00
1.522600000000000000e+04
8.882000000000000000e+03
1.457400000000000000e+04
1.445100000000000000e+04
8.450000000000000000e+03
2.299000000000000000e+03
0.000000000000000000e+00
1.491300000000000000e+04
1.201600000000000000e+04
1.121600000000000000e+04
1.545600000000000000e+04
7.139000000000000000e+03
4.650000000000000000e+03
0.000000000000000000e+00
1.943100000000000000e+04
1.541500000000000000e+04
1.349700000000000000e+04
1.786900000000000000e+04
6.800000000000000000e+03
1.331000000000000000e+04
0.000000000000000000e+00
2.461600000000000000e+04
2.495300000000000000e+04
1.321200000000000000e+04
1.663800000000000000e+04
1.193700000000000000e+04
5.360000000000000000e+03
0.000000000000000000e+00
1.478400000000000000e+04
8.934000000000000000e+03
2.952900000000000000e+04
1.997600000000000000e+04
1.028400000000000000e+04
7.943000000000000000e+03
0.000000000000000000e+00
2.563600000000000000e+04
1.533900000000000000e+04
4.315500000000000000e+04
1.393100000000000000e+04
1.209300000000000000e+04
7.761000000000000000e+03
0.000000000000000000e+00
2.992000000000000000e+04
3.288600000000000000e+04
1.383800000000000000e+04
1.866500000000000000e+04
1.992600000000000000e+04
8.584000000000000000e+03
0.000000000000000000e+00
1.710800000000000000e+04
2.614200000000000000e+04
2.016000000000000000e+04
2.148600000000000000e+04
1.958900000000000000e+04
1.023800000000000000e+04
0.000000000000000000e+00
3.012700000000000000e+04
2.863600000000000000e+04
1.875200000000000000e+04
2.031500000000000000e+04
1.259900000000000000e+04
9.054000000000000000e+03
0.000000000000000000e+00
1.529200000000000000e+04
1.793600000000000000e+04
1.486600000000000000e+04
1.089000000000000000e+04
2.300600000000000000e+04
6.805000000000000000e+03
0.000000000000000000e+00
1.766200000000000000e+04
2.053800000000000000e+04
2.800300000000000000e+04
1.175000000000000000e+04
1.098700000000000000e+04
8.595000000000000000e+03
0.000000000000000000e+00
1.703200000000000000e+04
1.847100000000000000e+04
9.367000000000000000e+03
1.708100000000000000e+04
1.358800000000000000e+04
1.271600000000000000e+04
0.000000000000000000e+00
7.237000000000000000e+03
2.490800000000000000e+04
1.090800000000000000e+04
1.576800000000000000e+04
1.581000000000000000e+04
1.760500000000000000e+04
0.000000000000000000e+00
1.018200000000000000e+04
1.240300000000000000e+04
1.125200000000000000e+04
2.776700000000000000e+04
1.600700000000000000e+04
1.585500000000000000e+04
0.000000000000000000e+00
1.789600000000000000e+04
1.830900000000000000e+04
3.714900000000000000e+04
2.630000000000000000e+04
6.949000000000000000e+03
8.456000000000000000e+03
0.000000000000000000e+00
1.149600000000000000e+04
9.379000000000000000e+03
2.104500000000000000e+04
2.730300000000000000e+04
1.994800000000000000e+04
1.128100000000000000e+04
0.000000000000000000e+00
9.657000000000000000e+03
1.046700000000000000e+04
1.924700000000000000e+04
1.315100000000000000e+04
2.727600000000000000e+04
1.312000000000000000e+04
0.000000000000000000e+00
1.114200000000000000e+04
1.241700000000000000e+04
2.544900000000000000e+04
2.694200000000000000e+04
3.589400000000000000e+04
8.725000000000000000e+03
0.000000000000000000e+00
1.470600000000000000e+04
1.034700000000000000e+04
1.570900000000000000e+04
1.229000000000000000e+04
7.344000000000000000e+03
1.802600000000000000e+04
0.000000000000000000e+00
2.374700000000000000e+04
1.418200000000000000e+04
1.872100000000000000e+04
6.028500000000000000e+04
2.895800000000000000e+04
1.174400000000000000e+04
0.000000000000000000e+00
3.324900000000000000e+04
4.964700000000000000e+04
1.632900000000000000e+04
2.821300000000000000e+04
2.515000000000000000e+04
1.119800000000000000e+04
0.000000000000000000e+00
1.213500000000000000e+04
9.976000000000000000e+03
1.904900000000000000e+04
2.665000000000000000e+04
1.525500000000000000e+04
1.424400000000000000e+04
0.000000000000000000e+00
2.032700000000000000e+04
1.549300000000000000e+04
1.136700000000000000e+04
2.234300000000000000e+04
1.340800000000000000e+04
8.689000000000000000e+03
0.000000000000000000e+00
1.360200000000000000e+04
1.138500000000000000e+04
1.919700000000000000e+04
2.319100000000000000e+04
3.010900000000000000e+04
1.750000000000000000e+02
0.000000000000000000e+00
3.128800000000000000e+04
1.352200000000000000e+04
2.842300000000000000e+04
2.476300000000000000e+04
4.181700000000000000e+04
1.704600000000000000e+04
0.000000000000000000e+00
4.542900000000000000e+04
2.518600000000000000e+04
1.917200000000000000e+04
2.774600000000000000e+04
2.904000000000000000e+04
1.140100000000000000e+04
0.000000000000000000e+00
1.584700000000000000e+04
2.726000000000000000e+04
1.458700000000000000e+04
2.602500000000000000e+04
2.593700000000000000e+04
1.587000000000000000e+04
0.000000000000000000e+00
3.281900000000000000e+04
2.024400000000000000e+04
2.245400000000000000e+04
1.927100000000000000e+04
1.853000000000000000e+04
8.873000000000000000e+03
0.000000000000000000e+00
1.243600000000000000e+04
1.953400000000000000e+04
1.627000000000000000e+04
1.948500000000000000e+04
2.194100000000000000e+04
1.702700000000000000e+04
0.000000000000000000e+00
1.163600000000000000e+04
1.536600000000000000e+04
2.115900000000000000e+04
2.935400000000000000e+04
1.540300000000000000e+04
9.988000000000000000e+03
0.000000000000000000e+00
1.155000000000000000e+04
1.755800000000000000e+04
1.634200000000000000e+04
1.351700000000000000e+04
9.711000000000000000e+03
1.649500000000000000e+04
0.000000000000000000e+00
1.254100000000000000e+04
8.692000000000000000e+03
1.184300000000000000e+04
2.283600000000000000e+04
2.083600000000000000e+04
1.026200000000000000e+04
1.224000000000000000e+03
6.103000000000000000e+03
1.388500000000000000e+04
2.160000000000000000e+03
0.000000000000000000e+00
0.000000000000000000e+00
1.190000000000000000e+02
0.000000000000000000e+00
1.755900000000000000e+04
4.061200000000000000e+04
3.633300000000000000e+04
3.013600000000000000e+04
1.851300000000000000e+04
9.479000000000000000e+03
0.000000000000000000e+00
2.419800000000000000e+04
2.331800000000000000e+04
5.769500000000000000e+04
4.819900000000000000e+04
2.298400000000000000e+04
1.255300000000000000e+04
0.000000000000000000e+00
1.099200000000000000e+04
8.653000000000000000e+03
3.144800000000000000e+04
1.367100000000000000e+04
1.201900000000000000e+04
1.150900000000000000e+04
0.000000000000000000e+00
3.396400000000000000e+04
1.540000000000000000e+04
1.341000000000000000e+04
1.002300000000000000e+04
1.154800000000000000e+04
9.717000000000000000e+03
0.000000000000000000e+00
2.766100000000000000e+04
1.195400000000000000e+04
2.077400000000000000e+04
2.287500000000000000e+04
1.250800000000000000e+04
1.000100000000000000e+04
0.000000000000000000e+00
3.672700000000000000e+04
1.770800000000000000e+04
3.856000000000000000e+04
2.101300000000000000e+04
2.810200000000000000e+04
9.298000000000000000e+03
0.000000000000000000e+00
1.734300000000000000e+04
2.235600000000000000e+04
2.412200000000000000e+04
1.922300000000000000e+04
1.553800000000000000e+04
1.517500000000000000e+04
0.000000000000000000e+00
3.415000000000000000e+04
1.842400000000000000e+04
2.077700000000000000e+04
2.053600000000000000e+04
1.638000000000000000e+04
7.486000000000000000e+03
0.000000000000000000e+00
2.512800000000000000e+04
1.464500000000000000e+04
1.202700000000000000e+04
1.797800000000000000e+04
1.697900000000000000e+04
1.075900000000000000e+04
0.000000000000000000e+00
1.962900000000000000e+04
2.426200000000000000e+04
1.766900000000000000e+04
9.868000000000000000e+03
1.591300000000000000e+04
6.745000000000000000e+03
0.000000000000000000e+00
2.732300000000000000e+04
2.595100000000000000e+04
1.121200000000000000e+04
1.204400000000000000e+04
1.390400000000000000e+04
1.148900000000000000e+04
0.000000000000000000e+00
1.720700000000000000e+04
1.139100000000000000e+04
1.368300000000000000e+04
1.414500000000000000e+04
1.144200000000000000e+04
7.084000000000000000e+03
0.000000000000000000e+00
1.716600000000000000e+04
1.259100000000000000e+04
1.253600000000000000e+04
1.032200000000000000e+04
