0.000000000000000000e+00
5.880200000000000000e+04
1.061890000000000000e+05
8.601200000000000000e+04
6.726300000000000000e+04
6.112800000000000000e+04
4.898800000000000000e+04
0.000000000000000000e+00
9.574000000000000000e+04
1.258080000000000000e+05
7.251100000000000000e+04
8.353900000000000000e+04
8.663600000000000000e+04
8.760600000000000000e+04
0.000000000000000000e+00
1.170160000000000000e+05
8.234800000000000000e+04
9.510000000000000000e+04
9.030500000000000000e+04
8.505400000000000000e+04
4.036100000000000000e+04
1.931000000000000000e+03
8.935200000000000000e+04
9.792500000000000000e+04
0.000000000000000000e+00
0.000000000000000000e+00
0.000000000000000000e+00
0.000000000000000000e+00
0.000000000000000000e+00
0.000000000000000000e+00
0.000000000000000000e+00
9.686900000000000000e+04
1.434110000000000000e+05
1.326860000000000000e+05
1.089460000000000000e+05
0.000000000000000000e+00
1.585250000000000000e+05
1.746210000000000000e+05
1.584000000000000000e+05
1.421570000000000000e+05
1.717890000000000000e+05
1.230810000000000000e+05
0.000000000000000000e+00
2.012380000000000000e+05
2.890420000000000000e+05
3.539060000000000000e+05
3.648610000000000000e+05
2.753700000000000000e+05
2.401310000000000000e+05
0.000000000000000000e+00
3.612540000000000000e+05
3.696430000000000000e+05
2.747980000000000000e+05
2.484420000000000000e+05
1.618130000000000000e+05
1.740000000000000000e+05
0.000000000000000000e+00
1.425710000000000000e+05
3.680700000000000000e+05
9.235100000000000000e+04
1.440296000000000000e+06
1.236830000000000000e+06
4.504140000000000000e+05
0.000000000000000000e+00
7.433250000000000000e+05
5.923030000000000000e+05
7.771560000000000000e+05
5.106240000000000000e+05
6.065640000000000000e+05
5.821080000000000000e+05
0.000000000000000000e+00
7.067440000000000000e+05
5.015260000000000000e+05
5.358590000000000000e+05
3.976870000000000000e+05
9.964500000000000000e+05
8.236140000000000000e+05
0.000000000000000000e+00
1.150882000000000000e+06
6.089350000000000000e+05
6.381550000000000000e+05
6.792910000000000000e+05
9.152360000000000000e+05
6.989070000000000000e+05
0.000000000000000000e+00
1.272582000000000000e+06
6.939240000000000000e+05
7.608660000000000000e+05
5.321650000000000000e+05
1.589223000000000000e+06
8.541310000000000000e+05
0.000000000000000000e+00
8.537160000000000000e+05
1.172465000000000000e+06
1.242368000000000000e+06
7.059730000000000000e+05
8.038750000000000000e+05
7.855920000000000000e+05
0.000000000000000000e+00
1.211497000000000000e+06
8.645650000000000000e+05
6.954850000000000000e+05
4.996530000000000000e+05
6.382000000000000000e+05
6.105070000000000000e+05
0.000000000000000000e+00
9.338420000000000000e+05
8.181340000000000000e+05
6.271230000000000000e+05
5.562470000000000000e+05
6.979710000000000000e+05
4.914750000000000000e+05
0.000000000000000000e+00
7.699630000000000000e+05
6.962490000000000000e+05
5.200060000000000000e+05
5.853120000000000000e+05
4.233940000000000000e+05
7.365030000000000000e+05
0.000000000000000000e+00
5.515550000000000000e+05
8.690700000000000000e+05
4.930680000000000000e+05
4.843090000000000000e+05
2.770660000000000000e+05
1.162160000000000000e+05
0.000000000000000000e+00
3.248890000000000000e+05
3.145770000000000000e+05
4.044100000000000000e+05
2.576440000000000000e+05
2.631940000000000000e+05
1.937770000000000000e+05
0.000000000000000000e+00
3.387820000000000000e+05
3.357580000000000000e+05
2.500190000000000000e+05
1.217070000000000000e+05
1.551830000000000000e+05
8.628000000000000000e+04
0.000000000000000000e+00
1.672550000000000000e+05
7.126300000000000000e+04
1.315930000000000000e+05
8.375200000000000000e+04
1.358570000000000000e+05
2.537700000000000000e+04
0.000000000000000000e+00
4.251700000000000000e+04
5.557700000000000000e+04
2.190570000000000000e+05
9.477300000000000000e+04
3.655300000000000000e+04
8.074700000000000000e+04
0.000000000000000000e+00
1.006750000000000000e+05
3.673300000000000000e+04
7.937100000000000000e+04
2.797600000000000000e+04
2.790100000000000000e+04
6.173000000000000000e+03
0.000000000000000000e+00
4.520500000000000000e+04
8.066800000000000000e+04
5.133800000000000000e+04
7.426000000000000000e+04
2.500800000000000000e+04
1.467900000000000000e+04
0.000000000000000000e+00
7.159900000000000000e+04
8.273100000000000000e+04
1.590000000000000000e+04
7.855100000000000000e+04
4.902100000000000000e+04
1.483200000000000000e+04
0.000000000000000000e+00
1.636500000000000000e+04
1.934800000000000000e+04
3.267900000000000000e+04
1.876800000000000000e+04
1.566710000000000000e+05
4.931000000000000000e+03
0.000000000000000000e+00
1.593100000000000000e+04
1.047600000000000000e+04
2.342300000000000000e+04
2.833000000000000000e+04
3.849800000000000000e+04
6.362000000000000000e+03
0.000000000000000000e+00
1.407000000000000000e+04
4.240900000000000000e+04
7.083600000000000000e+04
1.174700000000000000e+04
1.298600000000000000e+04
1.907000000000000000e+04
0.000000000000000000e+00
4.400000000000000000e+04
2.861800000000000000e+04
2.109300000000000000e+04
5.227300000000000000e+04
4.133800000000000000e+04
9.725000000000000000e+03
0.000000000000000000e+00
2.086000000000000000e+04
2.029400000000000000e+04
2.890400000000000000e+04
3.099200000000000000e+04
3.200800000000000000e+04
8.045000000000000000e+03
0.000000000000000000e+00
7.770400000000000000e+04
2.041400000000000000e+04
3.449000000000000000e+04
1.071510000000000000e+05
1.333700000000000000e+04
1.610000000000000000e+02
0.000000000000000000e+00
2.221500000000000000e+04
3.489400000000000000e+04
2.014100000000000000e+04
3.989600000000000000e+04
3.592800000000000000e+04
1.027000000000000000e+04
0.000000000000000000e+00
1.589800000000000000e+04
1.831900000000000000e+04
1.746800000000000000e+04
3.358100000000000000e+04
2.817200000000000000e+04
1.239500000000000000e+04
0.000000000000000000e+00
3.194300000000000000e+04
2.662700000000000000e+04
5.994500000000000000e+04
1.999900000000000000e+04
1.726500000000000000e+04
1.979200000000000000e+04
0.000000000000000000e+00
1.966800000000000000e+04
3.547700000000000000e+04
1.532600000000000000e+04
5.719700000000000000e+04
3.348600000000000000e+04
2.268200000000000000e+04
0.000000000000000000e+00
4.544300000000000000e+04
5.401400000000000000e+04
5.492500000000000000e+04
3.964600000000000000e+04
4.060300000000000000e+04
1.641100000000000000e+04
0.000000000000000000e+00
4.491800000000000000e+04
2.885300000000000000e+04
3.628600000000000000e+04
3.387900000000000000e+04
6.513300000000000000e+04
2.074000000000000000e+04
0.000000000000000000e+00
3.507400000000000000e+04
3.602700000000000000e+04
4.629800000000000000e+04
5.375000000000000000e+04
3.516200000000000000e+04
1.573400000000000000e+04
0.000000000000000000e+00
4.613300000000000000e+04
2.942600000000000000e+04
2.701000000000000000e+04
3.596800000000000000e+04
1.636300000000000000e+04
3.089500000000000000e+04
0.000000000000000000e+00
4.859800000000000000e+04
4.889000000000000000e+03
0.000000000000000000e+00
0.000000000000000000e+00
0.000000000000000000e+00
1.574300000000000000e+04
0.000000000000000000e+00
3.071800000000000000e+04
4.580200000000000000e+04
3.690500000000000000e+04
4.842000000000000000e+04
5.323400000000000000e+04
3.025300000000000000e+04
0.000000000000000000e+00
4.568400000000000000e+04
3.743300000000000000e+04
4.079200000000000000e+04
5.182800000000000000e+04
2.665000000000000000e+04
3.289000000000000000e+03
0.000000000000000000e+00
1.709000000000000000e+04
1.308100000000000000e+04
3.944100000000000000e+04
3.767700000000000000e+04
2.337700000000000000e+04
5.410000000000000000e+03
0.000000000000000000e+00
1.453300000000000000e+04
6.337100000000000000e+04
4.384000000000000000e+04
2.972000000000000000e+04
2.826200000000000000e+04
1.875300000000000000e+04
0.000000000000000000e+00
2.459700000000000000e+04
3.324100000000000000e+04
2.702600000000000000e+04
2.893600000000000000e+04
1.638700000000000000e+04
5.115000000000000000e+03
0.000000000000000000e+00
8.567000000000000000e+03
1.332600000000000000e+04
2.838700000000000000e+04
1.503700000000000000e+04
2.106700000000000000e+04
1.546200000000000000e+04
0.000000000000000000e+00
4.042100000000000000e+04
2.491000000000000000e+04
2.162200000000000000e+04
1.663100000000000000e+04
2.789800000000000000e+04
4.025000000000000000e+03
0.000000000000000000e+00
3.270800000000000000e+04
1.697700000000000000e+04
7.657000000000000000e+03
4.150700000000000000e+04
2.386600000000000000e+04
2.756400000000000000e+04
0.000000000000000000e+00
2.311000000000000000e+04
2.313600000000000000e+04
2.578600000000000000e+04
8.548000000000000000e+03
4.052400000000000000e+04
8.872000000000000000e+03
0.000000000000000000e+00
3.816200000000000000e+04
2.465200000000000000e+04
2.802500000000000000e+04
1.618600000000000000e+04
2.585800000000000000e+04
1.213700000000000000e+04
0.000000000000000000e+00
2.620400000000000000e+04
1.748600000000000000e+04
3.546800000000000000e+04
4.560800000000000000e+04
3.956700000000000000e+04
5.057800000000000000e+04
0.000000000000000000e+00
1.276400000000000000e+04
2.674700000000000000e+04
5.506200000000000000e+04
2.277400000000000000e+04
8.477600000000000000e+04
3.060800000000000000e+04
0.000000000000000000e+00
0.000000000000000000e+00
7.073000000000000000e+03
5.769200000000000000e+04
8.567700000000000000e+04
1.091510000000000000e+05
3.922900000000000000e+04
0.000000000000000000e+00
7.070000000000000000e+04
5.231700000000000000e+04
9.182300000000000000e+04
5.390700000000000000e+04
5.238500000000000000e+04
1.951500000000000000e+04
0.000000000000000000e+00
7.891800000000000000e+04
8.139100000000000000e+04
1.076680000000000000e+05
1.102370000000000000e+05
8.739000000000000000e+04
7.449700000000000000e+04
0.000000000000000000e+00
1.374920000000000000e+05
1.566120000000000000e+05
8.723500000000000000e+04
8.169500000000000000e+04
8.683900000000000000e+04
3.780100000000000000e+04
0.000000000000000000e+00
9.553600000000000000e+04
1.173220000000000000e+05
1.603700000000000000e+05
1.891600000000000000e+05
2.152110000000000000e+05
1.006930000000000000e+05
0.000000000000000000e+00
1.880530000000000000e+05
1.800930000000000000e+05
2.488930000000000000e+05
1.982030000000000000e+05
1.698560000000000000e+05
9.614800000000000000e+04
1.035000000000000000e+03
2.026570000000000000e+05
1.503710000000000000e+05
1.997420000000000000e+05
2.668600000000000000e+04
0.000000000000000000e+00
0.000000000000000000e+00
0.000000000000000000e+00
1.677700000000000000e+05
1.947970000000000000e+05
2.495550000000000000e+05
2.678360000000000000e+05
3.326580000000000000e+05
1.165700000000000000e+05
0.000000000000000000e+00
2.186230000000000000e+05
1.393250000000000000e+05
2.551730000000000000e+05
4.853300000000000000e+04
1.560418000000000000e+06
6.648060000000000000e+05
0.000000000000000000e+00
1.287938000000000000e+06
7.130290000000000000e+05
8.289150000000000000e+05
6.328420000000000000e+05
7.245870000000000000e+05
5.065020000000000000e+05
0.000000000000000000e+00
1.180226000000000000e+06
9.105310000000000000e+05
7.299520000000000000e+05
7.524940000000000000e+05
8.732560000000000000e+05
5.116900000000000000e+05
0.000000000000000000e+00
1.210211000000000000e+06
9.893730000000000000e+05
7.596800000000000000e+05
6.681140000000000000e+05
9.435300000000000000e+05
5.812000000000000000e+05
0.000000000000000000e+00
1.015628000000000000e+06
1.104359000000000000e+06
9.046660000000000000e+05
7.768830000000000000e+05
7.862980000000000000e+05
8.117660000000000000e+05
0.000000000000000000e+00
1.254795000000000000e+06
9.463990000000000000e+05
8.731850000000000000e+05
9.297690000000000000e+05
7.482050000000000000e+05
5.090240000000000000e+05
0.000000000000000000e+00
9.514740000000000000e+05
9.607880000000000000e+05
8.421530000000000000e+05
9.027290000000000000e+05
8.103760000000000000e+05
4.463850000000000000e+05
0.000000000000000000e+00
1.059545000000000000e+06
8.219550000000000000e+05
7.663950000000000000e+05
6.957180000000000000e+05
9.962850000000000000e+05
4.276050000000000000e+05
0.000000000000000000e+00
7.614810000000000000e+05
6.623970000000000000e+05
6.666940000000000000e+05
5.011550000000000000e+05
6.132440000000000000e+05
3.300580000000000000e+05
0.000000000000000000e+00
9.802190000000000000e+05
6.070930000000000000e+05
5.494140000000000000e+05
6.137380000000000000e+05
6.111110000000000000e+05
2.456960000000000000e+05
0.000000000000000000e+00
2.062980000000000000e+05
3.187060000000000000e+05
6.227780000000000000e+05
5.256810000000000000e+05
5.041000000000000000e+05
8.564400000000000000e+04
0.000000000000000000e+00
1.895180000000000000e+05
2.920930000000000000e+05
2.578410000000000000e+05
2.236160000000000000e+05
1.727340000000000000e+05
6.056400000000000000e+04
0.000000000000000000e+00
1.723030000000000000e+05
8.809000000000000000e+04
7.882400000000000000e+04
6.253300000000000000e+04
7.256700000000000000e+04
3.115300000000000000e+04
0.000000000000000000e+00
1.927350000000000000e+05
7.486200000000000000e+04
3.212100000000000000e+04
3.905470000000000000e+05
1.098740000000000000e+05
3.850700000000000000e+04
0.000000000000000000e+00
5.913500000000000000e+04
8.230400000000000000e+04
5.207700000000000000e+04
5.594400000000000000e+04
6.336000000000000000e+04
2.953500000000000000e+04
0.000000000000000000e+00
7.683400000000000000e+04
2.997000000000000000e+04
1.692500000000000000e+04
8.829600000000000000e+04
2.777400000000000000e+04
3.171100000000000000e+04
0.000000000000000000e+00
6.249500000000000000e+04
5.334200000000000000e+04
3.056400000000000000e+04
1.007390000000000000e+05
3.473400000000000000e+04
1.373200000000000000e+04
0.000000000000000000e+00
3.920200000000000000e+04
4.600600000000000000e+04
2.356200000000000000e+04
1.500200000000000000e+04
2.719400000000000000e+04
9.515900000000000000e+04
0.000000000000000000e+00
3.754100000000000000e+04
3.724900000000000000e+04
2.016000000000000000e+04
1.730900000000000000e+04
2.557400000000000000e+04
9.871000000000000000e+03
0.000000000000000000e+00
3.040700000000000000e+04
3.323600000000000000e+04
7.957100000000000000e+04
2.403800000000000000e+04
1.563400000000000000e+04
8.433000000000000000e+03
0.000000000000000000e+00
3.989200000000000000e+04
1.839900000000000000e+04
4.932100000000000000e+04
2.303000000000000000e+04
1.624400000000000000e+04
6.189000000000000000e+03
0.000000000000000000e+00
1.221500000000000000e+04
1.174100000000000000e+04
1.278600000000000000e+04
2.529100000000000000e+04
9.931000000000000000e+03
4.166000000000000000e+03
0.000000000000000000e+00
4.393000000000000000e+03
2.554540000000000000e+05
2.404400000000000000e+04
1.600800000000000000e+04
2.993200000000000000e+04
1.131000000000000000e+03
0.000000000000000000e+00
2.246100000000000000e+04
3.091500000000000000e+04
3.740500000000000000e+04
1.506100000000000000e+04
6.817500000000000000e+04
2.340500000000000000e+04
0.000000000000000000e+00
3.310800000000000000e+04
8.273000000000000000e+03
4.126700000000000000e+04
2.264900000000000000e+04
1.851000000000000000e+04
0.000000000000000000e+00
0.000000000000000000e+00
6.578300000000000000e+04
1.524600000000000000e+04
4.232600000000000000e+04
3.490900000000000000e+04
2.041100000000000000e+04
2.145000000000000000e+03
0.000000000000000000e+00
1.527000000000000000e+04
5.560000000000000000e+03
3.911200000000000000e+04
2.744600000000000000e+04
1.668050000000000000e+05
3.920100000000000000e+04
0.000000000000000000e+00
2.052000000000000000e+04
4.814100000000000000e+04
4.043100000000000000e+04
1.054620000000000000e+05
1.100090000000000000e+05
2.267000000000000000e+04
0.000000000000000000e+00
2.450600000000000000e+04
2.552900000000000000e+04
2.687500000000000000e+04
2.651300000000000000e+04
4.266600000000000000e+04
2.353100000000000000e+04
0.000000000000000000e+00
4.885200000000000000e+04
1.947800000000000000e+04
2.671900000000000000e+04
4.243100000000000000e+04
1.666500000000000000e+04
9.661000000000000000e+03
0.000000000000000000e+00
0.000000000000000000e+00
0.000000000000000000e+00
0.000000000000000000e+00
2.506300000000000000e+04
3.629200000000000000e+04
2.372500000000000000e+04
0.000000000000000000e+00
7.700200000000000000e+04
4.585700000000000000e+04
4.028100000000000000e+04
7.273000000000000000e+04
1.180980000000000000e+05
2.867000000000000000e+04
0.000000000000000000e+00
4.888600000000000000e+04
7.077800000000000000e+04
4.139400000000000000e+04
2.154900000000000000e+04
2.106200000000000000e+04
1.287300000000000000e+04
0.000000000000000000e+00
6.498900000000000000e+04
3.386500000000000000e+04
3.352900000000000000e+04
3.719100000000000000e+04
3.372900000000000000e+04
1.433800000000000000e+04
0.000000000000000000e+00
3.909500000000000000e+04
2.890500000000000000e+04
2.858900000000000000e+04
4.197600000000000000e+04
2.595800000000000000e+04
1.678900000000000000e+04
0.000000000000000000e+00
3.301600000000000000e+04
2.569300000000000000e+04
7.888500000000000000e+04
4.297900000000000000e+04
8.300700000000000000e+04
6.155900000000000000e+04
0.000000000000000000e+00
1.408450000000000000e+05
2.234700000000000000e+04
2.920800000000000000e+04
3.464300000000000000e+04
1.024100000000000000e+04
3.991100000000000000e+04
0.000000000000000000e+00
8.057800000000000000e+04
2.297300000000000000e+04
1.516500000000000000e+04
3.043200000000000000e+04
7.981100000000000000e+04
1.352500000000000000e+04
0.000000000000000000e+00
3.637300000000000000e+04
2.887600000000000000e+04
3.248500000000000000e+04
1.705400000000000000e+04
2.008900000000000000e+04
1.642200000000000000e+04
0.000000000000000000e+00
5.524800000000000000e+04
5.157600000000000000e+04
3.076200000000000000e+04
2.318100000000000000e+04
3.531800000000000000e+04
1.581200000000000000e+04
0.000000000000000000e+00
3.029700000000000000e+04
3.823500000000000000e+04
3.823000000000000000e+04
2.997700000000000000e+04
2.016100000000000000e+04
9.108000000000000000e+03
0.000000000000000000e+00
6.763400000000000000e+04
3.485100000000000000e+04
2.475600000000000000e+04
3.967300000000000000e+04
2.202500000000000000e+04
2.001500000000000000e+04
0.000000000000000000e+00
3.940200000000000000e+04
4.021800000000000000e+04
4.653100000000000000e+04
7.529900000000000000e+04
4.956300000000000000e+04
3.114000000000000000e+04
0.000000000000000000e+00
5.548100000000000000e+04
1.984200000000000000e+04
4.268800000000000000e+04
1.863400000000000000e+04
3.394800000000000000e+04
2.146400000000000000e+04
0.000000000000000000e+00
5.258100000000000000e+04
1.890000000000000000e+02
3.846000000000000000e+03
6.398500000000000000e+04
5.958300000000000000e+04
3.218600000000000000e+04
0.000000000000000000e+00
4.315900000000000000e+04
4.902300000000000000e+04
3.121200000000000000e+04
8.685800000000000000e+04
6.275600000000000000e+04
4.321600000000000000e+04
0.000000000000000000e+00
4.276400000000000000e+04
6.069000000000000000e+04
4.450400000000000000e+04
5.405300000000000000e+04
4.354500000000000000e+04
3.942500000000000000e+04
0.000000000000000000e+00
7.701500000000000000e+04
8.186300000000000000e+04
7.230700000000000000e+04
7.002700000000000000e+04
6.907300000000000000e+04
6.160300000000000000e+04
0.000000000000000000e+00
1.233790000000000000e+05
9.495100000000000000e+04
5.905800000000000000e+04
1.095030000000000000e+05
7.099100000000000000e+04
3.484200000000000000e+04
6.690000000000000000e+03
9.720000000000000000e+03
0.000000000000000000e+00
0.000000000000000000e+00
1.144000000000000000e+03
6.557100000000000000e+04
9.842000000000000000e+04
0.000000000000000000e+00
1.727970000000000000e+05
1.810390000000000000e+05
1.476950000000000000e+05
1.454680000000000000e+05
1.621900000000000000e+05
1.320810000000000000e+05
0.000000000000000000e+00
2.145200000000000000e+05
1.666230000000000000e+05
1.670180000000000000e+05
1.495870000000000000e+05
1.366530000000000000e+05
8.241500000000000000e+04
0.000000000000000000e+00
1.993450000000000000e+05
1.397160000000000000e+05
8.025800000000000000e+04
1.845500000000000000e+05
5.288000000000000000e+04
7.806660000000000000e+05
0.000000000000000000e+00
4.833030000000000000e+05
6.623130000000000000e+05
4.829830000000000000e+05
5.197020000000000000e+05
3.228930000000000000e+05
3.135770000000000000e+05
0.000000000000000000e+00
4.477100000000000000e+05
8.185040000000000000e+05
6.015550000000000000e+05
3.212160000000000000e+05
6.728200000000000000e+05
3.532270000000000000e+05
0.000000000000000000e+00
5.207270000000000000e+05
9.034570000000000000e+05
6.220970000000000000e+05
4.747910000000000000e+05
5.632930000000000000e+05
6.966400000000000000e+05
0.000000000000000000e+00
7.018740000000000000e+05
8.440220000000000000e+05
7.265180000000000000e+05
3.783820000000000000e+05
3.693770000000000000e+05
6.363730000000000000e+05
0.000000000000000000e+00
1.110760000000000000e+06
9.312390000000000000e+05
1.044878000000000000e+06
7.034820000000000000e+05
7.934670000000000000e+05
5.161790000000000000e+05
0.000000000000000000e+00
1.004213000000000000e+06
8.301860000000000000e+05
7.864810000000000000e+05
7.142870000000000000e+05
9.398110000000000000e+05
4.798600000000000000e+05
0.000000000000000000e+00
1.260269000000000000e+06
7.483160000000000000e+05
8.174510000000000000e+05
6.356710000000000000e+05
8.183190000000000000e+05
3.973490000000000000e+05
0.000000000000000000e+00
1.099406000000000000e+06
6.588560000000000000e+05
5.964930000000000000e+05
4.743480000000000000e+05
5.271240000000000000e+05
2.865490000000000000e+05
0.000000000000000000e+00
5.533860000000000000e+05
8.256330000000000000e+05
5.569970000000000000e+05
7.082710000000000000e+05
6.735780000000000000e+05
3.180210000000000000e+05
0.000000000000000000e+00
6.076370000000000000e+05
7.624530000000000000e+05
5.214880000000000000e+05
4.651820000000000000e+05
6.274060000000000000e+05
2.325140000000000000e+05
0.000000000000000000e+00
5.938070000000000000e+05
3.143290000000000000e+05
3.289740000000000000e+05
3.629020000000000000e+05
2.975270000000000000e+05
1.050470000000000000e+05
0.000000000000000000e+00
2.976290000000000000e+05
3.851200000000000000e+05
2.509460000000000000e+05
1.983440000000000000e+05
1.971280000000000000e+05
1.321330000000000000e+05
0.000000000000000000e+00
1.537570000000000000e+05
2.577930000000000000e+05
1.469390000000000000e+05
9.296000000000000000e+04
3.335180000000000000e+05
4.698700000000000000e+04
0.000000000000000000e+00
1.116870000000000000e+05
1.075000000000000000e+05
1.210310000000000000e+05
5.691100000000000000e+04
8.776200000000000000e+04
2.722900000000000000e+04
0.000000000000000000e+00
7.394900000000000000e+04
1.190650000000000000e+05
6.218700000000000000e+04
5.600400000000000000e+04
5.714600000000000000e+04
1.250400000000000000e+04
0.000000000000000000e+00
5.518600000000000000e+04
4.004800000000000000e+04
4.972900000000000000e+04
6.138100000000000000e+04
3.592100000000000000e+04
6.989300000000000000e+04
0.000000000000000000e+00
4.391800000000000000e+04
4.553300000000000000e+04
3.236800000000000000e+04
4.998800000000000000e+04
6.171100000000000000e+04
1.828200000000000000e+04
0.000000000000000000e+00
3.404400000000000000e+04
4.476000000000000000e+04
4.017700000000000000e+04
1.451200000000000000e+04
1.837800000000000000e+04
1.270100000000000000e+04
0.000000000000000000e+00
2.217000000000000000e+04
3.582200000000000000e+04
1.890700000000000000e+04
1.201500000000000000e+04
2.260400000000000000e+04
8.371000000000000000e+03
0.000000000000000000e+00
1.169200000000000000e+04
3.605300000000000000e+04
1.857900000000000000e+04
2.511700000000000000e+04
3.689700000000000000e+04
9.274000000000000000e+03
0.000000000000000000e+00
1.827300000000000000e+04
1.589900000000000000e+04
2.364600000000000000e+04
1.033300000000000000e+04
1.847700000000000000e+04
4.008000000000000000e+03
0.000000000000000000e+00
1.195900000000000000e+04
1.071800000000000000e+04
3.177000000000000000e+04
1.749400000000000000e+04
2.977200000000000000e+04
2.130000000000000000e+02
0.000000000000000000e+00
2.997800000000000000e+04
2.291500000000000000e+04
3.356900000000000000e+04
1.743500000000000000e+04
2.356200000000000000e+04
7.343000000000000000e+03
0.000000000000000000e+00
1.447900000000000000e+04
1.028400000000000000e+04
1.607900000000000000e+04
2.701400000000000000e+04
3.387300000000000000e+04
1.313900000000000000e+04
0.000000000000000000e+00
3.247700000000000000e+04
2.492100000000000000e+04
1.913100000000000000e+04
2.688500000000000000e+04
1.930900000000000000e+04
1.300300000000000000e+04
0.000000000000000000e+00
1.585800000000000000e+04
2.171900000000000000e+04
1.750700000000000000e+04
4.135600000000000000e+04
1.691600000000000000e+04
4.366500000000000000e+04
0.000000000000000000e+00
4.793300000000000000e+04
6.303800000000000000e+04
4.939000000000000000e+04
2.466500000000000000e+04
2.090400000000000000e+04
1.632100000000000000e+04
0.000000000000000000e+00
3.295400000000000000e+04
4.912300000000000000e+04
2.067400000000000000e+04
6.201000000000000000e+03
0.000000000000000000e+00
0.000000000000000000e+00
0.000000000000000000e+00
2.964100000000000000e+04
2.786000000000000000e+04
5.050500000000000000e+04
2.215400000000000000e+04
3.696400000000000000e+04
1.504200000000000000e+04
0.000000000000000000e+00
3.325500000000000000e+04
2.791100000000000000e+04
3.732600000000000000e+04
1.559800000000000000e+04
3.599800000000000000e+04
7.473000000000000000e+03
0.000000000000000000e+00
7.056500000000000000e+04
1.945200000000000000e+04
4.334800000000000000e+04
3.077200000000000000e+04
3.505300000000000000e+04
1.531800000000000000e+04
0.000000000000000000e+00
3.575400000000000000e+04
2.727700000000000000e+04
9.261000000000000000e+03
2.612500000000000000e+04
3.345700000000000000e+04
1.068800000000000000e+04
0.000000000000000000e+00
1.207600000000000000e+04
3.375100000000000000e+04
2.121700000000000000e+04
3.691800000000000000e+04
1.562600000000000000e+04
4.085000000000000000e+03
0.000000000000000000e+00
1.897600000000000000e+04
3.225700000000000000e+04
2.598600000000000000e+04
2.027500000000000000e+04
3.784500000000000000e+04
1.265900000000000000e+04
0.000000000000000000e+00
1.041200000000000000e+04
4.713000000000000000e+03
2.381300000000000000e+04
6.274600000000000000e+04
4.904600000000000000e+04
3.563000000000000000e+03
0.000000000000000000e+00
3.408600000000000000e+04
3.529100000000000000e+04
2.534900000000000000e+04
3.059100000000000000e+04
1.908000000000000000e+04
1.650900000000000000e+04
0.000000000000000000e+00
1.083300000000000000e+04
8.918000000000000000e+03
1.586700000000000000e+04
1.180000000000000000e+04
2.630600000000000000e+04
7.510000000000000000e+03
0.000000000000000000e+00
1.898500000000000000e+04
6.631000000000000000e+03
1.548100000000000000e+04
6.970000000000000000e+03
7.095000000000000000e+03
2.728000000000000000e+03
0.000000000000000000e+00
2.806000000000000000e+03
1.138600000000000000e+04
9.532000000000000000e+03
2.245300000000000000e+04
1.310600000000000000e+04
1.178900000000000000e+04
0.000000000000000000e+00
9.960000000000000000e+03
2.903900000000000000e+04
5.971000000000000000e+03
5.089600000000000000e+04
3.087800000000000000e+04
2.235800000000000000e+04
0.000000000000000000e+00
3.954000000000000000e+04
2.951400000000000000e+04
1.745300000000000000e+04
2.258300000000000000e+04
1.432000000000000000e+04
5.095000000000000000e+03
0.000000000000000000e+00
4.252500000000000000e+04
3.846000000000000000e+04
3.171200000000000000e+04
2.737500000000000000e+04
3.470900000000000000e+04
1.364200000000000000e+04
0.000000000000000000e+00
1.843600000000000000e+04
2.836700000000000000e+04
1.823400000000000000e+04
3.215300000000000000e+04
1.663400000000000000e+04
7.292000000000000000e+03
0.000000000000000000e+00
3.274600000000000000e+04
8.645300000000000000e+04
2.970000000000000000e+02
4.226000000000000000e+03
5.028500000000000000e+04
2.993100000000000000e+04
0.000000000000000000e+00
6.952100000000000000e+04
3.716200000000000000e+04
5.339600000000000000e+04
3.616200000000000000e+04
5.764500000000000000e+04
3.108800000000000000e+04
2.184000000000000000e+03
6.974000000000000000e+04
6.611100000000000000e+04
4.982800000000000000e+04
5.606000000000000000e+04
6.382100000000000000e+04
4.169100000000000000e+04
2.120000000000000000e+03
7.926700000000000000e+04
6.451200000000000000e+04
4.678500000000000000e+04
4.472200000000000000e+04
9.670000000000000000e+03
0.000000000000000000e+00
0.000000000000000000e+00
3.240000000000000000e+02
2.483600000000000000e+04
5.202500000000000000e+04
1.004450000000000000e+05
1.163290000000000000e+05
6.673300000000000000e+04
0.000000000000000000e+00
1.500650000000000000e+05
1.095700000000000000e+05
1.030910000000000000e+05
1.289830000000000000e+05
1.163520000000000000e+05
4.051200000000000000e+04
0.000000000000000000e+00
1.785020000000000000e+05
1.623000000000000000e+05
1.535310000000000000e+05
1.240700000000000000e+05
6.549900000000000000e+04
8.028400000000000000e+04
0.000000000000000000e+00
1.500310000000000000e+05
1.563440000000000000e+05
1.645480000000000000e+05
1.536620000000000000e+05
1.314990000000000000e+05
1.062550000000000000e+05
0.000000000000000000e+00
1.448330000000000000e+05
1.052320000000000000e+05
7.077700000000000000e+04
8.350500000000000000e+04
4.896000000000000000e+04
4.697400000000000000e+04
0.000000000000000000e+00
1.635833000000000000e+06
9.319970000000000000e+05
6.324650000000000000e+05
5.549860000000000000e+05
6.982100000000000000e+05
3.189180000000000000e+05
0.000000000000000000e+00
8.614420000000000000e+05
6.509100000000000000e+05
8.647090000000000000e+05
7.735530000000000000e+05
5.707420000000000000e+05
3.163840000000000000e+05
0.000000000000000000e+00
9.664240000000000000e+05
5.723460000000000000e+05
7.647730000000000000e+05
7.119890000000000000e+05
8.311580000000000000e+05
4.257940000000000000e+05
0.000000000000000000e+00
8.174650000000000000e+05
6.781860000000000000e+05
6.267640000000000000e+05
6.699810000000000000e+05
6.336360000000000000e+05
4.992410000000000000e+05
0.000000000000000000e+00
6.900750000000000000e+05
9.959010000000000000e+05
7.960770000000000000e+05
7.292710000000000000e+05
7.893160000000000000e+05
3.377430000000000000e+05
0.000000000000000000e+00
9.874690000000000000e+05
6.039540000000000000e+05
5.789190000000000000e+05
6.272170000000000000e+05
6.465930000000000000e+05
2.295770000000000000e+05
0.000000000000000000e+00
7.694870000000000000e+05
5.592130000000000000e+05
6.570660000000000000e+05
6.723480000000000000e+05
4.408760000000000000e+05
2.681960000000000000e+05
0.000000000000000000e+00
6.439650000000000000e+05
5.470400000000000000e+05
5.015520000000000000e+05
5.471710000000000000e+05
5.981500000000000000e+05
3.671110000000000000e+05
0.000000000000000000e+00
7.340020000000000000e+05
6.088050000000000000e+05
4.981900000000000000e+05
5.733250000000000000e+05
3.468290000000000000e+05
1.806360000000000000e+05
0.000000000000000000e+00
6.503410000000000000e+05
5.094810000000000000e+05
3.978160000000000000e+05
4.674400000000000000e+05
3.228720000000000000e+05
1.280640000000000000e+05
0.000000000000000000e+00
4.381970000000000000e+05
3.235710000000000000e+05
3.227910000000000000e+05
2.687550000000000000e+05
3.734800000000000000e+05
1.468220000000000000e+05
0.000000000000000000e+00
2.090850000000000000e+05
2.363410000000000000e+05
3.575930000000000000e+05
1.929460000000000000e+05
1.963820000000000000e+05
1.406340000000000000e+05
0.000000000000000000e+00
2.636610000000000000e+05
2.360830000000000000e+05
2.469960000000000000e+05
1.518530000000000000e+05
1.301270000000000000e+05
1.052840000000000000e+05
0.000000000000000000e+00
2.771530000000000000e+05
1.441740000000000000e+05
1.857110000000000000e+05
6.475400000000000000e+04
7.134800000000000000e+04
5.736500000000000000e+04
0.000000000000000000e+00
6.261500000000000000e+04
7.398800000000000000e+04
3.398500000000000000e+04
6.595600000000000000e+04
3.275600000000000000e+04
3.299500000000000000e+04
0.000000000000000000e+00
2.458200000000000000e+04
5.541700000000000000e+04
3.650500000000000000e+04
4.730200000000000000e+04
2.644000000000000000e+04
2.227300000000000000e+04
0.000000000000000000e+00
2.357700000000000000e+04
1.895000000000000000e+04
6.087400000000000000e+04
2.316100000000000000e+04
8.662000000000000000e+03
7.382000000000000000e+03
0.000000000000000000e+00
7.925000000000000000e+03
2.048700000000000000e+04
2.717600000000000000e+04
3.324900000000000000e+04
2.352700000000000000e+04
1.023300000000000000e+04
0.000000000000000000e+00
5.698000000000000000e+03
3.673900000000000000e+04
3.717700000000000000e+04
2.179300000000000000e+04
1.795800000000000000e+04
1.556800000000000000e+04
0.000000000000000000e+00
6.480000000000000000e+03
1.576800000000000000e+04
1.003700000000000000e+04
1.440000000000000000e+04
2.696300000000000000e+04
2.249100000000000000e+04
0.000000000000000000e+00
1.212300000000000000e+04
2.214900000000000000e+04
1.888300000000000000e+04
1.936500000000000000e+04
1.701300000000000000e+04
1.017700000000000000e+04
0.000000000000000000e+00
8.103000000000000000e+03
1.496900000000000000e+04
1.515800000000000000e+04
8.157000000000000000e+03
1.611800000000000000e+04
1.240000000000000000e+02
0.000000000000000000e+00
7.940000000000000000e+03
2.608700000000000000e+04
1.417100000000000000e+04
2.607100000000000000e+04
1.628900000000000000e+04
2.988900000000000000e+04
0.000000000000000000e+00
2.336600000000000000e+04
3.634600000000000000e+04
9.745000000000000000e+03
1.581100000000000000e+04
2.134000000000000000e+04
1.534300000000000000e+04
0.000000000000000000e+00
2.039800000000000000e+04
2.050000000000000000e+04
2.874100000000000000e+04
3.112700000000000000e+04
2.139100000000000000e+04
3.836900000000000000e+04
0.000000000000000000e+00
3.664700000000000000e+04
1.897400000000000000e+04
4.689600000000000000e+04
9.302000000000000000e+03
2.613900000000000000e+04
3.009800000000000000e+04
0.000000000000000000e+00
2.519000000000000000e+04
2.262800000000000000e+04
4.277600000000000000e+04
3.003900000000000000e+04
3.062000000000000000e+04
3.317800000000000000e+04
0.000000000000000000e+00
1.494300000000000000e+04
2.618500000000000000e+04
2.736600000000000000e+04
2.398200000000000000e+04
1.973700000000000000e+04
3.011700000000000000e+04
0.000000000000000000e+00
3.015600000000000000e+04
2.763600000000000000e+04
2.869200000000000000e+04
6.246500000000000000e+04
5.267900000000000000e+04
2.744000000000000000e+04
0.000000000000000000e+00
2.292700000000000000e+04
3.589900000000000000e+04
2.291000000000000000e+04
5.672900000000000000e+04
2.497000000000000000e+04
8.093000000000000000e+03
0.000000000000000000e+00
1.097100000000000000e+04
1.968500000000000000e+04
1.571400000000000000e+04
0.000000000000000000e+00
0.000000000000000000e+00
0.000000000000000000e+00
0.000000000000000000e+00
1.784700000000000000e+04
4.391000000000000000e+04
5.862900000000000000e+04
3.594100000000000000e+04
2.247200000000000000e+04
2.135600000000000000e+04
0.000000000000000000e+00
2.866200000000000000e+04
2.252500000000000000e+04
1.934500000000000000e+04
3.450800000000000000e+04
8.596000000000000000e+03
2.008600000000000000e+04
0.000000000000000000e+00
1.404900000000000000e+04
2.476700000000000000e+04
2.605600000000000000e+04
3.329200000000000000e+04
1.152200000000000000e+04
1.196300000000000000e+04
0.000000000000000000e+00
2.391900000000000000e+04
2.425500000000000000e+04
2.177100000000000000e+04
2.567800000000000000e+04
2.778900000000000000e+04
1.611400000000000000e+04
0.000000000000000000e+00
2.456500000000000000e+04
2.866200000000000000e+04
1.431100000000000000e+04
2.285800000000000000e+04
2.404300000000000000e+04
3.014300000000000000e+04
0.000000000000000000e+00
2.029000000000000000e+04
3.525200000000000000e+04
3.393100000000000000e+04
5.945600000000000000e+04
2.281000000000000000e+04
7.729000000000000000e+03
0.000000000000000000e+00
1.176300000000000000e+04
2.079500000000000000e+04
1.503100000000000000e+04
1.554800000000000000e+04
1.400000000000000000e+04
1.834100000000000000e+04
0.000000000000000000e+00
2.123500000000000000e+04
2.125400000000000000e+04
1.823800000000000000e+04
6.439000000000000000e+03
2.624700000000000000e+04
1.072200000000000000e+04
0.000000000000000000e+00
2.537700000000000000e+04
2.089600000000000000e+04
1.176200000000000000e+04
1.976200000000000000e+04
3.416200000000000000e+04
1.757600000000000000e+04
0.000000000000000000e+00
7.989000000000000000e+03
4.280600000000000000e+04
3.824500000000000000e+04
7.629900000000000000e+04
5.616200000000000000e+04
1.698500000000000000e+04
0.000000000000000000e+00
4.161900000000000000e+04
2.737900000000000000e+04
2.077200000000000000e+04
2.217500000000000000e+04
3.999100000000000000e+04
1.886600000000000000e+04
0.000000000000000000e+00
1.901300000000000000e+04
4.678100000000000000e+04
3.179600000000000000e+04
2.804700000000000000e+04
3.211300000000000000e+04
2.349100000000000000e+04
0.000000000000000000e+00
2.180900000000000000e+04
2.275100000000000000e+04
2.944200000000000000e+04
2.732600000000000000e+04
