0.000000000000000000e+00
1.895000000000000000e+03
3.465000000000000000e+03
3.696000000000000000e+03
6.946000000000000000e+03
3.974000000000000000e+03
2.019000000000000000e+03
0.000000000000000000e+00
3.725000000000000000e+03
8.697000000000000000e+03
3.720000000000000000e+03
8.645000000000000000e+03
1.261800000000000000e+04
1.240000000000000000e+04
0.000000000000000000e+00
3.381000000000000000e+03
9.447000000000000000e+03
7.486000000000000000e+03
1.131700000000000000e+04
1.851700000000000000e+04
4.441000000000000000e+03
0.000000000000000000e+00
1.280100000000000000e+04
1.391700000000000000e+04
0.000000000000000000e+00
0.000000000000000000e+00
0.000000000000000000e+00
0.000000000000000000e+00
0.000000000000000000e+00
0.000000000000000000e+00
0.000000000000000000e+00
6.170000000000000000e+03
5.165000000000000000e+03
4.543000000000000000e+03
2.815000000000000000e+03
0.000000000000000000e+00
2.438000000000000000e+03
9.789000000000000000e+03
3.881000000000000000e+03
1.313000000000000000e+04
7.825000000000000000e+03
8.199000000000000000e+03
0.000000000000000000e+00
8.283000000000000000e+03
1.629800000000000000e+04
1.255500000000000000e+04
2.040400000000000000e+04
1.437000000000000000e+04
1.085300000000000000e+04
0.000000000000000000e+00
1.851500000000000000e+04
1.557100000000000000e+04
1.357000000000000000e+04
7.368000000000000000e+03
1.321500000000000000e+04
1.276400000000000000e+04
0.000000000000000000e+00
1.464300000000000000e+04
2.585600000000000000e+04
7.580000000000000000e+03
7.059000000000000000e+03
1.718200000000000000e+04
1.317500000000000000e+04
0.000000000000000000e+00
1.755400000000000000e+04
2.062500000000000000e+04
1.331600000000000000e+04
1.526600000000000000e+04
2.102200000000000000e+04
1.087200000000000000e+04
0.000000000000000000e+00
1.232900000000000000e+04
3.470600000000000000e+04
2.015400000000000000e+04
2.832200000000000000e+04
2.459000000000000000e+04
1.398900000000000000e+04
0.000000000000000000e+00
2.146600000000000000e+04
5.495645500000000000e+07
2.214100000000000000e+04
2.862600000000000000e+04
3.046600000000000000e+04
1.638000000000000000e+04
0.000000000000000000e+00
2.819000000000000000e+04
4.125700000000000000e+04
1.812600000000000000e+04
1.420500000000000000e+04
4.880600000000000000e+04
1.576500000000000000e+04
0.000000000000000000e+00
1.552600000000000000e+04
4.993200000000000000e+04
2.108200000000000000e+04
1.824900000000000000e+04
2.608100000000000000e+04
1.758100000000000000e+04
0.000000000000000000e+00
2.069900000000000000e+04
5.164700000000000000e+04
2.832800000000000000e+04
3.410400000000000000e+04
2.682100000000000000e+04
2.366600000000000000e+04
0.000000000000000000e+00
3.056600000000000000e+04
3.045300000000000000e+04
1.967200000000000000e+04
1.861800000000000000e+04
2.771500000000000000e+04
1.116400000000000000e+04
0.000000000000000000e+00
2.728800000000000000e+04
3.699700000000000000e+04
2.409400000000000000e+04
2.675900000000000000e+04
2.195600000000000000e+04
1.870900000000000000e+04
0.000000000000000000e+00
1.612200000000000000e+04
4.138300000000000000e+04
1.567400000000000000e+04
1.490200000000000000e+04
1.594600000000000000e+04
8.310000000000000000e+02
0.000000000000000000e+00
6.366000000000000000e+03
2.634000000000000000e+04
1.684800000000000000e+04
2.226600000000000000e+04
2.641500000000000000e+04
1.980600000000000000e+04
0.000000000000000000e+00
2.726800000000000000e+04
4.406500000000000000e+04
2.434300000000000000e+04
2.913700000000000000e+04
2.274800000000000000e+04
1.671700000000000000e+04
0.000000000000000000e+00
2.662500000000000000e+04
2.633400000000000000e+04
2.835600000000000000e+04
1.707500000000000000e+04
2.311300000000000000e+04
8.969000000000000000e+03
0.000000000000000000e+00
1.421400000000000000e+04
1.939600000000000000e+04
4.488400000000000000e+04
1.444800000000000000e+04
1.451700000000000000e+04
4.773000000000000000e+03
0.000000000000000000e+00
2.243000000000000000e+04
1.384500000000000000e+04
9.514000000000000000e+03
1.182500000000000000e+04
1.437000000000000000e+04
8.119000000000000000e+03
0.000000000000000000e+00
1.112900000000000000e+04
1.302600000000000000e+04
6.786000000000000000e+03
9.448000000000000000e+03
5.730000000000000000e+03
7.914000000000000000e+03
0.000000000000000000e+00
6.893000000000000000e+03
4.558100000000000000e+04
5.352000000000000000e+03
1.381900000000000000e+04
9.536000000000000000e+03
1.370000000000000000e+04
0.000000000000000000e+00
4.584000000000000000e+03
1.001200000000000000e+04
9.835000000000000000e+03
2.422000000000000000e+03
4.597300000000000000e+04
4.766000000000000000e+03
0.000000000000000000e+00
3.823000000000000000e+03
3.394000000000000000e+03
1.092400000000000000e+04
3.091000000000000000e+03
9.150000000000000000e+03
4.533000000000000000e+03
0.000000000000000000e+00
3.946600000000000000e+04
4.199000000000000000e+03
4.218000000000000000e+03
6.900000000000000000e+03
4.640000000000000000e+03
1.752000000000000000e+03
0.000000000000000000e+00
9.103000000000000000e+03
1.882000000000000000e+03
2.063000000000000000e+03
3.231600000000000000e+04
1.513000000000000000e+03
8.160000000000000000e+02
0.000000000000000000e+00
1.490000000000000000e+03
1.611000000000000000e+03
9.690000000000000000e+02
4.900000000000000000e+02
1.639000000000000000e+03
2.168000000000000000e+03
0.000000000000000000e+00
4.446000000000000000e+04
9.950000000000000000e+02
8.750000000000000000e+02
8.930000000000000000e+02
1.289000000000000000e+03
4.320000000000000000e+02
0.000000000000000000e+00
1.645000000000000000e+03
4.374000000000000000e+03
3.833000000000000000e+03
1.661600000000000000e+04
2.493000000000000000e+03
9.480000000000000000e+02
0.000000000000000000e+00
8.746000000000000000e+03
1.632000000000000000e+03
3.719000000000000000e+03
2.176000000000000000e+03
2.009000000000000000e+03
1.505000000000000000e+03
0.000000000000000000e+00
2.712000000000000000e+03
3.916000000000000000e+03
6.124000000000000000e+03
8.360000000000000000e+02
2.773000000000000000e+03
7.490000000000000000e+02
0.000000000000000000e+00
2.314000000000000000e+03
5.302000000000000000e+03
2.802000000000000000e+03
5.714000000000000000e+03
4.590000000000000000e+03
1.286000000000000000e+03
0.000000000000000000e+00
1.847300000000000000e+04
7.180000000000000000e+03
3.628000000000000000e+03
4.380000000000000000e+02
3.739000000000000000e+03
2.830000000000000000e+02
0.000000000000000000e+00
1.545700000000000000e+04
7.893000000000000000e+03
1.136000000000000000e+03
3.213000000000000000e+03
5.374000000000000000e+03
1.662000000000000000e+03
0.000000000000000000e+00
3.490000000000000000e+03
7.368000000000000000e+03
2.659600000000000000e+04
6.670000000000000000e+03
7.375000000000000000e+03
2.298000000000000000e+03
0.000000000000000000e+00
8.839000000000000000e+03
1.542500000000000000e+04
1.242500000000000000e+04
1.077300000000000000e+04
9.413000000000000000e+03
4.073000000000000000e+03
2.400000000000000000e+02
3.990000000000000000e+03
4.350000000000000000e+02
0.000000000000000000e+00
0.000000000000000000e+00
0.000000000000000000e+00
1.500000000000000000e+02
0.000000000000000000e+00
5.350000000000000000e+02
1.135000000000000000e+03
4.244000000000000000e+03
3.705000000000000000e+03
1.940000000000000000e+03
1.360000000000000000e+03
0.000000000000000000e+00
3.360000000000000000e+03
1.072000000000000000e+04
7.055000000000000000e+03
2.304000000000000000e+03
4.645000000000000000e+03
1.225000000000000000e+03
0.000000000000000000e+00
5.187000000000000000e+03
8.413000000000000000e+03
2.615000000000000000e+03
3.180000000000000000e+03
3.115000000000000000e+03
3.031000000000000000e+03
0.000000000000000000e+00
1.070000000000000000e+03
4.995000000000000000e+03
2.290000000000000000e+03
4.270000000000000000e+03
1.168000000000000000e+03
2.808000000000000000e+03
0.000000000000000000e+00
3.460000000000000000e+03
7.875000000000000000e+03
4.583000000000000000e+03
3.515000000000000000e+03
7.559000000000000000e+03
2.536000000000000000e+03
0.000000000000000000e+00
3.078000000000000000e+03
1.075700000000000000e+04
4.892000000000000000e+03
2.895000000000000000e+03
6.149000000000000000e+03
2.158000000000000000e+03
0.000000000000000000e+00
2.372000000000000000e+03
6.434000000000000000e+03
4.072000000000000000e+03
3.068000000000000000e+03
7.674000000000000000e+03
1.544000000000000000e+03
0.000000000000000000e+00
5.755000000000000000e+03
4.991000000000000000e+03
1.878000000000000000e+03
5.075000000000000000e+03
5.061000000000000000e+03
2.653000000000000000e+03
0.000000000000000000e+00
6.485000000000000000e+03
6.625000000000000000e+03
2.835000000000000000e+03
5.712000000000000000e+03
3.856000000000000000e+03
1.005000000000000000e+03
0.000000000000000000e+00
3.312000000000000000e+03
4.963000000000000000e+03
1.035000000000000000e+03
3.058000000000000000e+03
4.622000000000000000e+03
1.520000000000000000e+03
0.000000000000000000e+00
2.259000000000000000e+03
4.185000000000000000e+03
4.255000000000000000e+03
4.486000000000000000e+03
2.366000000000000000e+03
1.467000000000000000e+03
0.000000000000000000e+00
1.000000000000000000e+03
3.440000000000000000e+02
3.810000000000000000e+03
6.435000000000000000e+03
3.827000000000000000e+03
2.873000000000000000e+03
0.000000000000000000e+00
0.000000000000000000e+00
4.772000000000000000e+03
1.540000000000000000e+03
1.725000000000000000e+03
2.030000000000000000e+03
1.540000000000000000e+03
0.000000000000000000e+00
4.982000000000000000e+03
4.948000000000000000e+03
2.934000000000000000e+03
2.305000000000000000e+03
6.740000000000000000e+02
2.010000000000000000e+03
0.000000000000000000e+00
4.140000000000000000e+03
7.885000000000000000e+03
6.611000000000000000e+03
4.891000000000000000e+03
6.236000000000000000e+03
5.775000000000000000e+03
0.000000000000000000e+00
8.067000000000000000e+03
1.204000000000000000e+04
8.028000000000000000e+03
8.201000000000000000e+03
4.610000000000000000e+03
9.500000000000000000e+02
0.000000000000000000e+00
4.495000000000000000e+03
1.269100000000000000e+04
9.126000000000000000e+03
1.427300000000000000e+04
1.180900000000000000e+04
5.345000000000000000e+03
0.000000000000000000e+00
5.502000000000000000e+03
6.321000000000000000e+03
1.042100000000000000e+04
1.051400000000000000e+04
9.734000000000000000e+03
2.126000000000000000e+03
0.000000000000000000e+00
7.839000000000000000e+03
1.787600000000000000e+04
2.209300000000000000e+04
2.322000000000000000e+03
0.000000000000000000e+00
0.000000000000000000e+00
0.000000000000000000e+00
4.306000000000000000e+03
2.351600000000000000e+04
1.588100000000000000e+04
1.422000000000000000e+04
1.399100000000000000e+04
9.615000000000000000e+03
0.000000000000000000e+00
6.305000000000000000e+03
1.319600000000000000e+04
3.152200000000000000e+04
1.765400000000000000e+04
8.213000000000000000e+03
8.955000000000000000e+03
0.000000000000000000e+00
1.790900000000000000e+04
2.585100000000000000e+04
2.343800000000000000e+04
1.581200000000000000e+04
2.519100000000000000e+04
1.424400000000000000e+04
0.000000000000000000e+00
1.566800000000000000e+04
4.202600000000000000e+04
2.477900000000000000e+04
2.801800000000000000e+04
3.146600000000000000e+04
1.556500000000000000e+04
0.000000000000000000e+00
1.624300000000000000e+04
4.048300000000000000e+04
2.180900000000000000e+04
2.591800000000000000e+04
1.456900000000000000e+04
2.848700000000000000e+04
0.000000000000000000e+00
2.206100000000000000e+04
3.735500000000000000e+04
2.041400000000000000e+04
2.423000000000000000e+04
2.528200000000000000e+04
2.167700000000000000e+04
0.000000000000000000e+00
2.841700000000000000e+04
3.142000000000000000e+04
2.710200000000000000e+04
3.172700000000000000e+04
1.748100000000000000e+04
1.142000000000000000e+04
0.000000000000000000e+00
2.331900000000000000e+04
4.477600000000000000e+04
2.590800000000000000e+04
3.277800000000000000e+04
2.318200000000000000e+04
1.889700000000000000e+04
0.000000000000000000e+00
2.137800000000000000e+04
3.167700000000000000e+04
1.558400000000000000e+04
1.878400000000000000e+04
1.091200000000000000e+04
1.922600000000000000e+04
0.000000000000000000e+00
1.030300000000000000e+04
4.060900000000000000e+04
3.532900000000000000e+04
2.089500000000000000e+04
2.079200000000000000e+04
1.959700000000000000e+04
0.000000000000000000e+00
5.203600000000000000e+04
4.359200000000000000e+04
3.620200000000000000e+04
3.336000000000000000e+04
2.646500000000000000e+04
1.744400000000000000e+04
0.000000000000000000e+00
1.497800000000000000e+04
1.554500000000000000e+04
3.403400000000000000e+04
2.762400000000000000e+04
2.887700000000000000e+04
1.842500000000000000e+04
0.000000000000000000e+00
2.324600000000000000e+04
2.862500000000000000e+04
2.542300000000000000e+04
2.240400000000000000e+04
3.321600000000000000e+04
1.817700000000000000e+04
0.000000000000000000e+00
3.503400000000000000e+04
3.480400000000000000e+04
2.722700000000000000e+04
3.439600000000000000e+04
3.908900000000000000e+04
1.741100000000000000e+04
0.000000000000000000e+00
3.846500000000000000e+04
3.515400000000000000e+04
2.255600000000000000e+04
5.174600000000000000e+04
4.667300000000000000e+04
2.205400000000000000e+04
0.000000000000000000e+00
2.214800000000000000e+04
2.445000000000000000e+04
2.395400000000000000e+04
1.924700000000000000e+04
3.773200000000000000e+04
1.329400000000000000e+04
0.000000000000000000e+00
1.405300000000000000e+04
2.476300000000000000e+04
1.541000000000000000e+04
1.083700000000000000e+04
2.111100000000000000e+04
5.439000000000000000e+03
0.000000000000000000e+00
5.371000000000000000e+03
2.151800000000000000e+04
2.358400000000000000e+04
1.672700000000000000e+04
1.177400000000000000e+04
8.903000000000000000e+03
0.000000000000000000e+00
1.612200000000000000e+04
1.380000000000000000e+04
1.180400000000000000e+04
1.027200000000000000e+04
5.150000000000000000e+03
1.910000000000000000e+04
0.000000000000000000e+00
2.010000000000000000e+04
1.216500000000000000e+04
1.938400000000000000e+04
1.394300000000000000e+04
6.732000000000000000e+03
9.592000000000000000e+03
0.000000000000000000e+00
1.180000000000000000e+04
1.024900000000000000e+04
1.132900000000000000e+04
3.052000000000000000e+03
8.251000000000000000e+03
2.333000000000000000e+03
0.000000000000000000e+00
7.551000000000000000e+03
8.063000000000000000e+03
3.467000000000000000e+03
5.422000000000000000e+03
4.447000000000000000e+03
8.134000000000000000e+03
0.000000000000000000e+00
1.358900000000000000e+04
7.050000000000000000e+03
1.198500000000000000e+04
1.517500000000000000e+04
7.215000000000000000e+03
3.748000000000000000e+03
0.000000000000000000e+00
4.520000000000000000e+03
1.254200000000000000e+04
7.107000000000000000e+03
4.806000000000000000e+03
3.755000000000000000e+03
1.410000000000000000e+03
0.000000000000000000e+00
2.091000000000000000e+03
3.330000000000000000e+03
1.390300000000000000e+04
7.577000000000000000e+03
3.438000000000000000e+03
2.677000000000000000e+03
0.000000000000000000e+00
5.827000000000000000e+03
2.848000000000000000e+03
1.830000000000000000e+03
1.004000000000000000e+03
1.259000000000000000e+03
0.000000000000000000e+00
0.000000000000000000e+00
2.293000000000000000e+03
1.675000000000000000e+03
1.492000000000000000e+03
1.820000000000000000e+03
1.390000000000000000e+03
2.497000000000000000e+03
0.000000000000000000e+00
2.439000000000000000e+03
4.609000000000000000e+03
4.642000000000000000e+03
2.450000000000000000e+03
7.082000000000000000e+03
2.766000000000000000e+03
0.000000000000000000e+00
4.023000000000000000e+03
9.755000000000000000e+03
8.159000000000000000e+03
9.677000000000000000e+03
1.034200000000000000e+04
6.221000000000000000e+03
0.000000000000000000e+00
1.416700000000000000e+04
2.746200000000000000e+04
1.247300000000000000e+04
1.557800000000000000e+04
1.087400000000000000e+04
1.254900000000000000e+04
7.500000000000000000e+02
1.262600000000000000e+04
1.174300000000000000e+04
1.433900000000000000e+04
9.425000000000000000e+03
7.199000000000000000e+03
2.434000000000000000e+03
0.000000000000000000e+00
0.000000000000000000e+00
0.000000000000000000e+00
0.000000000000000000e+00
1.150000000000000000e+03
8.407000000000000000e+03
1.915000000000000000e+03
0.000000000000000000e+00
4.485000000000000000e+03
3.425000000000000000e+03
3.095000000000000000e+03
2.746000000000000000e+03
4.383000000000000000e+03
2.096000000000000000e+03
0.000000000000000000e+00
2.418000000000000000e+03
1.275500000000000000e+04
4.920000000000000000e+03
3.265000000000000000e+03
2.919000000000000000e+03
2.335000000000000000e+03
0.000000000000000000e+00
4.000000000000000000e+03
8.241000000000000000e+03
5.772000000000000000e+03
6.987000000000000000e+03
8.355000000000000000e+03
4.451000000000000000e+03
0.000000000000000000e+00
5.405000000000000000e+03
8.800000000000000000e+03
5.432000000000000000e+03
4.806000000000000000e+03
2.764000000000000000e+03
2.432000000000000000e+03
0.000000000000000000e+00
3.951000000000000000e+03
7.051000000000000000e+03
8.078000000000000000e+03
3.131000000000000000e+03
1.748000000000000000e+03
6.745000000000000000e+03
0.000000000000000000e+00
2.955000000000000000e+03
4.859000000000000000e+03
2.848000000000000000e+03
6.577000000000000000e+03
3.065000000000000000e+03
1.440000000000000000e+03
0.000000000000000000e+00
3.757000000000000000e+03
9.072000000000000000e+03
4.160000000000000000e+03
5.440000000000000000e+03
3.513000000000000000e+03
2.321000000000000000e+03
0.000000000000000000e+00
3.485000000000000000e+03
4.494000000000000000e+03
6.127000000000000000e+03
9.255000000000000000e+03
7.582000000000000000e+03
3.647000000000000000e+03
0.000000000000000000e+00
7.036000000000000000e+03
1.251700000000000000e+04
4.150000000000000000e+03
1.235000000000000000e+04
2.141300000000000000e+04
1.043800000000000000e+04
0.000000000000000000e+00
1.253400000000000000e+04
7.226000000000000000e+03
2.669000000000000000e+03
8.049000000000000000e+03
5.321000000000000000e+03
2.794000000000000000e+03
0.000000000000000000e+00
4.605000000000000000e+03
5.158000000000000000e+03
4.852000000000000000e+03
1.702000000000000000e+03
6.559000000000000000e+03
5.020000000000000000e+03
0.000000000000000000e+00
2.148000000000000000e+03
5.122000000000000000e+03
4.366000000000000000e+03
5.712000000000000000e+03
4.170000000000000000e+03
1.962000000000000000e+03
0.000000000000000000e+00
3.128000000000000000e+03
7.271000000000000000e+03
6.223000000000000000e+03
8.275000000000000000e+03
8.552000000000000000e+03
3.291000000000000000e+03
0.000000000000000000e+00
5.970000000000000000e+03
0.000000000000000000e+00
4.210000000000000000e+02
1.501200000000000000e+04
4.592000000000000000e+03
6.374000000000000000e+03
0.000000000000000000e+00
4.655000000000000000e+03
1.587400000000000000e+04
3.655000000000000000e+03
2.980000000000000000e+03
1.227800000000000000e+04
8.088000000000000000e+03
0.000000000000000000e+00
7.059000000000000000e+03
1.223200000000000000e+04
1.282300000000000000e+04
1.455300000000000000e+04
1.432000000000000000e+04
1.092000000000000000e+04
0.000000000000000000e+00
1.071800000000000000e+04
1.258200000000000000e+04
1.755300000000000000e+04
1.546800000000000000e+04
1.281800000000000000e+04
1.157400000000000000e+04
0.000000000000000000e+00
9.336000000000000000e+03
2.679700000000000000e+04
2.303500000000000000e+04
2.063900000000000000e+04
1.842800000000000000e+04
7.589000000000000000e+03
8.300000000000000000e+02
3.310000000000000000e+03
0.000000000000000000e+00
0.000000000000000000e+00
6.500000000000000000e+01
5.159000000000000000e+03
1.016700000000000000e+04
0.000000000000000000e+00
1.982500000000000000e+04
2.576900000000000000e+04
1.100400000000000000e+04
1.309000000000000000e+04
3.458100000000000000e+04
1.471300000000000000e+04
0.000000000000000000e+00
1.039500000000000000e+04
4.032200000000000000e+04
1.692900000000000000e+04
2.831400000000000000e+04
3.428500000000000000e+04
1.764400000000000000e+04
0.000000000000000000e+00
2.769400000000000000e+04
2.049000000000000000e+04
1.560700000000000000e+04
3.254300000000000000e+04
1.630200000000000000e+04
1.048000000000000000e+04
0.000000000000000000e+00
1.300000000000000000e+04
2.884400000000000000e+04
4.829700000000000000e+04
4.749800000000000000e+04
5.275900000000000000e+04
2.275500000000000000e+04
0.000000000000000000e+00
3.074100000000000000e+04
3.936200000000000000e+04
3.292200000000000000e+04
1.626900000000000000e+04
5.056300000000000000e+04
3.613900000000000000e+04
0.000000000000000000e+00
1.747100000000000000e+04
4.256500000000000000e+04
4.992800000000000000e+04
3.732500000000000000e+04
2.208600000000000000e+04
2.456900000000000000e+04
0.000000000000000000e+00
2.085700000000000000e+04
4.170200000000000000e+04
1.980200000000000000e+04
1.515300000000000000e+04
2.798900000000000000e+04
1.448500000000000000e+04
0.000000000000000000e+00
3.753600000000000000e+04
4.533500000000000000e+04
3.859700000000000000e+04
2.602800000000000000e+04
4.650900000000000000e+04
2.564100000000000000e+04
0.000000000000000000e+00
2.415200000000000000e+04
4.769400000000000000e+04
2.998200000000000000e+04
5.881600000000000000e+04
3.159700000000000000e+04
2.202600000000000000e+04
0.000000000000000000e+00
3.787300000000000000e+04
4.734100000000000000e+04
3.731700000000000000e+04
2.959800000000000000e+04
3.091800000000000000e+04
1.269000000000000000e+04
0.000000000000000000e+00
2.553200000000000000e+04
3.567900000000000000e+04
2.665700000000000000e+04
3.608800000000000000e+04
2.873600000000000000e+04
1.504900000000000000e+04
0.000000000000000000e+00
1.059500000000000000e+04
4.268400000000000000e+04
1.636800000000000000e+04
3.299000000000000000e+04
1.673800000000000000e+04
1.638200000000000000e+04
0.000000000000000000e+00
1.019500000000000000e+04
1.400600000000000000e+04
2.627700000000000000e+04
3.141500000000000000e+04
4.262200000000000000e+04
3.942400000000000000e+04
0.000000000000000000e+00
3.860100000000000000e+04
3.921600000000000000e+04
3.397100000000000000e+04
2.043200000000000000e+04
2.893400000000000000e+04
2.018800000000000000e+04
0.000000000000000000e+00
2.525100000000000000e+04
3.502800000000000000e+04
1.912700000000000000e+04
1.824300000000000000e+04
3.190700000000000000e+04
1.599500000000000000e+04
0.000000000000000000e+00
2.378100000000000000e+04
4.300800000000000000e+04
1.638600000000000000e+04
1.953200000000000000e+04
3.564500000000000000e+04
2.326900000000000000e+04
0.000000000000000000e+00
3.187700000000000000e+04
3.427400000000000000e+04
1.980800000000000000e+04
1.423400000000000000e+04
1.252000000000000000e+04
2.082900000000000000e+04
0.000000000000000000e+00
2.244700000000000000e+04
2.008100000000000000e+04
4.309800000000000000e+04
1.532600000000000000e+04
1.495500000000000000e+04
1.453400000000000000e+04
0.000000000000000000e+00
1.491100000000000000e+04
1.977600000000000000e+04
1.345800000000000000e+04
1.198300000000000000e+04
1.904000000000000000e+04
1.530600000000000000e+04
0.000000000000000000e+00
1.747000000000000000e+04
1.330400000000000000e+04
7.474000000000000000e+03
4.843000000000000000e+03
1.511300000000000000e+04
2.343000000000000000e+03
0.000000000000000000e+00
5.368000000000000000e+03
4.310000000000000000e+03
3.805000000000000000e+03
2.802000000000000000e+03
1.901000000000000000e+03
1.808000000000000000e+03
0.000000000000000000e+00
1.098000000000000000e+03
1.887000000000000000e+03
3.718000000000000000e+03
7.460000000000000000e+03
3.732000000000000000e+03
1.438000000000000000e+03
0.000000000000000000e+00
8.850000000000000000e+02
2.071000000000000000e+03
7.050000000000000000e+02
3.428000000000000000e+03
7.240000000000000000e+02
3.485000000000000000e+03
0.000000000000000000e+00
1.921000000000000000e+03
9.650000000000000000e+02
6.080000000000000000e+02
8.820000000000000000e+02
1.699000000000000000e+03
2.930000000000000000e+02
0.000000000000000000e+00
4.220000000000000000e+02
4.940000000000000000e+02
2.554000000000000000e+03
1.549000000000000000e+03
4.079000000000000000e+03
5.000000000000000000e+01
0.000000000000000000e+00
1.630000000000000000e+03
1.338000000000000000e+03
1.584200000000000000e+04
1.769000000000000000e+03
6.080000000000000000e+02
7.300000000000000000e+02
0.000000000000000000e+00
1.284000000000000000e+03
4.251000000000000000e+03
5.552000000000000000e+03
1.902000000000000000e+03
1.001000000000000000e+03
4.250000000000000000e+02
0.000000000000000000e+00
9.890000000000000000e+02
2.360000000000000000e+03
7.810000000000000000e+02
1.023000000000000000e+03
3.794000000000000000e+03
5.180000000000000000e+02
0.000000000000000000e+00
9.930000000000000000e+02
2.740000000000000000e+03
2.881000000000000000e+03
3.961000000000000000e+03
3.777000000000000000e+03
2.952000000000000000e+03
0.000000000000000000e+00
3.470000000000000000e+03
1.039500000000000000e+04
2.182000000000000000e+03
3.935000000000000000e+03
4.265000000000000000e+03
3.680000000000000000e+03
0.000000000000000000e+00
4.620000000000000000e+03
1.024700000000000000e+04
2.651000000000000000e+03
3.240000000000000000e+02
0.000000000000000000e+00
0.000000000000000000e+00
0.000000000000000000e+00
1.614000000000000000e+03
2.944000000000000000e+03
2.862000000000000000e+03
7.062000000000000000e+03
2.739000000000000000e+03
1.535000000000000000e+03
0.000000000000000000e+00
1.018000000000000000e+03
8.289000000000000000e+03
2.974000000000000000e+03
3.272000000000000000e+03
4.462000000000000000e+03
3.521000000000000000e+03
0.000000000000000000e+00
4.148000000000000000e+03
1.045400000000000000e+04
4.426000000000000000e+03
3.473000000000000000e+03
1.060300000000000000e+04
5.575000000000000000e+03
0.000000000000000000e+00
9.573000000000000000e+03
1.170800000000000000e+04
3.967000000000000000e+03
7.272000000000000000e+03
8.069000000000000000e+03
2.641000000000000000e+03
0.000000000000000000e+00
5.971000000000000000e+03
1.303800000000000000e+04
4.261000000000000000e+03
6.654000000000000000e+03
3.991000000000000000e+03
2.724000000000000000e+03
0.000000000000000000e+00
3.585000000000000000e+03
8.056000000000000000e+03
2.008000000000000000e+03
6.110000000000000000e+03
6.182000000000000000e+03
1.792000000000000000e+03
0.000000000000000000e+00
2.430000000000000000e+03
8.548000000000000000e+03
3.352000000000000000e+03
5.549000000000000000e+03
5.666000000000000000e+03
2.731000000000000000e+03
0.000000000000000000e+00
7.016000000000000000e+03
1.125300000000000000e+04
5.921000000000000000e+03
4.470000000000000000e+03
7.528000000000000000e+03
4.934000000000000000e+03
0.000000000000000000e+00
2.744000000000000000e+03
7.080000000000000000e+03
3.021000000000000000e+03
5.675000000000000000e+03
5.406000000000000000e+03
2.223000000000000000e+03
0.000000000000000000e+00
1.926000000000000000e+03
5.458000000000000000e+03
3.706000000000000000e+03
5.056000000000000000e+03
3.232000000000000000e+03
1.861000000000000000e+03
0.000000000000000000e+00
2.220000000000000000e+03
8.953000000000000000e+03
7.237000000000000000e+03
6.431000000000000000e+03
8.273000000000000000e+03
3.230000000000000000e+03
0.000000000000000000e+00
2.650000000000000000e+03
8.629000000000000000e+03
4.512000000000000000e+03
5.154000000000000000e+03
7.028000000000000000e+03
2.528000000000000000e+03
0.000000000000000000e+00
4.399000000000000000e+03
9.984000000000000000e+03
1.078800000000000000e+04
9.268000000000000000e+03
8.865000000000000000e+03
3.263000000000000000e+03
0.000000000000000000e+00
6.696000000000000000e+03
8.736000000000000000e+03
7.329000000000000000e+03
6.538000000000000000e+03
5.693000000000000000e+03
5.604000000000000000e+03
0.000000000000000000e+00
5.520000000000000000e+03
9.441000000000000000e+03
3.407000000000000000e+03
4.386000000000000000e+03
4.550000000000000000e+03
4.356000000000000000e+03
0.000000000000000000e+00
7.438000000000000000e+03
1.016100000000000000e+04
0.000000000000000000e+00
1.071000000000000000e+03
1.168300000000000000e+04
3.648000000000000000e+03
0.000000000000000000e+00
3.328000000000000000e+03
1.084700000000000000e+04
4.561000000000000000e+03
9.890000000000000000e+03
1.125900000000000000e+04
6.596000000000000000e+03
4.500000000000000000e+02
8.974000000000000000e+03
1.975800000000000000e+04
3.119300000000000000e+04
2.041000000000000000e+04
3.241700000000000000e+04
2.513300000000000000e+04
3.000000000000000000e+02
2.152100000000000000e+04
4.019600000000000000e+04
3.187900000000000000e+04
2.243300000000000000e+04
4.016000000000000000e+03
0.000000000000000000e+00
0.000000000000000000e+00
0.000000000000000000e+00
1.110300000000000000e+04
1.994500000000000000e+04
3.178700000000000000e+04
3.600600000000000000e+04
1.393300000000000000e+04
0.000000000000000000e+00
1.652600000000000000e+04
1.812300000000000000e+04
2.358000000000000000e+04
2.443100000000000000e+04
2.548100000000000000e+04
1.548100000000000000e+04
0.000000000000000000e+00
2.805600000000000000e+04
3.074200000000000000e+04
2.626500000000000000e+04
3.280100000000000000e+04
3.014800000000000000e+04
2.389500000000000000e+04
0.000000000000000000e+00
4.541200000000000000e+04
2.528600000000000000e+04
1.926900000000000000e+04
3.792200000000000000e+04
3.537800000000000000e+04
1.374300000000000000e+04
0.000000000000000000e+00
3.054600000000000000e+04
1.905900000000000000e+04
3.932900000000000000e+04
2.776000000000000000e+04
2.469000000000000000e+04
2.436100000000000000e+04
0.000000000000000000e+00
3.701000000000000000e+04
3.984900000000000000e+04
2.143500000000000000e+04
4.188500000000000000e+04
5.639800000000000000e+04
1.760200000000000000e+04
0.000000000000000000e+00
5.124100000000000000e+04
2.957500000000000000e+04
2.727700000000000000e+04
1.561900000000000000e+04
2.711000000000000000e+04
2.160300000000000000e+04
0.000000000000000000e+00
2.813800000000000000e+04
4.129500000000000000e+04
1.548100000000000000e+04
1.227200000000000000e+04
1.299400000000000000e+04
1.293100000000000000e+04
0.000000000000000000e+00
2.289700000000000000e+04
2.354900000000000000e+04
2.040000000000000000e+04
1.142300000000000000e+04
1.165200000000000000e+04
1.221900000000000000e+04
0.000000000000000000e+00
1.355600000000000000e+04
2.903700000000000000e+04
1.611200000000000000e+04
3.174600000000000000e+04
1.879100000000000000e+04
2.432000000000000000e+04
0.000000000000000000e+00
8.359000000000000000e+03
1.751400000000000000e+04
1.808000000000000000e+04
1.559000000000000000e+04
1.382600000000000000e+04
1.307500000000000000e+04
0.000000000000000000e+00
1.089700000000000000e+04
2.003800000000000000e+04
1.522200000000000000e+04
2.524100000000000000e+04
3.177200000000000000e+04
1.247700000000000000e+04
0.000000000000000000e+00
3.409900000000000000e+04
2.871800000000000000e+04
1.474600000000000000e+04
1.851100000000000000e+04
2.071300000000000000e+04
1.081500000000000000e+04
0.000000000000000000e+00
2.946300000000000000e+04
1.817100000000000000e+04
1.671800000000000000e+04
1.595900000000000000e+04
2.964000000000000000e+03
2.849000000000000000e+03
0.000000000000000000e+00
8.707000000000000000e+03
1.624200000000000000e+04
9.815000000000000000e+03
1.250100000000000000e+04
6.920000000000000000e+03
5.086000000000000000e+03
0.000000000000000000e+00
1.085000000000000000e+04
1.549500000000000000e+04
1.296900000000000000e+04
1.511100000000000000e+04
2.091400000000000000e+04
1.091900000000000000e+04
0.000000000000000000e+00
1.052700000000000000e+04
1.727700000000000000e+04
1.231300000000000000e+04
1.159100000000000000e+04
1.887400000000000000e+04
1.650900000000000000e+04
0.000000000000000000e+00
1.800800000000000000e+04
2.348400000000000000e+04
1.927300000000000000e+04
1.282100000000000000e+04
1.401400000000000000e+04
2.182600000000000000e+04
0.000000000000000000e+00
3.662600000000000000e+04
2.206100000000000000e+04
1.253100000000000000e+04
1.755400000000000000e+04
1.951300000000000000e+04
1.895500000000000000e+04
0.000000000000000000e+00
1.187900000000000000e+04
2.811600000000000000e+04
1.261700000000000000e+04
2.161300000000000000e+04
1.580300000000000000e+04
1.142900000000000000e+04
0.000000000000000000e+00
8.116000000000000000e+03
1.293200000000000000e+04
6.752000000000000000e+03
5.441000000000000000e+03
9.549000000000000000e+03
8.274000000000000000e+03
0.000000000000000000e+00
2.052200000000000000e+04
6.960000000000000000e+03
5.553000000000000000e+03
5.595000000000000000e+03
4.791000000000000000e+03
4.399000000000000000e+03
0.000000000000000000e+00
5.056000000000000000e+03
1.133100000000000000e+04
5.728000000000000000e+03
9.013000000000000000e+03
5.766000000000000000e+03
6.549000000000000000e+03
0.000000000000000000e+00
9.970000000000000000e+03
1.077700000000000000e+04
5.211000000000000000e+03
4.751000000000000000e+03
1.359700000000000000e+04
4.260000000000000000e+03
0.000000000000000000e+00
4.182000000000000000e+03
2.910500000000000000e+04
4.351000000000000000e+03
6.018000000000000000e+03
7.289000000000000000e+03
2.221000000000000000e+03
0.000000000000000000e+00
4.109000000000000000e+03
6.321000000000000000e+03
9.160000000000000000e+02
5.283000000000000000e+03
2.223000000000000000e+03
1.396000000000000000e+03
0.000000000000000000e+00
2.898000000000000000e+03
2.725000000000000000e+03
2.928000000000000000e+03
3.323000000000000000e+03
4.024000000000000000e+03
6.000000000000000000e+01
0.000000000000000000e+00
4.238000000000000000e+03
2.739000000000000000e+03
3.154000000000000000e+03
2.478000000000000000e+03
3.073000000000000000e+03
1.411000000000000000e+03
0.000000000000000000e+00
4.469000000000000000e+03
5.617000000000000000e+03
4.670000000000000000e+02
2.098000000000000000e+03
1.283000000000000000e+03
1.387000000000000000e+03
0.000000000000000000e+00
1.105000000000000000e+03
1.251000000000000000e+03
3.037000000000000000e+03
1.206000000000000000e+03
1.888000000000000000e+03
2.067000000000000000e+03
0.000000000000000000e+00
2.605000000000000000e+03
5.305000000000000000e+03
4.037000000000000000e+03
3.186000000000000000e+03
3.938000000000000000e+03
2.311000000000000000e+03
0.000000000000000000e+00
2.867000000000000000e+03
5.970000000000000000e+03
2.897000000000000000e+03
2.717000000000000000e+03
2.480000000000000000e+03
3.663000000000000000e+03
0.000000000000000000e+00
1.094000000000000000e+03
2.359000000000000000e+03
3.258000000000000000e+03
2.551000000000000000e+03
2.202000000000000000e+03
3.158000000000000000e+03
0.000000000000000000e+00
4.684000000000000000e+03
9.014000000000000000e+03
8.630000000000000000e+03
5.151000000000000000e+03
4.014000000000000000e+03
4.168000000000000000e+03
0.000000000000000000e+00
2.503000000000000000e+03
1.070200000000000000e+04
6.101000000000000000e+03
7.410000000000000000e+03
2.944000000000000000e+03
2.762000000000000000e+03
0.000000000000000000e+00
2.868000000000000000e+03
7.549000000000000000e+03
7.900000000000000000e+02
0.000000000000000000e+00
0.000000000000000000e+00
0.000000000000000000e+00
0.000000000000000000e+00
2.538000000000000000e+03
4.307000000000000000e+03
4.201000000000000000e+03
5.111000000000000000e+03
3.603000000000000000e+03
1.126000000000000000e+03
0.000000000000000000e+00
1.835000000000000000e+03
5.991000000000000000e+03
6.660000000000000000e+03
4.665000000000000000e+03
5.605000000000000000e+03
5.767000000000000000e+03
0.000000000000000000e+00
4.869000000000000000e+03
6.317000000000000000e+03
4.303000000000000000e+03
4.473000000000000000e+03
6.715000000000000000e+03
4.753000000000000000e+03
0.000000000000000000e+00
3.808000000000000000e+03
9.993000000000000000e+03
3.751000000000000000e+03
2.781000000000000000e+03
4.236000000000000000e+03
3.492000000000000000e+03
0.000000000000000000e+00
3.497000000000000000e+03
5.978000000000000000e+03
6.709000000000000000e+03
5.095000000000000000e+03
8.057000000000000000e+03
3.411000000000000000e+03
0.000000000000000000e+00
3.529000000000000000e+03
9.478000000000000000e+03
1.339200000000000000e+04
3.072000000000000000e+03
3.965000000000000000e+03
2.080000000000000000e+03
0.000000000000000000e+00
1.524700000000000000e+04
5.773000000000000000e+03
1.016600000000000000e+04
5.009000000000000000e+03
7.898000000000000000e+03
4.525000000000000000e+03
0.000000000000000000e+00
2.105000000000000000e+03
4.900000000000000000e+03
4.430000000000000000e+03
1.953000000000000000e+03
4.580000000000000000e+03
3.307000000000000000e+03
0.000000000000000000e+00
4.189000000000000000e+03
6.091000000000000000e+03
2.631000000000000000e+03
5.405000000000000000e+03
2.856000000000000000e+03
6.741000000000000000e+03
0.000000000000000000e+00
8.610000000000000000e+03
1.086600000000000000e+04
5.350000000000000000e+03
5.779000000000000000e+03
4.959000000000000000e+03
4.728000000000000000e+03
0.000000000000000000e+00
6.742000000000000000e+03
6.520000000000000000e+03
3.078000000000000000e+03
3.642000000000000000e+03
5.104000000000000000e+03
7.102000000000000000e+03
0.000000000000000000e+00
6.621000000000000000e+03
5.871000000000000000e+03
4.368000000000000000e+03
5.149000000000000000e+03
1.129200000000000000e+04
4.857000000000000000e+03
0.000000000000000000e+00
7.771000000000000000e+03
5.649000000000000000e+03
8.077000000000000000e+03
9.404000000000000000e+03
