0.000000000000000000e+00
2.307700000000000000e+04
1.104820000000000000e+05
7.982700000000000000e+04
7.366700000000000000e+04
6.680200000000000000e+04
5.248700000000000000e+04
0.000000000000000000e+00
8.696300000000000000e+04
5.311700000000000000e+04
5.781900000000000000e+04
4.450900000000000000e+04
6.638800000000000000e+04
3.395000000000000000e+04
0.000000000000000000e+00
6.889300000000000000e+04
4.799100000000000000e+04
4.901700000000000000e+04
5.276800000000000000e+04
4.765200000000000000e+04
6.963900000000000000e+04
3.145000000000000000e+03
1.700570000000000000e+05
1.824520000000000000e+05
0.000000000000000000e+00
0.000000000000000000e+00
0.000000000000000000e+00
0.000000000000000000e+00
0.000000000000000000e+00
0.000000000000000000e+00
0.000000000000000000e+00
4.027500000000000000e+04
2.661900000000000000e+04
4.407400000000000000e+04
4.702800000000000000e+04
0.000000000000000000e+00
5.511500000000000000e+04
4.201600000000000000e+04
3.914600000000000000e+04
6.951700000000000000e+04
5.624800000000000000e+04
2.569400000000000000e+04
0.000000000000000000e+00
4.125100000000000000e+04
1.590900000000000000e+04
2.265800000000000000e+04
2.607000000000000000e+04
3.557200000000000000e+04
2.439000000000000000e+04
0.000000000000000000e+00
4.636700000000000000e+04
2.935300000000000000e+04
4.908200000000000000e+04
3.829200000000000000e+04
5.692000000000000000e+04
3.028000000000000000e+04
0.000000000000000000e+00
6.243000000000000000e+04
4.080800000000000000e+04
4.762200000000000000e+04
4.827800000000000000e+04
5.069800000000000000e+04
4.183100000000000000e+04
0.000000000000000000e+00
9.856900000000000000e+04
5.775700000000000000e+04
5.105300000000000000e+04
6.146600000000000000e+04
1.182390000000000000e+05
5.554700000000000000e+04
0.000000000000000000e+00
9.351300000000000000e+04
6.657000000000000000e+04
6.291400000000000000e+04
5.334300000000000000e+04
6.685400000000000000e+04
3.963600000000000000e+04
0.000000000000000000e+00
1.035290000000000000e+05
5.929300000000000000e+04
5.608800000000000000e+04
5.134800000000000000e+04
9.359900000000000000e+04
7.480700000000000000e+04
0.000000000000000000e+00
1.477580000000000000e+05
9.797600000000000000e+04
9.527200000000000000e+04
1.325770000000000000e+05
1.225880000000000000e+05
9.399600000000000000e+04
0.000000000000000000e+00
2.146160000000000000e+05
1.689790000000000000e+05
1.880390000000000000e+05
2.244220000000000000e+05
1.861640000000000000e+05
1.341840000000000000e+05
0.000000000000000000e+00
3.673650000000000000e+05
2.258370000000000000e+05
2.171930000000000000e+05
2.388750000000000000e+05
2.805820000000000000e+05
1.958170000000000000e+05
0.000000000000000000e+00
4.590750000000000000e+05
2.110350000000000000e+05
3.630070000000000000e+05
3.239390000000000000e+05
4.875660000000000000e+05
4.176430000000000000e+05
0.000000000000000000e+00
9.679480000000000000e+05
5.711650000000000000e+05
6.194660000000000000e+05
7.727250000000000000e+05
9.793750000000000000e+05
1.035470000000000000e+06
0.000000000000000000e+00
1.860227000000000000e+06
1.631310000000000000e+06
1.318479000000000000e+06
1.576483000000000000e+06
1.250963000000000000e+06
1.224276000000000000e+06
0.000000000000000000e+00
2.386556000000000000e+06
1.340143000000000000e+06
1.311742000000000000e+06
1.237655000000000000e+06
1.368095000000000000e+06
1.351289000000000000e+06
0.000000000000000000e+00
2.035460000000000000e+06
1.228921000000000000e+06
1.298502000000000000e+06
1.261250000000000000e+06
1.690118000000000000e+06
1.666631000000000000e+06
0.000000000000000000e+00
2.645509000000000000e+06
1.765926000000000000e+06
1.512346000000000000e+06
1.769420000000000000e+06
2.292140000000000000e+06
2.241779000000000000e+06
0.000000000000000000e+00
3.026837000000000000e+06
2.080564000000000000e+06
1.946330000000000000e+06
2.057505000000000000e+06
2.374083000000000000e+06
2.405462000000000000e+06
0.000000000000000000e+00
3.622927000000000000e+06
2.555125000000000000e+06
2.072826000000000000e+06
1.962070000000000000e+06
2.663827000000000000e+06
2.578260000000000000e+06
0.000000000000000000e+00
3.860373000000000000e+06
2.728632000000000000e+06
2.632319000000000000e+06
2.705525000000000000e+06
3.180247000000000000e+06
3.187708000000000000e+06
0.000000000000000000e+00
4.051646000000000000e+06
3.202808000000000000e+06
3.107362000000000000e+06
3.277403000000000000e+06
3.638302000000000000e+06
3.421400000000000000e+06
0.000000000000000000e+00
4.114764000000000000e+06
2.941335000000000000e+06
2.979792000000000000e+06
2.714087000000000000e+06
3.638720000000000000e+06
2.990108000000000000e+06
0.000000000000000000e+00
3.303155000000000000e+06
2.253953000000000000e+06
2.411838000000000000e+06
2.874501000000000000e+06
3.535801000000000000e+06
3.218780000000000000e+06
0.000000000000000000e+00
4.293049000000000000e+06
3.655017000000000000e+06
3.425879000000000000e+06
3.161762000000000000e+06
3.281573000000000000e+06
2.895755000000000000e+06
0.000000000000000000e+00
3.765078000000000000e+06
2.684704000000000000e+06
2.834810000000000000e+06
2.791977000000000000e+06
3.133587000000000000e+06
3.267998000000000000e+06
0.000000000000000000e+00
3.839930000000000000e+06
2.854035000000000000e+06
2.795673000000000000e+06
2.914078000000000000e+06
3.078425000000000000e+06
2.922629000000000000e+06
0.000000000000000000e+00
3.281315000000000000e+06
1.938703000000000000e+06
1.696248000000000000e+06
1.865370000000000000e+06
2.328152000000000000e+06
9.879180000000000000e+05
0.000000000000000000e+00
2.457944000000000000e+06
1.754741000000000000e+06
1.556699000000000000e+06
1.718337000000000000e+06
1.687703000000000000e+06
1.174521000000000000e+06
0.000000000000000000e+00
1.334414000000000000e+06
6.096090000000000000e+05
6.484210000000000000e+05
6.527700000000000000e+05
6.973210000000000000e+05
5.453350000000000000e+05
0.000000000000000000e+00
7.362150000000000000e+05
5.560020000000000000e+05
6.338000000000000000e+05
5.073990000000000000e+05
4.845310000000000000e+05
5.410700000000000000e+05
0.000000000000000000e+00
8.222540000000000000e+05
4.791620000000000000e+05
3.990050000000000000e+05
5.698960000000000000e+05
5.581970000000000000e+05
3.702620000000000000e+05
0.000000000000000000e+00
5.278540000000000000e+05
3.259730000000000000e+05
2.162800000000000000e+05
2.383480000000000000e+05
3.227640000000000000e+05
2.933970000000000000e+05
0.000000000000000000e+00
3.497150000000000000e+05
1.920930000000000000e+05
2.444390000000000000e+05
2.566180000000000000e+05
3.472440000000000000e+05
2.235480000000000000e+05
0.000000000000000000e+00
2.842610000000000000e+05
1.941300000000000000e+05
1.924740000000000000e+05
2.125600000000000000e+05
2.530050000000000000e+05
2.425500000000000000e+05
2.624000000000000000e+03
3.195690000000000000e+05
2.950270000000000000e+05
3.685710000000000000e+05
4.361100000000000000e+05
6.281480000000000000e+05
7.020610000000000000e+05
1.974410000000000000e+05
7.501630000000000000e+05
1.731260000000000000e+05
0.000000000000000000e+00
0.000000000000000000e+00
0.000000000000000000e+00
7.202300000000000000e+04
0.000000000000000000e+00
2.352860000000000000e+05
1.571290000000000000e+05
1.417410000000000000e+05
1.071280000000000000e+05
1.157980000000000000e+05
1.057130000000000000e+05
0.000000000000000000e+00
1.904990000000000000e+05
1.043060000000000000e+05
1.007910000000000000e+05
1.100990000000000000e+05
8.370300000000000000e+04
5.036100000000000000e+04
0.000000000000000000e+00
1.334070000000000000e+05
7.944200000000000000e+04
8.728000000000000000e+04
9.184800000000000000e+04
1.054380000000000000e+05
9.821200000000000000e+04
0.000000000000000000e+00
1.358160000000000000e+05
1.020020000000000000e+05
8.302500000000000000e+04
1.170670000000000000e+05
9.228500000000000000e+04
6.452900000000000000e+04
0.000000000000000000e+00
1.207030000000000000e+05
8.293000000000000000e+04
7.368300000000000000e+04
9.169300000000000000e+04
9.399400000000000000e+04
6.111600000000000000e+04
0.000000000000000000e+00
1.197420000000000000e+05
8.319900000000000000e+04
6.858600000000000000e+04
7.552500000000000000e+04
1.117340000000000000e+05
7.383000000000000000e+04
0.000000000000000000e+00
1.082880000000000000e+05
9.147400000000000000e+04
8.617900000000000000e+04
7.846400000000000000e+04
8.219700000000000000e+04
6.262600000000000000e+04
0.000000000000000000e+00
1.049850000000000000e+05
7.100000000000000000e+04
8.795500000000000000e+04
7.532100000000000000e+04
9.911600000000000000e+04
7.757200000000000000e+04
0.000000000000000000e+00
1.262050000000000000e+05
9.607800000000000000e+04
8.327400000000000000e+04
1.059170000000000000e+05
9.464200000000000000e+04
6.271100000000000000e+04
0.000000000000000000e+00
1.216320000000000000e+05
1.154480000000000000e+05
1.007360000000000000e+05
1.095580000000000000e+05
8.000300000000000000e+04
6.789600000000000000e+04
0.000000000000000000e+00
1.141240000000000000e+05
8.990500000000000000e+04
8.119100000000000000e+04
9.261600000000000000e+04
7.883600000000000000e+04
6.152300000000000000e+04
0.000000000000000000e+00
8.433100000000000000e+04
7.176500000000000000e+04
7.958300000000000000e+04
8.853600000000000000e+04
9.359000000000000000e+04
7.096800000000000000e+04
0.000000000000000000e+00
0.000000000000000000e+00
3.888000000000000000e+04
1.414160000000000000e+05
9.271500000000000000e+04
7.429800000000000000e+04
5.110000000000000000e+04
0.000000000000000000e+00
7.490800000000000000e+04
2.085600000000000000e+04
3.434000000000000000e+04
3.573300000000000000e+04
3.746100000000000000e+04
2.446100000000000000e+04
0.000000000000000000e+00
5.470500000000000000e+04
3.822000000000000000e+04
3.435800000000000000e+04
2.940400000000000000e+04
4.807500000000000000e+04
3.541800000000000000e+04
0.000000000000000000e+00
6.780500000000000000e+04
4.621800000000000000e+04
4.619900000000000000e+04
3.543000000000000000e+04
4.023900000000000000e+04
2.168400000000000000e+04
0.000000000000000000e+00
6.975900000000000000e+04
5.287100000000000000e+04
4.199500000000000000e+04
4.784600000000000000e+04
4.401900000000000000e+04
4.272100000000000000e+04
0.000000000000000000e+00
6.666600000000000000e+04
3.433900000000000000e+04
2.269800000000000000e+04
3.843400000000000000e+04
4.431200000000000000e+04
5.408600000000000000e+04
1.733000000000000000e+03
1.994790000000000000e+05
1.834900000000000000e+05
1.332680000000000000e+05
2.414900000000000000e+04
0.000000000000000000e+00
0.000000000000000000e+00
0.000000000000000000e+00
4.784200000000000000e+04
4.275400000000000000e+04
3.546000000000000000e+04
5.746100000000000000e+04
5.955100000000000000e+04
3.500100000000000000e+04
0.000000000000000000e+00
9.470800000000000000e+04
4.161700000000000000e+04
6.949300000000000000e+04
7.969400000000000000e+04
5.428700000000000000e+04
3.681500000000000000e+04
0.000000000000000000e+00
8.717400000000000000e+04
3.167100000000000000e+04
5.110600000000000000e+04
5.521700000000000000e+04
4.512300000000000000e+04
3.511000000000000000e+04
0.000000000000000000e+00
8.633000000000000000e+04
4.214700000000000000e+04
6.721900000000000000e+04
5.502600000000000000e+04
5.616800000000000000e+04
4.114600000000000000e+04
0.000000000000000000e+00
1.048350000000000000e+05
4.578400000000000000e+04
5.450600000000000000e+04
5.209900000000000000e+04
7.091400000000000000e+04
5.024400000000000000e+04
0.000000000000000000e+00
1.115590000000000000e+05
8.585800000000000000e+04
7.326400000000000000e+04
9.243800000000000000e+04
9.807800000000000000e+04
6.798800000000000000e+04
0.000000000000000000e+00
1.815430000000000000e+05
1.237010000000000000e+05
1.449350000000000000e+05
7.681100000000000000e+04
8.389200000000000000e+04
8.499000000000000000e+04
0.000000000000000000e+00
1.795210000000000000e+05
1.224490000000000000e+05
1.633650000000000000e+05
1.619910000000000000e+05
1.720320000000000000e+05
1.189930000000000000e+05
0.000000000000000000e+00
2.591450000000000000e+05
1.600790000000000000e+05
1.372020000000000000e+05
1.922300000000000000e+05
3.034980000000000000e+05
2.570410000000000000e+05
0.000000000000000000e+00
3.770050000000000000e+05
2.296790000000000000e+05
2.546730000000000000e+05
3.768590000000000000e+05
5.116620000000000000e+05
5.208360000000000000e+05
0.000000000000000000e+00
9.232790000000000000e+05
7.280890000000000000e+05
6.493560000000000000e+05
7.987980000000000000e+05
1.101872000000000000e+06
1.169049000000000000e+06
0.000000000000000000e+00
1.109773000000000000e+06
9.611750000000000000e+05
8.836840000000000000e+05
9.195890000000000000e+05
1.369563000000000000e+06
9.381650000000000000e+05
0.000000000000000000e+00
1.268580000000000000e+06
1.244733000000000000e+06
1.162031000000000000e+06
8.899830000000000000e+05
1.225709000000000000e+06
1.278703000000000000e+06
0.000000000000000000e+00
2.525754000000000000e+06
1.517010000000000000e+06
1.316403000000000000e+06
1.371288000000000000e+06
1.926458000000000000e+06
1.813378000000000000e+06
0.000000000000000000e+00
2.706819000000000000e+06
1.946620000000000000e+06
1.844795000000000000e+06
2.096829000000000000e+06
2.444036000000000000e+06
2.557745000000000000e+06
0.000000000000000000e+00
3.886273000000000000e+06
3.013410000000000000e+06
2.847805000000000000e+06
3.253245000000000000e+06
3.402010000000000000e+06
3.228066000000000000e+06
0.000000000000000000e+00
3.969565000000000000e+06
3.213054000000000000e+06
2.949055000000000000e+06
2.960427000000000000e+06
3.207477000000000000e+06
3.051678000000000000e+06
0.000000000000000000e+00
4.517321000000000000e+06
3.248879000000000000e+06
3.174210000000000000e+06
3.646159000000000000e+06
3.882697000000000000e+06
3.849156000000000000e+06
0.000000000000000000e+00
4.749873000000000000e+06
3.841535000000000000e+06
2.915999000000000000e+06
2.930302000000000000e+06
3.245710000000000000e+06
3.064701000000000000e+06
0.000000000000000000e+00
3.453481000000000000e+06
2.254094000000000000e+06
2.615916000000000000e+06
2.957936000000000000e+06
3.402670000000000000e+06
3.271368000000000000e+06
0.000000000000000000e+00
4.024274000000000000e+06
2.571096000000000000e+06
2.886503000000000000e+06
3.354363000000000000e+06
3.974331000000000000e+06
3.847900000000000000e+06
0.000000000000000000e+00
5.337675000000000000e+06
3.976992000000000000e+06
3.550413000000000000e+06
3.335590000000000000e+06
3.293280000000000000e+06
3.089759000000000000e+06
0.000000000000000000e+00
4.218494000000000000e+06
3.200496000000000000e+06
3.321921000000000000e+06
3.629515000000000000e+06
3.296263000000000000e+06
2.897880000000000000e+06
0.000000000000000000e+00
3.366620000000000000e+06
2.999256000000000000e+06
2.149515000000000000e+06
2.071337000000000000e+06
2.169069000000000000e+06
7.210260000000000000e+05
0.000000000000000000e+00
2.628032000000000000e+06
1.728833000000000000e+06
1.493966000000000000e+06
1.300813000000000000e+06
1.360262000000000000e+06
1.180531000000000000e+06
0.000000000000000000e+00
1.618287000000000000e+06
1.243645000000000000e+06
1.282978000000000000e+06
1.115975000000000000e+06
8.271830000000000000e+05
0.000000000000000000e+00
0.000000000000000000e+00
7.649990000000000000e+05
4.639130000000000000e+05
5.073540000000000000e+05
2.590300000000000000e+05
2.501570000000000000e+05
1.271550000000000000e+05
0.000000000000000000e+00
3.114610000000000000e+05
1.350000000000000000e+05
1.428460000000000000e+05
1.514430000000000000e+05
5.889850000000000000e+05
1.254920000000000000e+05
0.000000000000000000e+00
3.008930000000000000e+05
1.177210000000000000e+05
1.549220000000000000e+05
1.689640000000000000e+05
1.393420000000000000e+05
1.246160000000000000e+05
0.000000000000000000e+00
2.550890000000000000e+05
1.237050000000000000e+05
1.212550000000000000e+05
1.238780000000000000e+05
9.584500000000000000e+04
8.632500000000000000e+04
1.262000000000000000e+03
1.813360000000000000e+05
1.828500000000000000e+05
2.776650000000000000e+05
4.039590000000000000e+05
3.937900000000000000e+05
3.150840000000000000e+05
4.930900000000000000e+04
0.000000000000000000e+00
0.000000000000000000e+00
0.000000000000000000e+00
8.261500000000000000e+04
9.650600000000000000e+04
1.729220000000000000e+05
0.000000000000000000e+00
1.464040000000000000e+05
7.464100000000000000e+04
8.044500000000000000e+04
1.022040000000000000e+05
7.644600000000000000e+04
3.999000000000000000e+04
0.000000000000000000e+00
1.025400000000000000e+05
8.663100000000000000e+04
9.367700000000000000e+04
7.715100000000000000e+04
8.481300000000000000e+04
7.293700000000000000e+04
0.000000000000000000e+00
1.432980000000000000e+05
1.038130000000000000e+05
8.882200000000000000e+04
6.253600000000000000e+04
9.737200000000000000e+04
6.300500000000000000e+04
0.000000000000000000e+00
1.100290000000000000e+05
8.185700000000000000e+04
8.899600000000000000e+04
9.926000000000000000e+04
1.048910000000000000e+05
6.072900000000000000e+04
0.000000000000000000e+00
1.212960000000000000e+05
8.091600000000000000e+04
8.479900000000000000e+04
7.789300000000000000e+04
7.629400000000000000e+04
8.469200000000000000e+04
0.000000000000000000e+00
1.144210000000000000e+05
1.144530000000000000e+05
9.666100000000000000e+04
6.333700000000000000e+04
6.873400000000000000e+04
6.804400000000000000e+04
0.000000000000000000e+00
1.648980000000000000e+05
8.405100000000000000e+04
1.085690000000000000e+05
1.122880000000000000e+05
1.025180000000000000e+05
8.504500000000000000e+04
0.000000000000000000e+00
1.312000000000000000e+05
5.770600000000000000e+04
7.670500000000000000e+04
7.850900000000000000e+04
6.307800000000000000e+04
4.553800000000000000e+04
0.000000000000000000e+00
6.859100000000000000e+04
3.597100000000000000e+04
5.155700000000000000e+04
5.606000000000000000e+04
6.601500000000000000e+04
6.256600000000000000e+04
0.000000000000000000e+00
7.595200000000000000e+04
3.730800000000000000e+04
4.432400000000000000e+04
5.275400000000000000e+04
4.540800000000000000e+04
3.445300000000000000e+04
0.000000000000000000e+00
7.170600000000000000e+04
4.149600000000000000e+04
3.885100000000000000e+04
4.599800000000000000e+04
5.090500000000000000e+04
3.988800000000000000e+04
0.000000000000000000e+00
5.573200000000000000e+04
3.246900000000000000e+04
4.920000000000000000e+04
4.584100000000000000e+04
4.357800000000000000e+04
3.976900000000000000e+04
0.000000000000000000e+00
6.672400000000000000e+04
3.368000000000000000e+04
3.582000000000000000e+04
4.806900000000000000e+04
4.635300000000000000e+04
3.165300000000000000e+04
0.000000000000000000e+00
3.572200000000000000e+04
0.000000000000000000e+00
3.041000000000000000e+03
5.692800000000000000e+04
3.327500000000000000e+04
3.023100000000000000e+04
0.000000000000000000e+00
3.909100000000000000e+04
3.288900000000000000e+04
3.344800000000000000e+04
3.185700000000000000e+04
2.812200000000000000e+04
1.933000000000000000e+04
0.000000000000000000e+00
3.646500000000000000e+04
2.525600000000000000e+04
3.138000000000000000e+04
3.526100000000000000e+04
3.837000000000000000e+04
2.272200000000000000e+04
0.000000000000000000e+00
6.413900000000000000e+04
4.285800000000000000e+04
3.233300000000000000e+04
3.407400000000000000e+04
3.004300000000000000e+04
2.564400000000000000e+04
0.000000000000000000e+00
5.728300000000000000e+04
5.099500000000000000e+04
9.255200000000000000e+04
1.304150000000000000e+05
1.733930000000000000e+05
1.476260000000000000e+05
2.910600000000000000e+04
3.842200000000000000e+04
0.000000000000000000e+00
0.000000000000000000e+00
1.076000000000000000e+03
3.997200000000000000e+04
4.434000000000000000e+04
0.000000000000000000e+00
8.641400000000000000e+04
5.694500000000000000e+04
5.906700000000000000e+04
6.341600000000000000e+04
6.028700000000000000e+04
5.071700000000000000e+04
0.000000000000000000e+00
9.436000000000000000e+04
5.204500000000000000e+04
4.136900000000000000e+04
4.908400000000000000e+04
6.309700000000000000e+04
3.455400000000000000e+04
0.000000000000000000e+00
9.669800000000000000e+04
5.369900000000000000e+04
4.734800000000000000e+04
5.889200000000000000e+04
7.542600000000000000e+04
5.250900000000000000e+04
0.000000000000000000e+00
1.094660000000000000e+05
6.907400000000000000e+04
5.241300000000000000e+04
6.646500000000000000e+04
8.164400000000000000e+04
4.787900000000000000e+04
0.000000000000000000e+00
8.273700000000000000e+04
6.816400000000000000e+04
7.453500000000000000e+04
6.851200000000000000e+04
6.310300000000000000e+04
4.058400000000000000e+04
0.000000000000000000e+00
9.104100000000000000e+04
1.117870000000000000e+05
5.824500000000000000e+04
5.631300000000000000e+04
7.155800000000000000e+04
6.384100000000000000e+04
0.000000000000000000e+00
1.122980000000000000e+05
9.715600000000000000e+04
8.693500000000000000e+04
1.170720000000000000e+05
1.002450000000000000e+05
8.354900000000000000e+04
0.000000000000000000e+00
1.899330000000000000e+05
1.000380000000000000e+05
1.009200000000000000e+05
1.143190000000000000e+05
1.403530000000000000e+05
1.122680000000000000e+05
0.000000000000000000e+00
2.049680000000000000e+05
1.592720000000000000e+05
1.556360000000000000e+05
1.709720000000000000e+05
2.100350000000000000e+05
1.464710000000000000e+05
0.000000000000000000e+00
2.610160000000000000e+05
1.786710000000000000e+05
2.198710000000000000e+05
2.011170000000000000e+05
3.032070000000000000e+05
2.671810000000000000e+05
0.000000000000000000e+00
6.219750000000000000e+05
4.469310000000000000e+05
2.959580000000000000e+05
4.275220000000000000e+05
4.584430000000000000e+05
3.741070000000000000e+05
0.000000000000000000e+00
8.111190000000000000e+05
5.821910000000000000e+05
7.446520000000000000e+05
1.158861000000000000e+06
1.448140000000000000e+06
1.323014000000000000e+06
0.000000000000000000e+00
1.939543000000000000e+06
1.710551000000000000e+06
1.522402000000000000e+06
1.357719000000000000e+06
1.754110000000000000e+06
1.389263000000000000e+06
0.000000000000000000e+00
1.834295000000000000e+06
1.191981000000000000e+06
1.158808000000000000e+06
1.327382000000000000e+06
1.602441000000000000e+06
1.493967000000000000e+06
0.000000000000000000e+00
1.918734000000000000e+06
1.367417000000000000e+06
1.455602000000000000e+06
1.762223000000000000e+06
1.987691000000000000e+06
1.982920000000000000e+06
0.000000000000000000e+00
2.814512000000000000e+06
1.983833000000000000e+06
2.075559000000000000e+06
2.152441000000000000e+06
2.596322000000000000e+06
2.320781000000000000e+06
0.000000000000000000e+00
3.500129000000000000e+06
2.818766000000000000e+06
2.811168000000000000e+06
2.841311000000000000e+06
2.365879000000000000e+06
2.313079000000000000e+06
0.000000000000000000e+00
3.645307000000000000e+06
3.092470000000000000e+06
2.785374000000000000e+06
2.841778000000000000e+06
2.947195000000000000e+06
2.897868000000000000e+06
0.000000000000000000e+00
3.908642000000000000e+06
2.792099000000000000e+06
2.557208000000000000e+06
2.792777000000000000e+06
3.265328000000000000e+06
2.840837000000000000e+06
0.000000000000000000e+00
4.082757000000000000e+06
3.238721000000000000e+06
3.018260000000000000e+06
2.585328000000000000e+06
2.865737000000000000e+06
2.033888000000000000e+06
0.000000000000000000e+00
3.315164000000000000e+06
2.489816000000000000e+06
2.428167000000000000e+06
2.517292000000000000e+06
2.907677000000000000e+06
2.650009000000000000e+06
0.000000000000000000e+00
4.248812000000000000e+06
3.602046000000000000e+06
3.262465000000000000e+06
2.899271000000000000e+06
2.632141000000000000e+06
2.307010000000000000e+06
0.000000000000000000e+00
3.143035000000000000e+06
2.452019000000000000e+06
2.483817000000000000e+06
1.975613000000000000e+06
2.783491000000000000e+06
2.523669000000000000e+06
0.000000000000000000e+00
3.431468000000000000e+06
3.076813000000000000e+06
2.865046000000000000e+06
2.577954000000000000e+06
2.446725000000000000e+06
1.673397000000000000e+06
0.000000000000000000e+00
2.928909000000000000e+06
2.530312000000000000e+06
2.722745000000000000e+06
3.274760000000000000e+06
3.030135000000000000e+06
9.307770000000000000e+05
0.000000000000000000e+00
3.948086000000000000e+06
3.289073000000000000e+06
2.513476000000000000e+06
2.385025000000000000e+06
2.900068000000000000e+06
2.521374000000000000e+06
0.000000000000000000e+00
2.755107000000000000e+06
1.821078000000000000e+06
1.892972000000000000e+06
1.362718000000000000e+06
1.562298000000000000e+06
1.224630000000000000e+06
0.000000000000000000e+00
1.688157000000000000e+06
1.116844000000000000e+06
8.058320000000000000e+05
6.969300000000000000e+05
6.700510000000000000e+05
6.430100000000000000e+05
0.000000000000000000e+00
8.396170000000000000e+05
5.389010000000000000e+05
3.346630000000000000e+05
4.342680000000000000e+05
3.847800000000000000e+05
4.700450000000000000e+05
4.909000000000000000e+03
5.716140000000000000e+05
3.159670000000000000e+05
2.328910000000000000e+05
2.605250000000000000e+05
2.579700000000000000e+05
3.189690000000000000e+05
3.635000000000000000e+04
7.024700000000000000e+05
5.909800000000000000e+05
5.691430000000000000e+05
8.454300000000000000e+04
0.000000000000000000e+00
0.000000000000000000e+00
0.000000000000000000e+00
1.626310000000000000e+05
2.395010000000000000e+05
2.186290000000000000e+05
1.984440000000000000e+05
1.808570000000000000e+05
1.191730000000000000e+05
0.000000000000000000e+00
1.002000000000000000e+05
9.734900000000000000e+04
1.096190000000000000e+05
1.196130000000000000e+05
1.452930000000000000e+05
7.636700000000000000e+04
0.000000000000000000e+00
9.583700000000000000e+04
6.878700000000000000e+04
5.528800000000000000e+04
2.973200000000000000e+04
6.740700000000000000e+04
6.846800000000000000e+04
0.000000000000000000e+00
1.297670000000000000e+05
6.298000000000000000e+04
1.134400000000000000e+05
8.997800000000000000e+04
9.629200000000000000e+04
6.468200000000000000e+04
0.000000000000000000e+00
1.175130000000000000e+05
7.382700000000000000e+04
7.202000000000000000e+04
7.321600000000000000e+04
8.217900000000000000e+04
6.341300000000000000e+04
0.000000000000000000e+00
1.054790000000000000e+05
6.375800000000000000e+04
5.582700000000000000e+04
5.976300000000000000e+04
8.495800000000000000e+04
4.796600000000000000e+04
0.000000000000000000e+00
1.078890000000000000e+05
7.019000000000000000e+04
7.011800000000000000e+04
5.522500000000000000e+04
7.309200000000000000e+04
5.568000000000000000e+04
0.000000000000000000e+00
7.829300000000000000e+04
6.363600000000000000e+04
4.965900000000000000e+04
4.401200000000000000e+04
5.408400000000000000e+04
3.998100000000000000e+04
0.000000000000000000e+00
7.856500000000000000e+04
3.781200000000000000e+04
3.762500000000000000e+04
4.092800000000000000e+04
5.594800000000000000e+04
3.652700000000000000e+04
0.000000000000000000e+00
5.036000000000000000e+04
4.404800000000000000e+04
4.059200000000000000e+04
5.093500000000000000e+04
4.313300000000000000e+04
4.182200000000000000e+04
0.000000000000000000e+00
7.048200000000000000e+04
4.064600000000000000e+04
3.326800000000000000e+04
4.630200000000000000e+04
4.093700000000000000e+04
3.270400000000000000e+04
0.000000000000000000e+00
7.040900000000000000e+04
3.856700000000000000e+04
3.825500000000000000e+04
4.041900000000000000e+04
4.944200000000000000e+04
4.247200000000000000e+04
0.000000000000000000e+00
5.844700000000000000e+04
4.381900000000000000e+04
3.658400000000000000e+04
3.653000000000000000e+04
4.005700000000000000e+04
2.657300000000000000e+04
0.000000000000000000e+00
6.944400000000000000e+04
4.223500000000000000e+04
3.766200000000000000e+04
5.040500000000000000e+04
6.386600000000000000e+04
4.539500000000000000e+04
0.000000000000000000e+00
9.508100000000000000e+04
5.481300000000000000e+04
5.336700000000000000e+04
4.569400000000000000e+04
5.107800000000000000e+04
4.273300000000000000e+04
0.000000000000000000e+00
9.934500000000000000e+04
3.341600000000000000e+04
0.000000000000000000e+00
1.061000000000000000e+04
7.964600000000000000e+04
4.824500000000000000e+04
0.000000000000000000e+00
8.805000000000000000e+04
3.339600000000000000e+04
2.855600000000000000e+04
4.020900000000000000e+04
4.894300000000000000e+04
3.011700000000000000e+04
0.000000000000000000e+00
5.981800000000000000e+04
3.139900000000000000e+04
3.322000000000000000e+04
2.863800000000000000e+04
4.420200000000000000e+04
4.896700000000000000e+04
7.569000000000000000e+03
1.736810000000000000e+05
1.625180000000000000e+05
1.647390000000000000e+05
1.202950000000000000e+05
2.665300000000000000e+04
0.000000000000000000e+00
0.000000000000000000e+00
0.000000000000000000e+00
4.153500000000000000e+04
4.594600000000000000e+04
3.686000000000000000e+04
5.349200000000000000e+04
3.090800000000000000e+04
0.000000000000000000e+00
6.971500000000000000e+04
4.292600000000000000e+04
5.053800000000000000e+04
5.841000000000000000e+04
5.082200000000000000e+04
3.777800000000000000e+04
0.000000000000000000e+00
6.270700000000000000e+04
4.104500000000000000e+04
3.273500000000000000e+04
3.376000000000000000e+04
4.430800000000000000e+04
1.776700000000000000e+04
0.000000000000000000e+00
4.514500000000000000e+04
2.523500000000000000e+04
2.634500000000000000e+04
4.367200000000000000e+04
4.330900000000000000e+04
3.319100000000000000e+04
0.000000000000000000e+00
7.274700000000000000e+04
3.421800000000000000e+04
3.469800000000000000e+04
3.316300000000000000e+04
4.657500000000000000e+04
2.193800000000000000e+04
0.000000000000000000e+00
6.993900000000000000e+04
3.801000000000000000e+04
4.538100000000000000e+04
4.174500000000000000e+04
4.345100000000000000e+04
2.942200000000000000e+04
0.000000000000000000e+00
7.704700000000000000e+04
3.330100000000000000e+04
3.329000000000000000e+04
3.520100000000000000e+04
4.502900000000000000e+04
3.460100000000000000e+04
0.000000000000000000e+00
5.967600000000000000e+04
4.081100000000000000e+04
5.443200000000000000e+04
5.933600000000000000e+04
8.023100000000000000e+04
3.322900000000000000e+04
0.000000000000000000e+00
9.835800000000000000e+04
6.206200000000000000e+04
8.174200000000000000e+04
6.223000000000000000e+04
8.429600000000000000e+04
3.893800000000000000e+04
0.000000000000000000e+00
1.246170000000000000e+05
6.575900000000000000e+04
1.122040000000000000e+05
9.808700000000000000e+04
1.328400000000000000e+05
1.019290000000000000e+05
0.000000000000000000e+00
2.188800000000000000e+05
1.310590000000000000e+05
1.449040000000000000e+05
1.440990000000000000e+05
1.773930000000000000e+05
1.293920000000000000e+05
0.000000000000000000e+00
2.633720000000000000e+05
1.799750000000000000e+05
2.434370000000000000e+05
2.540270000000000000e+05
1.777710000000000000e+05
2.072580000000000000e+05
0.000000000000000000e+00
5.285270000000000000e+05
3.484960000000000000e+05
3.890410000000000000e+05
3.970700000000000000e+05
4.446750000000000000e+05
4.090640000000000000e+05
0.000000000000000000e+00
1.023849000000000000e+06
8.828690000000000000e+05
1.054962000000000000e+06
1.083242000000000000e+06
1.087022000000000000e+06
9.152200000000000000e+05
0.000000000000000000e+00
2.069047000000000000e+06
1.445100000000000000e+06
1.586946000000000000e+06
1.456423000000000000e+06
1.101020000000000000e+06
1.155578000000000000e+06
0.000000000000000000e+00
1.381092000000000000e+06
1.377059000000000000e+06
1.632624000000000000e+06
1.612181000000000000e+06
1.488152000000000000e+06
1.079360000000000000e+06
0.000000000000000000e+00
1.311511000000000000e+06
1.505802000000000000e+06
9.898380000000000000e+05
1.073701000000000000e+06
2.055906000000000000e+06
1.717346000000000000e+06
0.000000000000000000e+00
3.031693000000000000e+06
2.225306000000000000e+06
2.253765000000000000e+06
2.216685000000000000e+06
2.567668000000000000e+06
2.215670000000000000e+06
0.000000000000000000e+00
3.583705000000000000e+06
2.466169000000000000e+06
2.478945000000000000e+06
2.592297000000000000e+06
3.019513000000000000e+06
2.854830000000000000e+06
0.000000000000000000e+00
4.419658000000000000e+06
3.367151000000000000e+06
1.880084000000000000e+06
3.292960000000000000e+06
3.309261000000000000e+06
2.647524000000000000e+06
0.000000000000000000e+00
2.430529000000000000e+06
3.130572000000000000e+06
2.941479000000000000e+06
3.044410000000000000e+06
2.806332000000000000e+06
1.550050000000000000e+06
0.000000000000000000e+00
2.329923000000000000e+06
2.971151000000000000e+06
2.533007000000000000e+06
2.000551000000000000e+06
1.986723000000000000e+06
2.272555000000000000e+06
0.000000000000000000e+00
3.175277000000000000e+06
1.345936000000000000e+06
1.960660000000000000e+06
1.223624000000000000e+06
2.241603000000000000e+06
1.415234000000000000e+06
0.000000000000000000e+00
2.937673000000000000e+06
2.105386000000000000e+06
2.037341000000000000e+06
1.392514000000000000e+06
2.245138000000000000e+06
1.410883000000000000e+06
0.000000000000000000e+00
2.220745000000000000e+06
2.632144000000000000e+06
3.106740000000000000e+06
3.227157000000000000e+06
3.166372000000000000e+06
1.724703000000000000e+06
0.000000000000000000e+00
3.108849000000000000e+06
2.311574000000000000e+06
1.447732000000000000e+06
1.580816000000000000e+06
1.809278000000000000e+06
1.474071000000000000e+06
0.000000000000000000e+00
2.205501000000000000e+06
1.256058000000000000e+06
1.247183000000000000e+06
1.668201000000000000e+06
2.086538000000000000e+06
5.483820000000000000e+05
0.000000000000000000e+00
2.933290000000000000e+06
2.240018000000000000e+06
2.012769000000000000e+06
1.751820000000000000e+06
1.494443000000000000e+06
1.205769000000000000e+06
0.000000000000000000e+00
1.462199000000000000e+06
1.565758000000000000e+06
8.608520000000000000e+05
1.583631000000000000e+06
1.968504000000000000e+06
1.524281000000000000e+06
0.000000000000000000e+00
1.772847000000000000e+06
1.490970000000000000e+06
1.185455000000000000e+06
1.039299000000000000e+06
9.763250000000000000e+05
6.642920000000000000e+05
0.000000000000000000e+00
7.684080000000000000e+05
5.517020000000000000e+05
3.499770000000000000e+05
2.284760000000000000e+05
2.980970000000000000e+05
3.385550000000000000e+05
0.000000000000000000e+00
4.710140000000000000e+05
3.090340000000000000e+05
1.874620000000000000e+05
1.061650000000000000e+05
1.702530000000000000e+05
2.022630000000000000e+05
0.000000000000000000e+00
7.395900000000000000e+04
7.019700000000000000e+04
1.144800000000000000e+05
2.441280000000000000e+05
1.482140000000000000e+05
9.894500000000000000e+04
0.000000000000000000e+00
1.523820000000000000e+05
1.284130000000000000e+05
1.343220000000000000e+05
1.147850000000000000e+05
1.084590000000000000e+05
1.413830000000000000e+05
1.793000000000000000e+03
2.229110000000000000e+05
1.991980000000000000e+05
1.957870000000000000e+05
2.479210000000000000e+05
3.108230000000000000e+05
4.097140000000000000e+05
2.892500000000000000e+04
5.958780000000000000e+05
4.328720000000000000e+05
9.951800000000000000e+04
0.000000000000000000e+00
0.000000000000000000e+00
0.000000000000000000e+00
0.000000000000000000e+00
2.277710000000000000e+05
1.456230000000000000e+05
1.614070000000000000e+05
1.247480000000000000e+05
1.348960000000000000e+05
1.154020000000000000e+05
0.000000000000000000e+00
1.775410000000000000e+05
7.783600000000000000e+04
1.365010000000000000e+05
1.207270000000000000e+05
8.982300000000000000e+04
9.759600000000000000e+04
0.000000000000000000e+00
1.982320000000000000e+05
1.524610000000000000e+05
1.213810000000000000e+05
1.111260000000000000e+05
1.256060000000000000e+05
1.026520000000000000e+05
0.000000000000000000e+00
1.710900000000000000e+05
1.230260000000000000e+05
1.168480000000000000e+05
1.200410000000000000e+05
1.150490000000000000e+05
9.514600000000000000e+04
0.000000000000000000e+00
1.755640000000000000e+05
1.198670000000000000e+05
1.219340000000000000e+05
1.228260000000000000e+05
9.931800000000000000e+04
7.735400000000000000e+04
0.000000000000000000e+00
1.443760000000000000e+05
1.036740000000000000e+05
9.552700000000000000e+04
1.081510000000000000e+05
1.132710000000000000e+05
7.890400000000000000e+04
0.000000000000000000e+00
1.102130000000000000e+05
1.028050000000000000e+05
9.199300000000000000e+04
7.608100000000000000e+04
5.809500000000000000e+04
9.225500000000000000e+04
0.000000000000000000e+00
1.335290000000000000e+05
7.622300000000000000e+04
9.938600000000000000e+04
6.748300000000000000e+04
1.077130000000000000e+05
5.798300000000000000e+04
0.000000000000000000e+00
1.074710000000000000e+05
6.703500000000000000e+04
6.998900000000000000e+04
6.133000000000000000e+04
7.445100000000000000e+04
6.079200000000000000e+04
0.000000000000000000e+00
8.748200000000000000e+04
6.530900000000000000e+04
5.574300000000000000e+04
6.301300000000000000e+04
7.289400000000000000e+04
5.822600000000000000e+04
0.000000000000000000e+00
9.057400000000000000e+04
5.515200000000000000e+04
4.040400000000000000e+04
6.912300000000000000e+04
5.629300000000000000e+04
4.213900000000000000e+04
0.000000000000000000e+00
1.035390000000000000e+05
5.982000000000000000e+04
7.808200000000000000e+04
7.598100000000000000e+04
7.389500000000000000e+04
4.855400000000000000e+04
0.000000000000000000e+00
9.224000000000000000e+04
8.380100000000000000e+04
6.370700000000000000e+04
4.056400000000000000e+04
