0.000000000000000000e+00
0.000000000000000000e+00
5.800000000000000000e+02
1.240000000000000000e+03
2.650000000000000000e+03
2.220000000000000000e+03
2.360000000000000000e+03
0.000000000000000000e+00
4.655000000000000000e+03
2.978000000000000000e+03
4.310000000000000000e+03
2.180000000000000000e+03
4.425000000000000000e+03
4.939000000000000000e+03
0.000000000000000000e+00
2.944000000000000000e+03
7.746000000000000000e+03
8.621000000000000000e+03
6.707000000000000000e+03
1.017200000000000000e+04
1.644900000000000000e+04
0.000000000000000000e+00
2.510400000000000000e+04
3.192200000000000000e+04
0.000000000000000000e+00
0.000000000000000000e+00
0.000000000000000000e+00
0.000000000000000000e+00
0.000000000000000000e+00
0.000000000000000000e+00
0.000000000000000000e+00
1.540000000000000000e+03
5.826000000000000000e+03
5.568000000000000000e+03
8.002000000000000000e+03
0.000000000000000000e+00
1.365800000000000000e+04
8.110000000000000000e+03
1.323000000000000000e+04
1.261000000000000000e+04
1.649900000000000000e+04
1.383000000000000000e+04
0.000000000000000000e+00
2.645600000000000000e+04
4.280600000000000000e+04
4.104400000000000000e+04
4.602800000000000000e+04
5.893600000000000000e+04
7.490900000000000000e+04
0.000000000000000000e+00
9.817600000000000000e+04
8.901100000000000000e+04
7.052600000000000000e+04
4.766300000000000000e+04
8.385000000000000000e+04
1.084380000000000000e+05
0.000000000000000000e+00
1.414080000000000000e+05
9.995100000000000000e+04
1.133260000000000000e+05
1.232990000000000000e+05
1.754710000000000000e+05
1.999090000000000000e+05
0.000000000000000000e+00
2.718310000000000000e+05
1.625140000000000000e+05
1.550550000000000000e+05
1.528520000000000000e+05
2.018550000000000000e+05
2.122090000000000000e+05
0.000000000000000000e+00
2.576350000000000000e+05
1.972260000000000000e+05
2.378060000000000000e+05
2.710540000000000000e+05
2.550930000000000000e+05
2.986560000000000000e+05
0.000000000000000000e+00
4.100700000000000000e+05
3.213150000000000000e+05
3.255770000000000000e+05
2.741420000000000000e+05
3.557730000000000000e+05
3.662660000000000000e+05
0.000000000000000000e+00
4.814930000000000000e+05
3.769180000000000000e+05
3.647830000000000000e+05
3.547400000000000000e+05
4.111730000000000000e+05
4.757580000000000000e+05
0.000000000000000000e+00
7.183870000000000000e+05
5.198840000000000000e+05
4.968030000000000000e+05
4.323500000000000000e+05
4.992000000000000000e+05
6.262570000000000000e+05
0.000000000000000000e+00
7.496310000000000000e+05
6.329160000000000000e+05
6.013400000000000000e+05
6.375240000000000000e+05
5.872980000000000000e+05
5.725380000000000000e+05
0.000000000000000000e+00
7.043050000000000000e+05
5.771650000000000000e+05
7.741810000000000000e+05
6.074720000000000000e+05
6.198080000000000000e+05
6.151580000000000000e+05
0.000000000000000000e+00
7.566590000000000000e+05
5.381740000000000000e+05
6.443500000000000000e+05
7.048410000000000000e+05
7.449730000000000000e+05
7.614390000000000000e+05
0.000000000000000000e+00
9.214730000000000000e+05
9.473670000000000000e+05
7.136800000000000000e+05
7.038740000000000000e+05
6.573280000000000000e+05
8.536730000000000000e+05
0.000000000000000000e+00
1.096617000000000000e+06
6.008040000000000000e+05
7.004670000000000000e+05
7.493280000000000000e+05
7.099170000000000000e+05
7.759960000000000000e+05
0.000000000000000000e+00
9.288780000000000000e+05
7.676880000000000000e+05
8.645610000000000000e+05
8.631290000000000000e+05
8.507940000000000000e+05
9.360700000000000000e+05
0.000000000000000000e+00
1.315525000000000000e+06
1.123392000000000000e+06
1.201307000000000000e+06
1.182079000000000000e+06
1.189997000000000000e+06
1.172257000000000000e+06
0.000000000000000000e+00
1.411773000000000000e+06
1.199858000000000000e+06
1.237233000000000000e+06
1.359925000000000000e+06
1.367415000000000000e+06
1.423706000000000000e+06
0.000000000000000000e+00
1.662924000000000000e+06
1.344189000000000000e+06
1.277339000000000000e+06
1.124301000000000000e+06
1.082283000000000000e+06
1.024636000000000000e+06
0.000000000000000000e+00
1.106168000000000000e+06
9.102860000000000000e+05
9.553920000000000000e+05
9.093660000000000000e+05
8.774820000000000000e+05
9.417550000000000000e+05
0.000000000000000000e+00
1.142210000000000000e+06
9.101580000000000000e+05
1.011622000000000000e+06
1.140567000000000000e+06
1.013064000000000000e+06
1.051721000000000000e+06
0.000000000000000000e+00
1.262307000000000000e+06
1.075785000000000000e+06
1.128074000000000000e+06
1.115960000000000000e+06
1.139594000000000000e+06
1.167530000000000000e+06
0.000000000000000000e+00
1.276982000000000000e+06
1.055272000000000000e+06
9.894580000000000000e+05
9.456520000000000000e+05
9.747260000000000000e+05
1.004824000000000000e+06
0.000000000000000000e+00
9.065410000000000000e+05
8.336050000000000000e+05
8.299380000000000000e+05
6.166460000000000000e+05
6.194970000000000000e+05
6.055900000000000000e+05
0.000000000000000000e+00
7.639200000000000000e+05
6.192850000000000000e+05
5.218380000000000000e+05
4.549960000000000000e+05
4.565900000000000000e+05
3.988790000000000000e+05
0.000000000000000000e+00
3.799700000000000000e+05
2.995600000000000000e+05
3.341950000000000000e+05
2.777510000000000000e+05
2.633400000000000000e+05
1.836200000000000000e+05
0.000000000000000000e+00
2.437090000000000000e+05
1.590000000000000000e+05
1.571550000000000000e+05
1.432640000000000000e+05
1.970640000000000000e+05
6.125000000000000000e+04
0.000000000000000000e+00
2.105310000000000000e+05
1.725720000000000000e+05
2.267010000000000000e+05
2.690690000000000000e+05
2.770780000000000000e+05
1.925960000000000000e+05
0.000000000000000000e+00
1.856320000000000000e+05
1.244630000000000000e+05
1.517540000000000000e+05
1.952850000000000000e+05
2.053440000000000000e+05
2.130900000000000000e+05
0.000000000000000000e+00
2.330550000000000000e+05
2.549220000000000000e+05
2.408570000000000000e+05
2.288090000000000000e+05
2.143940000000000000e+05
2.261540000000000000e+05
0.000000000000000000e+00
2.174770000000000000e+05
1.572480000000000000e+05
1.602200000000000000e+05
1.766410000000000000e+05
1.563910000000000000e+05
1.510090000000000000e+05
0.000000000000000000e+00
1.552720000000000000e+05
9.458200000000000000e+04
8.306400000000000000e+04
8.932200000000000000e+04
9.260500000000000000e+04
1.072800000000000000e+05
0.000000000000000000e+00
7.921200000000000000e+04
5.972000000000000000e+04
6.998500000000000000e+04
7.619800000000000000e+04
6.221700000000000000e+04
9.221500000000000000e+04
0.000000000000000000e+00
7.882500000000000000e+04
6.807000000000000000e+04
6.190500000000000000e+04
7.815400000000000000e+04
8.676600000000000000e+04
1.203330000000000000e+05
0.000000000000000000e+00
7.617200000000000000e+04
6.500300000000000000e+04
9.023700000000000000e+04
1.334440000000000000e+05
1.973600000000000000e+05
2.098530000000000000e+05
1.531000000000000000e+04
1.025550000000000000e+05
1.471000000000000000e+04
0.000000000000000000e+00
0.000000000000000000e+00
0.000000000000000000e+00
7.100000000000000000e+03
0.000000000000000000e+00
8.014800000000000000e+04
5.752900000000000000e+04
5.362500000000000000e+04
3.696000000000000000e+04
2.992000000000000000e+04
2.217800000000000000e+04
0.000000000000000000e+00
2.267400000000000000e+04
2.228000000000000000e+04
2.132000000000000000e+03
1.004000000000000000e+04
9.237000000000000000e+03
7.215000000000000000e+03
0.000000000000000000e+00
4.667000000000000000e+03
6.987000000000000000e+03
1.590000000000000000e+03
1.737000000000000000e+03
4.640000000000000000e+03
1.900000000000000000e+03
0.000000000000000000e+00
2.700000000000000000e+02
1.855000000000000000e+03
1.470000000000000000e+03
1.000000000000000000e+03
0.000000000000000000e+00
0.000000000000000000e+00
0.000000000000000000e+00
6.000000000000000000e+01
0.000000000000000000e+00
0.000000000000000000e+00
0.000000000000000000e+00
0.000000000000000000e+00
0.000000000000000000e+00
0.000000000000000000e+00
0.000000000000000000e+00
0.000000000000000000e+00
0.000000000000000000e+00
0.000000000000000000e+00
0.000000000000000000e+00
0.000000000000000000e+00
0.000000000000000000e+00
0.000000000000000000e+00
0.000000000000000000e+00
0.000000000000000000e+00
0.000000000000000000e+00
0.000000000000000000e+00
0.000000000000000000e+00
0.000000000000000000e+00
5.900000000000000000e+02
0.000000000000000000e+00
0.000000000000000000e+00
0.000000000000000000e+00
0.000000000000000000e+00
0.000000000000000000e+00
0.000000000000000000e+00
3.000000000000000000e+02
0.000000000000000000e+00
1.800000000000000000e+01
1.000000000000000000e+01
1.040000000000000000e+03
0.000000000000000000e+00
0.000000000000000000e+00
1.260000000000000000e+03
5.700000000000000000e+02
0.000000000000000000e+00
0.000000000000000000e+00
5.900000000000000000e+02
0.000000000000000000e+00
0.000000000000000000e+00
0.000000000000000000e+00
0.000000000000000000e+00
2.000000000000000000e+01
0.000000000000000000e+00
5.900000000000000000e+02
3.300000000000000000e+02
0.000000000000000000e+00
3.000000000000000000e+02
0.000000000000000000e+00
3.750000000000000000e+02
0.000000000000000000e+00
1.047000000000000000e+03
4.650000000000000000e+02
0.000000000000000000e+00
0.000000000000000000e+00
0.000000000000000000e+00
7.700000000000000000e+02
1.510000000000000000e+03
2.600000000000000000e+02
1.720000000000000000e+03
0.000000000000000000e+00
8.000000000000000000e+02
1.445000000000000000e+03
1.375000000000000000e+03
1.050000000000000000e+03
1.625000000000000000e+03
1.100000000000000000e+03
0.000000000000000000e+00
1.580000000000000000e+03
8.650000000000000000e+02
7.100000000000000000e+02
3.300000000000000000e+02
6.100000000000000000e+02
4.200000000000000000e+02
0.000000000000000000e+00
2.100000000000000000e+03
1.710000000000000000e+03
1.490000000000000000e+03
1.380000000000000000e+03
1.905000000000000000e+03
2.150000000000000000e+03
0.000000000000000000e+00
4.600000000000000000e+03
3.325000000000000000e+03
6.965000000000000000e+03
8.168000000000000000e+03
9.978000000000000000e+03
1.201600000000000000e+04
0.000000000000000000e+00
1.302300000000000000e+04
1.549100000000000000e+04
1.453900000000000000e+04
1.702900000000000000e+04
2.980900000000000000e+04
4.460400000000000000e+04
1.795000000000000000e+03
1.125180000000000000e+05
1.171150000000000000e+05
1.008120000000000000e+05
2.218000000000000000e+04
0.000000000000000000e+00
0.000000000000000000e+00
0.000000000000000000e+00
7.147700000000000000e+04
1.022710000000000000e+05
7.755800000000000000e+04
7.116200000000000000e+04
8.265600000000000000e+04
1.000290000000000000e+05
0.000000000000000000e+00
1.558540000000000000e+05
1.225180000000000000e+05
1.106610000000000000e+05
1.017180000000000000e+05
1.353700000000000000e+05
1.265130000000000000e+05
0.000000000000000000e+00
1.777530000000000000e+05
1.479100000000000000e+05
1.604320000000000000e+05
1.481860000000000000e+05
9.584200000000000000e+04
1.394470000000000000e+05
0.000000000000000000e+00
1.614050000000000000e+05
1.225840000000000000e+05
1.465990000000000000e+05
1.355400000000000000e+05
1.164380000000000000e+05
2.165740000000000000e+05
0.000000000000000000e+00
2.085850000000000000e+05
1.547480000000000000e+05
9.054200000000000000e+04
7.870200000000000000e+04
9.614900000000000000e+04
2.026680000000000000e+05
0.000000000000000000e+00
1.899940000000000000e+05
1.592470000000000000e+05
2.100060000000000000e+05
2.127800000000000000e+05
2.429900000000000000e+05
2.539560000000000000e+05
0.000000000000000000e+00
2.861050000000000000e+05
2.127050000000000000e+05
2.095430000000000000e+05
1.933250000000000000e+05
2.541810000000000000e+05
3.334840000000000000e+05
0.000000000000000000e+00
3.038730000000000000e+05
2.343460000000000000e+05
2.532250000000000000e+05
2.850530000000000000e+05
4.270140000000000000e+05
4.447220000000000000e+05
0.000000000000000000e+00
5.777000000000000000e+05
4.320800000000000000e+05
4.235740000000000000e+05
3.806100000000000000e+05
4.966510000000000000e+05
5.626400000000000000e+05
0.000000000000000000e+00
6.747130000000000000e+05
6.849220000000000000e+05
8.213500000000000000e+05
7.395280000000000000e+05
6.332380000000000000e+05
5.985840000000000000e+05
0.000000000000000000e+00
7.146670000000000000e+05
7.154450000000000000e+05
7.486900000000000000e+05
7.982170000000000000e+05
1.006805000000000000e+06
9.986900000000000000e+05
0.000000000000000000e+00
1.027420000000000000e+06
1.058457000000000000e+06
1.029874000000000000e+06
1.080426000000000000e+06
1.254599000000000000e+06
1.425576000000000000e+06
0.000000000000000000e+00
1.572133000000000000e+06
1.391742000000000000e+06
1.385360000000000000e+06
1.116743000000000000e+06
1.165095000000000000e+06
1.338723000000000000e+06
0.000000000000000000e+00
1.776112000000000000e+06
1.222878000000000000e+06
1.075139000000000000e+06
9.286350000000000000e+05
1.067658000000000000e+06
1.118790000000000000e+06
0.000000000000000000e+00
1.366618000000000000e+06
1.129531000000000000e+06
1.100885000000000000e+06
8.704850000000000000e+05
8.421280000000000000e+05
7.711380000000000000e+05
0.000000000000000000e+00
8.963110000000000000e+05
7.299350000000000000e+05
6.414370000000000000e+05
5.746640000000000000e+05
4.933870000000000000e+05
5.323820000000000000e+05
0.000000000000000000e+00
6.474490000000000000e+05
5.365820000000000000e+05
4.646790000000000000e+05
3.621100000000000000e+05
3.899100000000000000e+05
5.591270000000000000e+05
0.000000000000000000e+00
8.636160000000000000e+05
7.797710000000000000e+05
8.872960000000000000e+05
8.402040000000000000e+05
8.323120000000000000e+05
9.881400000000000000e+05
0.000000000000000000e+00
1.444265000000000000e+06
1.163359000000000000e+06
1.012994000000000000e+06
7.880600000000000000e+05
1.024228000000000000e+06
1.278693000000000000e+06
0.000000000000000000e+00
1.062480000000000000e+06
6.791140000000000000e+05
7.791370000000000000e+05
1.045267000000000000e+06
1.172073000000000000e+06
1.286665000000000000e+06
0.000000000000000000e+00
1.132033000000000000e+06
8.178220000000000000e+05
8.066720000000000000e+05
7.071140000000000000e+05
7.105400000000000000e+05
7.048320000000000000e+05
0.000000000000000000e+00
8.193390000000000000e+05
6.036300000000000000e+05
5.345830000000000000e+05
4.223890000000000000e+05
3.795780000000000000e+05
3.225730000000000000e+05
0.000000000000000000e+00
3.088690000000000000e+05
2.259420000000000000e+05
2.339730000000000000e+05
2.265770000000000000e+05
1.856260000000000000e+05
1.655800000000000000e+05
0.000000000000000000e+00
2.014230000000000000e+05
1.852460000000000000e+05
1.829830000000000000e+05
1.601450000000000000e+05
1.688900000000000000e+05
4.352000000000000000e+04
0.000000000000000000e+00
2.085110000000000000e+05
1.530500000000000000e+05
1.719580000000000000e+05
1.475160000000000000e+05
1.700410000000000000e+05
1.943970000000000000e+05
0.000000000000000000e+00
2.229870000000000000e+05
2.140100000000000000e+05
2.467240000000000000e+05
2.318930000000000000e+05
2.534100000000000000e+05
0.000000000000000000e+00
0.000000000000000000e+00
2.741520000000000000e+05
2.259210000000000000e+05
2.787160000000000000e+05
2.135170000000000000e+05
1.382450000000000000e+05
2.084640000000000000e+05
0.000000000000000000e+00
4.192150000000000000e+05
2.849500000000000000e+05
2.891050000000000000e+05
2.410690000000000000e+05
2.227890000000000000e+05
1.992450000000000000e+05
0.000000000000000000e+00
2.442500000000000000e+05
1.641300000000000000e+05
1.720640000000000000e+05
1.875660000000000000e+05
1.814100000000000000e+05
1.902720000000000000e+05
0.000000000000000000e+00
1.961520000000000000e+05
1.383920000000000000e+05
1.416550000000000000e+05
1.282500000000000000e+05
9.602400000000000000e+04
9.022500000000000000e+04
0.000000000000000000e+00
1.076450000000000000e+05
9.488300000000000000e+04
1.419620000000000000e+05
1.610050000000000000e+05
1.244670000000000000e+05
5.496500000000000000e+04
1.970000000000000000e+03
0.000000000000000000e+00
0.000000000000000000e+00
0.000000000000000000e+00
2.847000000000000000e+04
5.296000000000000000e+04
5.729100000000000000e+04
0.000000000000000000e+00
5.473400000000000000e+04
3.838000000000000000e+04
3.306400000000000000e+04
3.923000000000000000e+04
3.063200000000000000e+04
2.339300000000000000e+04
0.000000000000000000e+00
1.535900000000000000e+04
5.625900000000000000e+04
1.251000000000000000e+04
2.934100000000000000e+04
1.068800000000000000e+04
3.515000000000000000e+04
0.000000000000000000e+00
8.747000000000000000e+03
2.269500000000000000e+04
3.384000000000000000e+03
9.620000000000000000e+03
6.160000000000000000e+03
3.592000000000000000e+03
0.000000000000000000e+00
5.915000000000000000e+03
5.225000000000000000e+03
1.593000000000000000e+03
4.331000000000000000e+03
6.840000000000000000e+03
9.700000000000000000e+02
0.000000000000000000e+00
2.453000000000000000e+03
1.140000000000000000e+03
4.280000000000000000e+02
7.320000000000000000e+02
2.980000000000000000e+03
1.500000000000000000e+03
0.000000000000000000e+00
1.560000000000000000e+03
1.370000000000000000e+03
1.970000000000000000e+03
2.000000000000000000e+01
8.300000000000000000e+02
1.080000000000000000e+03
0.000000000000000000e+00
1.400000000000000000e+03
8.600000000000000000e+02
1.150000000000000000e+03
1.270000000000000000e+03
0.000000000000000000e+00
1.190000000000000000e+03
0.000000000000000000e+00
1.950000000000000000e+03
0.000000000000000000e+00
1.180000000000000000e+03
0.000000000000000000e+00
4.900000000000000000e+02
1.140000000000000000e+03
0.000000000000000000e+00
5.900000000000000000e+02
1.110000000000000000e+03
1.000000000000000000e+01
0.000000000000000000e+00
0.000000000000000000e+00
0.000000000000000000e+00
0.000000000000000000e+00
4.400000000000000000e+02
0.000000000000000000e+00
0.000000000000000000e+00
0.000000000000000000e+00
8.000000000000000000e+01
6.800000000000000000e+02
0.000000000000000000e+00
1.070000000000000000e+03
0.000000000000000000e+00
0.000000000000000000e+00
1.300000000000000000e+03
0.000000000000000000e+00
0.000000000000000000e+00
0.000000000000000000e+00
0.000000000000000000e+00
0.000000000000000000e+00
0.000000000000000000e+00
0.000000000000000000e+00
0.000000000000000000e+00
2.650000000000000000e+02
0.000000000000000000e+00
0.000000000000000000e+00
0.000000000000000000e+00
4.450000000000000000e+02
0.000000000000000000e+00
0.000000000000000000e+00
6.600000000000000000e+02
0.000000000000000000e+00
3.280000000000000000e+02
0.000000000000000000e+00
0.000000000000000000e+00
3.050000000000000000e+02
0.000000000000000000e+00
3.200000000000000000e+02
0.000000000000000000e+00
3.000000000000000000e+02
0.000000000000000000e+00
1.500000000000000000e+02
7.500000000000000000e+02
5.100000000000000000e+02
7.600000000000000000e+02
0.000000000000000000e+00
2.430000000000000000e+03
2.180000000000000000e+03
8.800000000000000000e+02
1.185000000000000000e+03
1.390000000000000000e+03
1.275000000000000000e+03
0.000000000000000000e+00
1.760000000000000000e+03
4.300000000000000000e+02
4.530000000000000000e+03
2.963000000000000000e+03
9.734000000000000000e+03
6.022000000000000000e+03
0.000000000000000000e+00
1.805400000000000000e+04
1.909100000000000000e+04
2.369400000000000000e+04
2.626500000000000000e+04
2.989100000000000000e+04
2.595300000000000000e+04
1.644000000000000000e+03
3.994000000000000000e+03
0.000000000000000000e+00
0.000000000000000000e+00
6.700000000000000000e+02
1.121000000000000000e+04
1.117100000000000000e+04
0.000000000000000000e+00
1.628600000000000000e+04
2.583500000000000000e+04
1.782300000000000000e+04
2.266400000000000000e+04
1.901300000000000000e+04
2.432000000000000000e+04
0.000000000000000000e+00
7.746500000000000000e+04
4.748900000000000000e+04
4.598600000000000000e+04
4.844700000000000000e+04
6.645000000000000000e+04
1.038080000000000000e+05
0.000000000000000000e+00
1.604650000000000000e+05
1.330930000000000000e+05
1.313460000000000000e+05
1.162440000000000000e+05
1.581530000000000000e+05
1.630190000000000000e+05
0.000000000000000000e+00
2.195520000000000000e+05
1.742870000000000000e+05
1.608890000000000000e+05
1.717880000000000000e+05
2.014460000000000000e+05
2.576610000000000000e+05
0.000000000000000000e+00
2.651970000000000000e+05
2.130050000000000000e+05
2.488360000000000000e+05
3.074980000000000000e+05
2.609790000000000000e+05
3.107490000000000000e+05
0.000000000000000000e+00
4.029750000000000000e+05
3.671330000000000000e+05
3.551580000000000000e+05
2.600890000000000000e+05
3.889040000000000000e+05
4.849330000000000000e+05
0.000000000000000000e+00
5.386440000000000000e+05
3.889850000000000000e+05
4.118640000000000000e+05
3.758290000000000000e+05
4.046980000000000000e+05
4.414160000000000000e+05
0.000000000000000000e+00
5.394760000000000000e+05
3.646740000000000000e+05
3.544200000000000000e+05
3.003400000000000000e+05
3.414830000000000000e+05
4.168110000000000000e+05
0.000000000000000000e+00
5.485130000000000000e+05
4.627480000000000000e+05
4.408090000000000000e+05
4.107430000000000000e+05
4.099500000000000000e+05
4.214850000000000000e+05
0.000000000000000000e+00
5.071610000000000000e+05
4.994250000000000000e+05
5.114900000000000000e+05
5.448100000000000000e+05
6.564530000000000000e+05
8.316310000000000000e+05
0.000000000000000000e+00
9.064140000000000000e+05
7.946650000000000000e+05
7.404830000000000000e+05
7.126990000000000000e+05
7.745650000000000000e+05
8.254210000000000000e+05
0.000000000000000000e+00
7.834590000000000000e+05
6.518620000000000000e+05
6.298390000000000000e+05
7.366850000000000000e+05
8.510450000000000000e+05
1.037634000000000000e+06
0.000000000000000000e+00
1.214303000000000000e+06
1.207742000000000000e+06
1.164096000000000000e+06
9.251110000000000000e+05
1.024376000000000000e+06
1.145237000000000000e+06
0.000000000000000000e+00
1.175302000000000000e+06
1.040718000000000000e+06
1.124991000000000000e+06
1.091709000000000000e+06
1.086231000000000000e+06
1.028487000000000000e+06
0.000000000000000000e+00
9.859620000000000000e+05
8.752420000000000000e+05
8.673380000000000000e+05
7.475630000000000000e+05
7.882690000000000000e+05
8.066110000000000000e+05
0.000000000000000000e+00
1.039898000000000000e+06
8.812820000000000000e+05
1.070105000000000000e+06
9.075640000000000000e+05
8.384940000000000000e+05
8.999410000000000000e+05
0.000000000000000000e+00
1.039683000000000000e+06
9.301150000000000000e+05
1.032886000000000000e+06
9.859500000000000000e+05
9.021140000000000000e+05
9.696010000000000000e+05
0.000000000000000000e+00
1.101645000000000000e+06
8.847410000000000000e+05
8.962150000000000000e+05
7.853140000000000000e+05
7.770660000000000000e+05
8.916220000000000000e+05
0.000000000000000000e+00
1.082560000000000000e+06
1.076928000000000000e+06
1.254205000000000000e+06
1.316834000000000000e+06
1.223670000000000000e+06
1.127591000000000000e+06
0.000000000000000000e+00
1.341528000000000000e+06
1.133900000000000000e+06
1.113515000000000000e+06
1.009015000000000000e+06
8.647430000000000000e+05
8.401590000000000000e+05
0.000000000000000000e+00
1.057869000000000000e+06
9.681060000000000000e+05
1.018442000000000000e+06
9.538040000000000000e+05
9.231360000000000000e+05
8.279160000000000000e+05
0.000000000000000000e+00
9.421320000000000000e+05
9.028960000000000000e+05
8.977700000000000000e+05
7.043610000000000000e+05
7.014970000000000000e+05
7.602550000000000000e+05
0.000000000000000000e+00
8.423700000000000000e+05
7.647400000000000000e+05
7.197700000000000000e+05
6.038600000000000000e+05
5.140670000000000000e+05
5.210370000000000000e+05
0.000000000000000000e+00
4.449660000000000000e+05
5.090260000000000000e+05
4.155160000000000000e+05
3.993310000000000000e+05
3.438790000000000000e+05
3.382250000000000000e+05
0.000000000000000000e+00
3.780250000000000000e+05
3.279060000000000000e+05
3.207790000000000000e+05
3.474670000000000000e+05
3.838090000000000000e+05
1.019350000000000000e+05
0.000000000000000000e+00
4.048950000000000000e+05
3.232030000000000000e+05
1.979150000000000000e+05
1.962000000000000000e+05
2.366570000000000000e+05
2.580470000000000000e+05
0.000000000000000000e+00
1.727390000000000000e+05
1.493300000000000000e+05
1.479790000000000000e+05
1.205100000000000000e+05
8.854600000000000000e+04
1.147200000000000000e+05
0.000000000000000000e+00
8.176800000000000000e+04
7.087800000000000000e+04
5.893300000000000000e+04
4.884000000000000000e+04
7.106500000000000000e+04
1.043050000000000000e+05
0.000000000000000000e+00
1.039950000000000000e+05
7.920300000000000000e+04
6.797500000000000000e+04
9.316400000000000000e+04
1.121300000000000000e+05
1.309900000000000000e+05
0.000000000000000000e+00
9.396500000000000000e+04
1.026080000000000000e+05
7.868000000000000000e+04
6.162000000000000000e+04
6.147500000000000000e+04
8.610000000000000000e+04
2.750000000000000000e+03
2.962180000000000000e+05
3.146440000000000000e+05
1.894450000000000000e+05
2.200500000000000000e+04
0.000000000000000000e+00
0.000000000000000000e+00
0.000000000000000000e+00
7.013000000000000000e+04
1.091600000000000000e+05
9.590000000000000000e+04
9.412600000000000000e+04
1.077350000000000000e+05
8.841700000000000000e+04
0.000000000000000000e+00
2.463000000000000000e+04
3.545000000000000000e+04
4.183000000000000000e+04
6.036500000000000000e+04
3.751000000000000000e+04
4.628000000000000000e+04
0.000000000000000000e+00
2.964500000000000000e+04
3.479000000000000000e+04
1.207000000000000000e+04
1.837000000000000000e+04
5.890000000000000000e+03
1.985000000000000000e+04
0.000000000000000000e+00
9.925000000000000000e+03
1.621000000000000000e+04
2.640000000000000000e+03
8.550000000000000000e+03
2.420000000000000000e+03
3.670000000000000000e+03
0.000000000000000000e+00
1.470000000000000000e+03
3.440000000000000000e+03
5.600000000000000000e+02
2.110000000000000000e+03
1.830000000000000000e+03
4.500000000000000000e+03
0.000000000000000000e+00
6.900000000000000000e+02
6.500000000000000000e+02
5.500000000000000000e+02
6.300000000000000000e+02
8.200000000000000000e+02
1.280000000000000000e+03
0.000000000000000000e+00
9.200000000000000000e+02
1.800000000000000000e+02
0.000000000000000000e+00
0.000000000000000000e+00
5.500000000000000000e+02
7.800000000000000000e+02
0.000000000000000000e+00
1.500000000000000000e+02
0.000000000000000000e+00
1.500000000000000000e+02
6.000000000000000000e+01
9.000000000000000000e+01
2.300000000000000000e+02
0.000000000000000000e+00
4.900000000000000000e+02
3.800000000000000000e+02
0.000000000000000000e+00
0.000000000000000000e+00
3.700000000000000000e+02
3.200000000000000000e+02
0.000000000000000000e+00
0.000000000000000000e+00
0.000000000000000000e+00
0.000000000000000000e+00
0.000000000000000000e+00
0.000000000000000000e+00
0.000000000000000000e+00
0.000000000000000000e+00
2.700000000000000000e+02
0.000000000000000000e+00
3.000000000000000000e+02
0.000000000000000000e+00
0.000000000000000000e+00
0.000000000000000000e+00
0.000000000000000000e+00
0.000000000000000000e+00
0.000000000000000000e+00
2.600000000000000000e+02
0.000000000000000000e+00
5.200000000000000000e+02
3.800000000000000000e+02
0.000000000000000000e+00
8.100000000000000000e+02
3.100000000000000000e+02
4.700000000000000000e+02
1.670000000000000000e+03
7.000000000000000000e+02
2.195000000000000000e+03
0.000000000000000000e+00
2.630000000000000000e+03
7.700000000000000000e+02
1.500000000000000000e+03
4.350000000000000000e+03
1.500000000000000000e+02
1.530000000000000000e+03
0.000000000000000000e+00
1.510000000000000000e+03
3.090000000000000000e+03
1.050000000000000000e+03
1.160000000000000000e+03
2.100000000000000000e+03
5.400000000000000000e+02
0.000000000000000000e+00
8.520000000000000000e+02
2.720000000000000000e+03
3.600000000000000000e+02
0.000000000000000000e+00
2.810000000000000000e+03
4.250000000000000000e+03
0.000000000000000000e+00
1.645000000000000000e+03
9.450000000000000000e+02
2.025000000000000000e+03
3.400000000000000000e+03
7.018000000000000000e+03
7.063000000000000000e+03
0.000000000000000000e+00
1.088000000000000000e+04
9.278000000000000000e+03
1.248800000000000000e+04
1.284000000000000000e+04
1.370500000000000000e+04
1.552200000000000000e+04
3.500000000000000000e+02
2.418100000000000000e+04
2.394700000000000000e+04
1.613000000000000000e+04
1.457400000000000000e+04
3.369000000000000000e+03
0.000000000000000000e+00
0.000000000000000000e+00
0.000000000000000000e+00
1.160000000000000000e+03
4.225000000000000000e+03
5.039000000000000000e+03
5.295000000000000000e+03
9.341000000000000000e+03
0.000000000000000000e+00
5.500000000000000000e+03
6.250000000000000000e+03
5.710000000000000000e+03
1.130000000000000000e+04
1.504800000000000000e+04
3.332700000000000000e+04
0.000000000000000000e+00
4.521000000000000000e+04
4.244900000000000000e+04
4.254900000000000000e+04
5.053800000000000000e+04
6.587700000000000000e+04
6.501200000000000000e+04
0.000000000000000000e+00
1.216200000000000000e+05
9.204600000000000000e+04
7.503400000000000000e+04
9.080500000000000000e+04
1.182970000000000000e+05
1.424260000000000000e+05
0.000000000000000000e+00
2.102400000000000000e+05
1.107120000000000000e+05
1.091700000000000000e+05
1.039090000000000000e+05
1.106180000000000000e+05
1.214060000000000000e+05
0.000000000000000000e+00
1.849440000000000000e+05
1.187670000000000000e+05
1.257830000000000000e+05
1.431980000000000000e+05
2.035940000000000000e+05
2.259050000000000000e+05
0.000000000000000000e+00
3.157530000000000000e+05
1.664740000000000000e+05
1.984550000000000000e+05
2.136860000000000000e+05
1.747570000000000000e+05
1.747510000000000000e+05
0.000000000000000000e+00
2.634010000000000000e+05
1.626770000000000000e+05
1.574650000000000000e+05
1.305730000000000000e+05
1.607190000000000000e+05
1.577900000000000000e+05
0.000000000000000000e+00
2.188550000000000000e+05
1.448790000000000000e+05
1.787500000000000000e+05
1.561320000000000000e+05
1.432180000000000000e+05
2.251650000000000000e+05
0.000000000000000000e+00
3.768030000000000000e+05
2.387820000000000000e+05
2.358400000000000000e+05
2.662140000000000000e+05
3.759100000000000000e+05
4.521600000000000000e+05
0.000000000000000000e+00
5.919020000000000000e+05
4.906920000000000000e+05
5.482230000000000000e+05
4.932930000000000000e+05
5.385980000000000000e+05
5.970760000000000000e+05
0.000000000000000000e+00
7.470710000000000000e+05
5.543490000000000000e+05
4.762430000000000000e+05
4.775900000000000000e+05
3.442040000000000000e+05
6.744580000000000000e+05
0.000000000000000000e+00
9.298450000000000000e+05
6.674790000000000000e+05
6.880990000000000000e+05
6.656560000000000000e+05
5.548930000000000000e+05
6.874620000000000000e+05
0.000000000000000000e+00
8.791350000000000000e+05
8.211340000000000000e+05
1.009899000000000000e+06
9.682030000000000000e+05
9.081590000000000000e+05
9.363590000000000000e+05
0.000000000000000000e+00
1.671454000000000000e+06
1.393127000000000000e+06
1.365674000000000000e+06
1.217075000000000000e+06
7.025440000000000000e+05
1.153538000000000000e+06
0.000000000000000000e+00
1.323578000000000000e+06
1.221896000000000000e+06
1.271932000000000000e+06
1.211451000000000000e+06
1.259974000000000000e+06
1.225665000000000000e+06
0.000000000000000000e+00
1.015040000000000000e+06
1.198970000000000000e+06
9.667640000000000000e+05
8.482140000000000000e+05
1.057943000000000000e+06
9.554560000000000000e+05
0.000000000000000000e+00
1.025933000000000000e+06
8.257500000000000000e+05
7.987660000000000000e+05
7.158210000000000000e+05
7.161620000000000000e+05
6.525980000000000000e+05
0.000000000000000000e+00
7.134910000000000000e+05
5.407700000000000000e+05
5.710960000000000000e+05
5.154970000000000000e+05
5.388800000000000000e+05
5.362390000000000000e+05
0.000000000000000000e+00
8.409450000000000000e+05
7.375600000000000000e+05
4.946890000000000000e+05
7.400550000000000000e+05
7.390770000000000000e+05
8.252900000000000000e+05
0.000000000000000000e+00
6.485180000000000000e+05
9.142930000000000000e+05
8.825490000000000000e+05
8.874630000000000000e+05
9.228720000000000000e+05
6.853980000000000000e+05
0.000000000000000000e+00
8.392480000000000000e+05
1.216694000000000000e+06
1.278676000000000000e+06
1.123452000000000000e+06
1.181640000000000000e+06
1.252966000000000000e+06
0.000000000000000000e+00
1.349788000000000000e+06
6.557460000000000000e+05
1.077009000000000000e+06
7.986660000000000000e+05
1.056222000000000000e+06
7.196580000000000000e+05
0.000000000000000000e+00
1.122113000000000000e+06
8.313670000000000000e+05
7.656500000000000000e+05
4.971370000000000000e+05
7.276040000000000000e+05
5.039370000000000000e+05
0.000000000000000000e+00
6.497750000000000000e+05
4.875250000000000000e+05
5.979230000000000000e+05
6.623290000000000000e+05
5.397350000000000000e+05
3.755240000000000000e+05
0.000000000000000000e+00
6.212560000000000000e+05
5.061300000000000000e+05
3.576780000000000000e+05
3.871200000000000000e+05
4.375250000000000000e+05
3.894450000000000000e+05
0.000000000000000000e+00
3.796470000000000000e+05
2.551650000000000000e+05
2.671350000000000000e+05
3.817180000000000000e+05
3.858340000000000000e+05
9.167500000000000000e+04
0.000000000000000000e+00
3.510780000000000000e+05
2.537910000000000000e+05
2.467400000000000000e+05
2.372050000000000000e+05
2.282810000000000000e+05
1.878400000000000000e+05
0.000000000000000000e+00
1.357390000000000000e+05
1.055540000000000000e+05
7.307600000000000000e+04
1.143960000000000000e+05
1.236030000000000000e+05
1.131450000000000000e+05
0.000000000000000000e+00
9.253500000000000000e+04
5.712500000000000000e+04
6.044000000000000000e+04
6.115000000000000000e+04
5.387000000000000000e+04
5.597000000000000000e+04
0.000000000000000000e+00
5.812000000000000000e+04
5.124400000000000000e+04
3.098200000000000000e+04
2.601000000000000000e+04
2.446400000000000000e+04
7.085000000000000000e+04
0.000000000000000000e+00
7.124700000000000000e+04
6.895800000000000000e+04
3.212000000000000000e+04
2.879100000000000000e+04
2.293500000000000000e+04
6.338000000000000000e+04
0.000000000000000000e+00
5.069100000000000000e+04
4.195500000000000000e+04
6.941500000000000000e+04
1.155240000000000000e+05
1.218500000000000000e+05
1.047850000000000000e+05
0.000000000000000000e+00
1.231150000000000000e+05
9.751700000000000000e+04
9.580000000000000000e+04
1.025600000000000000e+05
1.341700000000000000e+05
1.289600000000000000e+05
0.000000000000000000e+00
9.087500000000000000e+04
6.955500000000000000e+04
6.495300000000000000e+04
6.038900000000000000e+04
6.938400000000000000e+04
9.712500000000000000e+04
4.100000000000000000e+03
1.047570000000000000e+05
4.075700000000000000e+04
6.920000000000000000e+03
0.000000000000000000e+00
0.000000000000000000e+00
0.000000000000000000e+00
0.000000000000000000e+00
5.798500000000000000e+04
6.254200000000000000e+04
4.838600000000000000e+04
3.044000000000000000e+04
3.051500000000000000e+04
2.119500000000000000e+04
0.000000000000000000e+00
2.170800000000000000e+04
1.457000000000000000e+04
1.264000000000000000e+04
1.660000000000000000e+04
4.140000000000000000e+03
2.151000000000000000e+04
0.000000000000000000e+00
4.220000000000000000e+03
1.429000000000000000e+04
6.650000000000000000e+03
1.302000000000000000e+04
5.300000000000000000e+03
1.378000000000000000e+04
0.000000000000000000e+00
4.490000000000000000e+03
4.880000000000000000e+03
4.680000000000000000e+03
3.210000000000000000e+03
6.650000000000000000e+03
5.670000000000000000e+03
0.000000000000000000e+00
1.500000000000000000e+03
3.425000000000000000e+03
1.510000000000000000e+03
2.300000000000000000e+02
6.370000000000000000e+03
1.520000000000000000e+03
0.000000000000000000e+00
6.200000000000000000e+02
8.900000000000000000e+02
2.010000000000000000e+03
1.320000000000000000e+03
2.400000000000000000e+03
1.550000000000000000e+03
0.000000000000000000e+00
1.400000000000000000e+02
0.000000000000000000e+00
1.620000000000000000e+03
1.000000000000000000e+02
0.000000000000000000e+00
2.430000000000000000e+03
0.000000000000000000e+00
4.550000000000000000e+02
1.800000000000000000e+03
1.075000000000000000e+03
1.580000000000000000e+03
2.495000000000000000e+03
5.000000000000000000e+02
0.000000000000000000e+00
1.120000000000000000e+03
0.000000000000000000e+00
2.040000000000000000e+03
2.265000000000000000e+03
3.875000000000000000e+03
9.780000000000000000e+02
0.000000000000000000e+00
6.900000000000000000e+02
4.000000000000000000e+01
1.270000000000000000e+03
0.000000000000000000e+00
1.740000000000000000e+03
3.570000000000000000e+03
0.000000000000000000e+00
2.090000000000000000e+03
3.700000000000000000e+02
1.240000000000000000e+03
1.720000000000000000e+03
8.000000000000000000e+02
2.325000000000000000e+03
0.000000000000000000e+00
2.695000000000000000e+03
1.060000000000000000e+03
2.600000000000000000e+03
1.640000000000000000e+03
2.468000000000000000e+03
1.650000000000000000e+03
0.000000000000000000e+00
1.086000000000000000e+03
1.610000000000000000e+03
7.700000000000000000e+01
8.880000000000000000e+02
