0.000000000000000000e+00
3.530600000000000000e+04
2.502380000000000000e+05
1.484470000000000000e+05
8.179100000000000000e+04
1.920300000000000000e+05
1.130470000000000000e+05
0.000000000000000000e+00
1.614700000000000000e+05
1.502830000000000000e+05
1.257980000000000000e+05
1.202670000000000000e+05
1.849960000000000000e+05
1.170030000000000000e+05
0.000000000000000000e+00
1.640290000000000000e+05
1.336590000000000000e+05
1.235120000000000000e+05
9.319700000000000000e+04
1.723480000000000000e+05
1.015710000000000000e+05
3.500000000000000000e+01
1.779440000000000000e+05
1.361110000000000000e+05
0.000000000000000000e+00
0.000000000000000000e+00
0.000000000000000000e+00
0.000000000000000000e+00
0.000000000000000000e+00
0.000000000000000000e+00
0.000000000000000000e+00
3.353500000000000000e+05
1.513850000000000000e+05
1.796680000000000000e+05
1.721330000000000000e+05
0.000000000000000000e+00
2.038320000000000000e+05
2.106970000000000000e+05
1.980790000000000000e+05
1.229660000000000000e+05
2.406830000000000000e+05
1.536940000000000000e+05
0.000000000000000000e+00
2.351480000000000000e+05
2.234070000000000000e+05
2.083020000000000000e+05
1.394740000000000000e+05
2.781140000000000000e+05
2.057470000000000000e+05
0.000000000000000000e+00
3.210540000000000000e+05
2.490080000000000000e+05
2.618800000000000000e+05
1.436330000000000000e+05
3.188160000000000000e+05
2.553550000000000000e+05
0.000000000000000000e+00
3.540310000000000000e+05
2.582820000000000000e+05
2.643550000000000000e+05
2.020010000000000000e+05
3.840840000000000000e+05
3.129960000000000000e+05
0.000000000000000000e+00
4.395220000000000000e+05
3.223260000000000000e+05
3.027980000000000000e+05
2.434200000000000000e+05
4.361140000000000000e+05
3.407410000000000000e+05
0.000000000000000000e+00
5.045490000000000000e+05
3.571470000000000000e+05
3.958990000000000000e+05
3.135990000000000000e+05
5.027920000000000000e+05
3.965560000000000000e+05
0.000000000000000000e+00
5.518960000000000000e+05
3.784290000000000000e+05
3.786570000000000000e+05
2.534060000000000000e+05
4.792010000000000000e+05
4.225910000000000000e+05
0.000000000000000000e+00
5.570330000000000000e+05
3.785850000000000000e+05
3.931090000000000000e+05
2.988490000000000000e+05
4.405850000000000000e+05
4.078490000000000000e+05
0.000000000000000000e+00
5.753360000000000000e+05
4.375690000000000000e+05
5.181930000000000000e+05
3.478520000000000000e+05
5.725380000000000000e+05
6.076170000000000000e+05
0.000000000000000000e+00
9.625800000000000000e+05
6.896470000000000000e+05
8.259170000000000000e+05
6.663650000000000000e+05
8.759210000000000000e+05
8.195770000000000000e+05
0.000000000000000000e+00
1.058650000000000000e+06
6.737060000000000000e+05
7.528490000000000000e+05
6.007100000000000000e+05
7.784030000000000000e+05
6.912560000000000000e+05
0.000000000000000000e+00
1.014250000000000000e+06
6.506710000000000000e+05
7.144960000000000000e+05
5.508400000000000000e+05
6.941970000000000000e+05
6.659410000000000000e+05
0.000000000000000000e+00
9.069560000000000000e+05
6.281790000000000000e+05
6.299310000000000000e+05
5.126190000000000000e+05
6.713890000000000000e+05
6.756270000000000000e+05
0.000000000000000000e+00
1.052492000000000000e+06
5.982070000000000000e+05
6.220790000000000000e+05
4.942830000000000000e+05
5.925410000000000000e+05
6.139910000000000000e+05
0.000000000000000000e+00
7.663500000000000000e+05
5.530360000000000000e+05
6.175230000000000000e+05
4.253190000000000000e+05
5.970040000000000000e+05
5.925480000000000000e+05
0.000000000000000000e+00
9.023020000000000000e+05
6.473070000000000000e+05
7.273800000000000000e+05
6.009640000000000000e+05
8.231570000000000000e+05
7.444190000000000000e+05
0.000000000000000000e+00
1.071767000000000000e+06
6.599490000000000000e+05
7.410060000000000000e+05
5.197810000000000000e+05
7.150700000000000000e+05
6.576440000000000000e+05
0.000000000000000000e+00
1.035059000000000000e+06
6.563870000000000000e+05
7.052470000000000000e+05
5.385430000000000000e+05
6.980960000000000000e+05
7.351190000000000000e+05
0.000000000000000000e+00
9.312560000000000000e+05
6.098020000000000000e+05
6.459930000000000000e+05
5.162820000000000000e+05
6.300950000000000000e+05
6.011960000000000000e+05
0.000000000000000000e+00
7.725770000000000000e+05
5.167430000000000000e+05
6.167140000000000000e+05
5.311850000000000000e+05
6.995390000000000000e+05
7.081000000000000000e+05
0.000000000000000000e+00
1.061326000000000000e+06
7.869050000000000000e+05
7.757580000000000000e+05
6.592210000000000000e+05
6.454990000000000000e+05
6.679930000000000000e+05
0.000000000000000000e+00
7.905880000000000000e+05
5.917840000000000000e+05
5.544060000000000000e+05
4.742940000000000000e+05
4.737180000000000000e+05
5.682480000000000000e+05
0.000000000000000000e+00
7.312810000000000000e+05
4.746710000000000000e+05
5.023550000000000000e+05
4.292600000000000000e+05
3.884870000000000000e+05
4.110190000000000000e+05
0.000000000000000000e+00
5.936710000000000000e+05
4.848510000000000000e+05
4.770880000000000000e+05
4.111090000000000000e+05
3.801060000000000000e+05
4.091720000000000000e+05
0.000000000000000000e+00
5.280000000000000000e+05
4.094930000000000000e+05
3.939620000000000000e+05
3.255460000000000000e+05
3.152740000000000000e+05
3.306980000000000000e+05
0.000000000000000000e+00
3.838650000000000000e+05
2.721720000000000000e+05
2.506270000000000000e+05
1.922870000000000000e+05
2.634170000000000000e+05
9.456300000000000000e+04
0.000000000000000000e+00
3.666750000000000000e+05
2.467520000000000000e+05
2.900640000000000000e+05
2.730680000000000000e+05
3.070180000000000000e+05
3.686860000000000000e+05
0.000000000000000000e+00
4.932800000000000000e+05
2.587570000000000000e+05
2.514940000000000000e+05
2.513860000000000000e+05
2.288610000000000000e+05
2.839440000000000000e+05
0.000000000000000000e+00
3.663610000000000000e+05
2.314680000000000000e+05
2.724370000000000000e+05
2.386630000000000000e+05
2.617600000000000000e+05
3.189380000000000000e+05
0.000000000000000000e+00
4.629180000000000000e+05
2.738550000000000000e+05
2.927520000000000000e+05
2.456310000000000000e+05
2.110220000000000000e+05
2.349070000000000000e+05
0.000000000000000000e+00
2.793460000000000000e+05
1.755160000000000000e+05
1.832600000000000000e+05
1.581410000000000000e+05
1.869770000000000000e+05
2.626790000000000000e+05
0.000000000000000000e+00
3.513670000000000000e+05
2.326990000000000000e+05
2.715090000000000000e+05
2.517640000000000000e+05
3.008700000000000000e+05
3.392900000000000000e+05
0.000000000000000000e+00
3.916840000000000000e+05
3.087550000000000000e+05
2.897610000000000000e+05
2.570960000000000000e+05
2.463360000000000000e+05
3.158090000000000000e+05
0.000000000000000000e+00
3.375070000000000000e+05
2.563050000000000000e+05
2.479660000000000000e+05
2.583400000000000000e+05
2.483920000000000000e+05
3.201610000000000000e+05
1.758000000000000000e+04
4.527860000000000000e+05
1.588380000000000000e+05
0.000000000000000000e+00
0.000000000000000000e+00
0.000000000000000000e+00
3.146410000000000000e+05
0.000000000000000000e+00
4.638350000000000000e+05
3.754930000000000000e+05
3.273320000000000000e+05
2.977440000000000000e+05
3.062540000000000000e+05
3.301830000000000000e+05
0.000000000000000000e+00
3.820760000000000000e+05
3.044030000000000000e+05
2.688560000000000000e+05
2.570800000000000000e+05
2.842550000000000000e+05
3.258090000000000000e+05
0.000000000000000000e+00
4.122400000000000000e+05
2.944890000000000000e+05
3.119380000000000000e+05
2.499310000000000000e+05
3.040080000000000000e+05
2.988400000000000000e+05
0.000000000000000000e+00
3.847770000000000000e+05
2.969700000000000000e+05
2.612120000000000000e+05
2.181380000000000000e+05
2.793850000000000000e+05
2.684440000000000000e+05
0.000000000000000000e+00
3.000260000000000000e+05
2.218360000000000000e+05
2.113330000000000000e+05
2.092070000000000000e+05
2.683250000000000000e+05
2.374240000000000000e+05
0.000000000000000000e+00
2.688420000000000000e+05
2.203270000000000000e+05
2.458570000000000000e+05
1.431210000000000000e+05
2.047470000000000000e+05
2.241400000000000000e+05
0.000000000000000000e+00
2.116510000000000000e+05
1.829370000000000000e+05
1.884980000000000000e+05
1.280820000000000000e+05
2.000640000000000000e+05
1.809160000000000000e+05
0.000000000000000000e+00
2.129140000000000000e+05
1.845270000000000000e+05
1.823890000000000000e+05
1.637570000000000000e+05
2.238470000000000000e+05
2.420090000000000000e+05
0.000000000000000000e+00
2.464350000000000000e+05
2.109570000000000000e+05
2.439260000000000000e+05
1.768160000000000000e+05
2.299880000000000000e+05
2.143680000000000000e+05
0.000000000000000000e+00
2.571520000000000000e+05
2.461210000000000000e+05
2.058690000000000000e+05
1.433860000000000000e+05
2.532980000000000000e+05
1.843590000000000000e+05
0.000000000000000000e+00
2.662130000000000000e+05
2.186210000000000000e+05
2.461900000000000000e+05
1.524520000000000000e+05
2.479560000000000000e+05
2.154130000000000000e+05
0.000000000000000000e+00
2.291800000000000000e+05
2.064680000000000000e+05
2.553290000000000000e+05
1.641770000000000000e+05
2.659070000000000000e+05
2.392320000000000000e+05
0.000000000000000000e+00
0.000000000000000000e+00
1.142080000000000000e+05
3.669540000000000000e+05
2.201680000000000000e+05
2.763770000000000000e+05
2.567580000000000000e+05
0.000000000000000000e+00
2.615010000000000000e+05
1.691040000000000000e+05
2.523190000000000000e+05
1.884190000000000000e+05
2.227350000000000000e+05
1.847960000000000000e+05
0.000000000000000000e+00
2.462570000000000000e+05
2.027130000000000000e+05
1.942450000000000000e+05
1.365460000000000000e+05
2.589090000000000000e+05
1.958870000000000000e+05
0.000000000000000000e+00
2.821800000000000000e+05
2.185620000000000000e+05
2.463260000000000000e+05
1.365480000000000000e+05
2.625140000000000000e+05
1.849820000000000000e+05
0.000000000000000000e+00
2.778930000000000000e+05
2.170770000000000000e+05
2.550510000000000000e+05
1.489540000000000000e+05
2.864140000000000000e+05
2.445300000000000000e+05
0.000000000000000000e+00
2.663260000000000000e+05
2.149010000000000000e+05
2.486740000000000000e+05
1.633150000000000000e+05
2.823440000000000000e+05
2.345640000000000000e+05
5.220000000000000000e+02
3.550710000000000000e+05
2.698990000000000000e+05
4.066550000000000000e+05
6.231800000000000000e+04
0.000000000000000000e+00
0.000000000000000000e+00
0.000000000000000000e+00
3.782160000000000000e+05
4.098240000000000000e+05
3.865220000000000000e+05
2.974170000000000000e+05
4.138630000000000000e+05
3.415160000000000000e+05
0.000000000000000000e+00
4.436980000000000000e+05
3.195200000000000000e+05
3.449790000000000000e+05
1.896350000000000000e+05
3.626270000000000000e+05
3.384070000000000000e+05
0.000000000000000000e+00
4.736990000000000000e+05
3.056520000000000000e+05
3.738320000000000000e+05
2.637340000000000000e+05
3.414550000000000000e+05
3.927720000000000000e+05
0.000000000000000000e+00
4.649870000000000000e+05
3.711760000000000000e+05
4.376780000000000000e+05
3.149190000000000000e+05
4.124760000000000000e+05
5.153450000000000000e+05
0.000000000000000000e+00
6.248230000000000000e+05
4.115970000000000000e+05
4.213420000000000000e+05
2.813900000000000000e+05
4.606980000000000000e+05
4.469450000000000000e+05
0.000000000000000000e+00
5.886880000000000000e+05
4.466990000000000000e+05
4.849140000000000000e+05
4.168390000000000000e+05
5.855980000000000000e+05
6.132300000000000000e+05
0.000000000000000000e+00
8.297480000000000000e+05
5.836980000000000000e+05
7.102450000000000000e+05
4.855700000000000000e+05
5.359430000000000000e+05
5.851680000000000000e+05
0.000000000000000000e+00
6.563760000000000000e+05
4.413150000000000000e+05
4.619020000000000000e+05
3.868850000000000000e+05
5.063590000000000000e+05
4.971790000000000000e+05
0.000000000000000000e+00
6.007950000000000000e+05
3.932020000000000000e+05
4.780540000000000000e+05
3.955100000000000000e+05
4.898070000000000000e+05
5.490640000000000000e+05
0.000000000000000000e+00
6.807790000000000000e+05
3.974730000000000000e+05
5.074420000000000000e+05
4.048270000000000000e+05
5.573430000000000000e+05
6.419220000000000000e+05
0.000000000000000000e+00
8.064190000000000000e+05
5.295910000000000000e+05
6.596860000000000000e+05
4.859650000000000000e+05
6.388990000000000000e+05
7.374420000000000000e+05
0.000000000000000000e+00
7.654750000000000000e+05
4.953870000000000000e+05
6.195530000000000000e+05
4.584630000000000000e+05
6.608970000000000000e+05
6.271650000000000000e+05
0.000000000000000000e+00
7.611680000000000000e+05
5.347430000000000000e+05
6.843790000000000000e+05
4.385320000000000000e+05
6.487880000000000000e+05
7.405340000000000000e+05
0.000000000000000000e+00
1.068875000000000000e+06
5.426310000000000000e+05
7.564700000000000000e+05
6.032660000000000000e+05
6.453650000000000000e+05
6.560430000000000000e+05
0.000000000000000000e+00
8.670670000000000000e+05
5.422740000000000000e+05
7.842340000000000000e+05
5.912220000000000000e+05
7.715520000000000000e+05
7.893140000000000000e+05
0.000000000000000000e+00
9.756330000000000000e+05
6.722800000000000000e+05
7.532160000000000000e+05
6.397090000000000000e+05
7.984900000000000000e+05
7.457010000000000000e+05
0.000000000000000000e+00
1.024884000000000000e+06
6.514630000000000000e+05
7.448210000000000000e+05
5.666400000000000000e+05
6.239250000000000000e+05
5.736850000000000000e+05
0.000000000000000000e+00
7.482200000000000000e+05
4.004360000000000000e+05
4.535410000000000000e+05
4.076740000000000000e+05
5.442290000000000000e+05
5.465570000000000000e+05
0.000000000000000000e+00
8.223790000000000000e+05
5.028170000000000000e+05
4.973850000000000000e+05
4.967150000000000000e+05
7.278540000000000000e+05
6.318220000000000000e+05
0.000000000000000000e+00
7.184660000000000000e+05
5.309020000000000000e+05
5.659150000000000000e+05
5.107940000000000000e+05
5.033930000000000000e+05
5.554670000000000000e+05
0.000000000000000000e+00
6.820780000000000000e+05
4.104200000000000000e+05
3.968900000000000000e+05
2.943220000000000000e+05
3.031030000000000000e+05
2.977710000000000000e+05
0.000000000000000000e+00
3.780800000000000000e+05
2.551800000000000000e+05
3.323180000000000000e+05
3.040200000000000000e+05
3.727370000000000000e+05
4.177720000000000000e+05
0.000000000000000000e+00
5.489060000000000000e+05
3.896820000000000000e+05
4.493240000000000000e+05
4.257900000000000000e+05
4.622110000000000000e+05
5.685200000000000000e+05
0.000000000000000000e+00
6.995910000000000000e+05
5.608140000000000000e+05
5.559710000000000000e+05
4.477510000000000000e+05
4.562140000000000000e+05
1.223560000000000000e+05
0.000000000000000000e+00
6.003050000000000000e+05
4.090600000000000000e+05
4.046390000000000000e+05
4.085670000000000000e+05
4.376940000000000000e+05
4.743970000000000000e+05
0.000000000000000000e+00
8.460450000000000000e+05
5.531630000000000000e+05
5.184710000000000000e+05
4.600140000000000000e+05
4.786830000000000000e+05
0.000000000000000000e+00
0.000000000000000000e+00
7.120580000000000000e+05
4.982290000000000000e+05
4.178860000000000000e+05
3.615090000000000000e+05
3.047000000000000000e+05
3.318500000000000000e+05
0.000000000000000000e+00
5.341820000000000000e+05
3.514680000000000000e+05
3.382090000000000000e+05
2.614400000000000000e+05
3.099170000000000000e+05
2.963050000000000000e+05
0.000000000000000000e+00
3.606820000000000000e+05
2.306370000000000000e+05
2.345810000000000000e+05
1.746300000000000000e+05
2.019310000000000000e+05
2.450920000000000000e+05
0.000000000000000000e+00
2.759770000000000000e+05
1.959880000000000000e+05
1.722750000000000000e+05
1.402790000000000000e+05
1.716120000000000000e+05
2.109120000000000000e+05
0.000000000000000000e+00
2.520710000000000000e+05
2.068970000000000000e+05
1.867680000000000000e+05
1.842750000000000000e+05
2.475160000000000000e+05
2.551640000000000000e+05
1.680000000000000000e+03
0.000000000000000000e+00
0.000000000000000000e+00
0.000000000000000000e+00
2.791550000000000000e+05
3.357340000000000000e+05
2.638110000000000000e+05
0.000000000000000000e+00
2.813880000000000000e+05
1.803220000000000000e+05
1.601360000000000000e+05
1.513590000000000000e+05
1.807990000000000000e+05
1.586250000000000000e+05
0.000000000000000000e+00
2.362640000000000000e+05
2.224820000000000000e+05
2.171450000000000000e+05
1.921110000000000000e+05
2.376850000000000000e+05
2.114790000000000000e+05
0.000000000000000000e+00
2.361020000000000000e+05
1.799010000000000000e+05
1.834090000000000000e+05
1.353530000000000000e+05
2.156590000000000000e+05
1.777710000000000000e+05
0.000000000000000000e+00
2.609890000000000000e+05
1.973440000000000000e+05
2.037980000000000000e+05
1.892990000000000000e+05
2.278750000000000000e+05
2.462730000000000000e+05
0.000000000000000000e+00
2.827800000000000000e+05
2.000270000000000000e+05
2.043820000000000000e+05
1.910760000000000000e+05
2.087860000000000000e+05
2.249460000000000000e+05
0.000000000000000000e+00
2.171500000000000000e+05
2.343180000000000000e+05
1.699020000000000000e+05
1.526300000000000000e+05
1.732710000000000000e+05
1.645870000000000000e+05
0.000000000000000000e+00
2.086200000000000000e+05
2.081120000000000000e+05
1.752360000000000000e+05
1.708900000000000000e+05
1.984620000000000000e+05
2.073430000000000000e+05
0.000000000000000000e+00
2.140030000000000000e+05
1.622540000000000000e+05
1.758000000000000000e+05
1.277520000000000000e+05
2.133000000000000000e+05
1.466400000000000000e+05
0.000000000000000000e+00
2.259420000000000000e+05
1.571960000000000000e+05
1.750780000000000000e+05
1.449430000000000000e+05
2.157910000000000000e+05
1.377150000000000000e+05
0.000000000000000000e+00
2.218070000000000000e+05
1.633630000000000000e+05
1.726060000000000000e+05
1.379840000000000000e+05
1.959940000000000000e+05
1.491140000000000000e+05
0.000000000000000000e+00
2.287460000000000000e+05
1.677990000000000000e+05
1.452820000000000000e+05
1.378760000000000000e+05
1.881510000000000000e+05
1.457170000000000000e+05
0.000000000000000000e+00
1.854570000000000000e+05
1.977310000000000000e+05
1.480230000000000000e+05
1.179820000000000000e+05
2.139130000000000000e+05
1.284270000000000000e+05
0.000000000000000000e+00
2.348130000000000000e+05
1.813400000000000000e+05
1.373570000000000000e+05
1.551150000000000000e+05
2.454520000000000000e+05
1.539780000000000000e+05
0.000000000000000000e+00
2.400690000000000000e+05
0.000000000000000000e+00
2.191400000000000000e+04
2.741570000000000000e+05
2.499400000000000000e+05
1.574990000000000000e+05
0.000000000000000000e+00
2.279500000000000000e+05
1.632730000000000000e+05
1.506590000000000000e+05
1.554130000000000000e+05
2.203780000000000000e+05
1.616250000000000000e+05
0.000000000000000000e+00
2.155950000000000000e+05
1.639080000000000000e+05
1.787320000000000000e+05
1.436680000000000000e+05
2.052280000000000000e+05
1.713650000000000000e+05
0.000000000000000000e+00
2.298870000000000000e+05
1.551350000000000000e+05
1.594100000000000000e+05
1.194500000000000000e+05
2.105410000000000000e+05
1.671920000000000000e+05
3.050000000000000000e+02
2.394610000000000000e+05
1.529770000000000000e+05
1.651500000000000000e+05
1.534230000000000000e+05
2.287680000000000000e+05
1.808860000000000000e+05
2.483700000000000000e+04
1.253790000000000000e+05
0.000000000000000000e+00
0.000000000000000000e+00
4.415000000000000000e+03
4.142760000000000000e+05
2.970610000000000000e+05
0.000000000000000000e+00
3.332620000000000000e+05
2.267140000000000000e+05
2.125370000000000000e+05
1.657660000000000000e+05
2.761400000000000000e+05
2.008240000000000000e+05
0.000000000000000000e+00
3.248960000000000000e+05
1.964800000000000000e+05
1.987160000000000000e+05
1.710560000000000000e+05
2.801550000000000000e+05
2.499700000000000000e+05
0.000000000000000000e+00
3.637650000000000000e+05
2.376170000000000000e+05
2.962650000000000000e+05
2.093270000000000000e+05
3.461180000000000000e+05
3.323840000000000000e+05
0.000000000000000000e+00
4.500750000000000000e+05
3.088940000000000000e+05
3.472030000000000000e+05
2.728150000000000000e+05
4.205190000000000000e+05
3.686890000000000000e+05
0.000000000000000000e+00
4.213700000000000000e+05
3.556440000000000000e+05
3.596930000000000000e+05
2.656470000000000000e+05
3.806250000000000000e+05
3.674530000000000000e+05
0.000000000000000000e+00
4.720410000000000000e+05
3.342130000000000000e+05
3.930360000000000000e+05
3.003010000000000000e+05
4.604820000000000000e+05
4.347300000000000000e+05
0.000000000000000000e+00
6.092600000000000000e+05
4.242520000000000000e+05
4.423000000000000000e+05
3.348550000000000000e+05
4.829610000000000000e+05
4.791200000000000000e+05
0.000000000000000000e+00
6.609350000000000000e+05
4.555130000000000000e+05
4.810770000000000000e+05
3.607650000000000000e+05
4.976910000000000000e+05
5.108330000000000000e+05
0.000000000000000000e+00
6.438470000000000000e+05
4.661990000000000000e+05
5.401170000000000000e+05
3.928890000000000000e+05
5.043120000000000000e+05
4.861980000000000000e+05
0.000000000000000000e+00
6.974830000000000000e+05
4.233300000000000000e+05
5.388510000000000000e+05
3.897820000000000000e+05
5.731260000000000000e+05
5.914810000000000000e+05
0.000000000000000000e+00
8.386690000000000000e+05
6.140030000000000000e+05
6.511800000000000000e+05
4.926100000000000000e+05
6.318120000000000000e+05
6.261600000000000000e+05
0.000000000000000000e+00
8.006130000000000000e+05
5.489930000000000000e+05
5.175750000000000000e+05
4.693940000000000000e+05
6.176720000000000000e+05
5.855100000000000000e+05
0.000000000000000000e+00
8.510640000000000000e+05
5.518710000000000000e+05
6.637160000000000000e+05
5.926490000000000000e+05
7.982240000000000000e+05
7.405770000000000000e+05
0.000000000000000000e+00
9.129210000000000000e+05
5.927180000000000000e+05
6.494780000000000000e+05
5.859620000000000000e+05
6.984560000000000000e+05
6.334670000000000000e+05
0.000000000000000000e+00
9.663770000000000000e+05
6.667070000000000000e+05
7.130060000000000000e+05
6.012240000000000000e+05
6.565220000000000000e+05
5.450340000000000000e+05
0.000000000000000000e+00
7.941720000000000000e+05
4.825760000000000000e+05
6.704340000000000000e+05
5.925200000000000000e+05
7.056240000000000000e+05
6.345460000000000000e+05
0.000000000000000000e+00
9.469440000000000000e+05
5.872580000000000000e+05
5.709900000000000000e+05
4.649430000000000000e+05
5.697410000000000000e+05
5.862550000000000000e+05
0.000000000000000000e+00
1.020221000000000000e+06
6.878130000000000000e+05
6.673490000000000000e+05
5.482450000000000000e+05
5.811420000000000000e+05
5.885830000000000000e+05
0.000000000000000000e+00
8.255130000000000000e+05
6.145920000000000000e+05
6.300990000000000000e+05
5.551380000000000000e+05
6.533070000000000000e+05
6.035130000000000000e+05
0.000000000000000000e+00
8.247050000000000000e+05
5.595870000000000000e+05
5.409170000000000000e+05
3.845710000000000000e+05
4.817170000000000000e+05
5.006610000000000000e+05
0.000000000000000000e+00
6.892780000000000000e+05
4.545300000000000000e+05
4.708800000000000000e+05
3.654100000000000000e+05
3.981980000000000000e+05
4.241020000000000000e+05
0.000000000000000000e+00
5.869640000000000000e+05
4.287590000000000000e+05
4.409600000000000000e+05
3.692860000000000000e+05
3.981320000000000000e+05
4.659650000000000000e+05
0.000000000000000000e+00
5.373770000000000000e+05
3.205190000000000000e+05
2.957610000000000000e+05
2.591610000000000000e+05
2.880760000000000000e+05
2.900200000000000000e+05
0.000000000000000000e+00
4.137770000000000000e+05
2.980400000000000000e+05
3.372850000000000000e+05
3.002800000000000000e+05
3.428900000000000000e+05
3.814660000000000000e+05
0.000000000000000000e+00
5.551410000000000000e+05
3.862540000000000000e+05
3.919120000000000000e+05
3.894520000000000000e+05
3.998990000000000000e+05
1.191850000000000000e+05
0.000000000000000000e+00
5.503830000000000000e+05
3.575180000000000000e+05
3.224500000000000000e+05
3.160570000000000000e+05
3.883800000000000000e+05
4.309800000000000000e+05
0.000000000000000000e+00
5.344640000000000000e+05
4.435620000000000000e+05
4.103040000000000000e+05
3.501500000000000000e+05
3.741640000000000000e+05
4.982110000000000000e+05
0.000000000000000000e+00
6.904980000000000000e+05
4.773180000000000000e+05
4.108200000000000000e+05
3.520430000000000000e+05
3.385700000000000000e+05
3.767120000000000000e+05
0.000000000000000000e+00
5.306800000000000000e+05
3.247290000000000000e+05
3.077230000000000000e+05
2.517700000000000000e+05
2.922020000000000000e+05
2.939990000000000000e+05
1.400000000000000000e+02
3.838960000000000000e+05
2.359120000000000000e+05
2.090620000000000000e+05
1.603500000000000000e+05
1.902280000000000000e+05
2.426670000000000000e+05
0.000000000000000000e+00
3.457450000000000000e+05
2.727930000000000000e+05
3.949870000000000000e+05
1.820990000000000000e+05
0.000000000000000000e+00
0.000000000000000000e+00
0.000000000000000000e+00
5.740020000000000000e+05
5.662000000000000000e+05
4.643230000000000000e+05
4.066660000000000000e+05
3.601810000000000000e+05
3.801610000000000000e+05
0.000000000000000000e+00
2.595600000000000000e+05
3.257500000000000000e+05
2.965180000000000000e+05
2.040640000000000000e+05
2.409310000000000000e+05
2.634330000000000000e+05
0.000000000000000000e+00
2.773120000000000000e+05
2.353250000000000000e+05
2.347390000000000000e+05
1.718490000000000000e+05
2.283430000000000000e+05
3.274850000000000000e+05
0.000000000000000000e+00
4.320180000000000000e+05
3.619890000000000000e+05
3.149750000000000000e+05
2.964510000000000000e+05
3.107600000000000000e+05
3.006040000000000000e+05
0.000000000000000000e+00
4.222960000000000000e+05
3.112550000000000000e+05
2.464750000000000000e+05
2.621610000000000000e+05
2.545020000000000000e+05
2.573230000000000000e+05
0.000000000000000000e+00
2.812000000000000000e+05
3.031860000000000000e+05
2.125420000000000000e+05
2.224410000000000000e+05
2.321790000000000000e+05
2.388750000000000000e+05
0.000000000000000000e+00
2.620320000000000000e+05
2.622140000000000000e+05
2.018960000000000000e+05
1.905330000000000000e+05
2.053270000000000000e+05
1.872250000000000000e+05
0.000000000000000000e+00
2.374290000000000000e+05
2.016430000000000000e+05
1.614270000000000000e+05
1.542210000000000000e+05
2.306600000000000000e+05
1.861510000000000000e+05
0.000000000000000000e+00
3.089000000000000000e+05
1.730340000000000000e+05
1.645910000000000000e+05
1.338670000000000000e+05
1.813090000000000000e+05
1.825260000000000000e+05
0.000000000000000000e+00
2.535840000000000000e+05
1.658120000000000000e+05
1.562380000000000000e+05
9.826500000000000000e+04
2.286140000000000000e+05
1.425150000000000000e+05
0.000000000000000000e+00
2.543080000000000000e+05
1.782130000000000000e+05
1.862790000000000000e+05
1.334740000000000000e+05
2.177820000000000000e+05
1.497040000000000000e+05
0.000000000000000000e+00
2.262680000000000000e+05
1.609770000000000000e+05
1.735480000000000000e+05
1.130030000000000000e+05
1.973700000000000000e+05
1.267560000000000000e+05
0.000000000000000000e+00
2.199620000000000000e+05
1.700930000000000000e+05
1.742670000000000000e+05
1.427710000000000000e+05
2.208300000000000000e+05
1.485240000000000000e+05
0.000000000000000000e+00
2.632100000000000000e+05
1.722320000000000000e+05
1.928780000000000000e+05
1.357400000000000000e+05
2.465310000000000000e+05
1.408010000000000000e+05
0.000000000000000000e+00
2.347880000000000000e+05
1.950370000000000000e+05
1.359160000000000000e+05
1.307040000000000000e+05
2.207490000000000000e+05
1.292930000000000000e+05
0.000000000000000000e+00
2.293590000000000000e+05
1.897080000000000000e+05
3.900000000000000000e+02
2.494600000000000000e+04
2.901310000000000000e+05
1.316230000000000000e+05
0.000000000000000000e+00
2.112790000000000000e+05
1.555710000000000000e+05
1.265570000000000000e+05
8.557100000000000000e+04
1.649510000000000000e+05
1.153970000000000000e+05
0.000000000000000000e+00
2.241530000000000000e+05
1.754700000000000000e+05
1.598620000000000000e+05
1.237030000000000000e+05
2.263350000000000000e+05
1.284780000000000000e+05
3.055000000000000000e+03
2.631720000000000000e+05
1.662290000000000000e+05
1.671640000000000000e+05
2.246890000000000000e+05
8.544400000000000000e+04
0.000000000000000000e+00
0.000000000000000000e+00
3.700000000000000000e+02
1.937530000000000000e+05
2.898460000000000000e+05
1.624820000000000000e+05
2.190490000000000000e+05
1.663230000000000000e+05
0.000000000000000000e+00
2.588950000000000000e+05
1.978850000000000000e+05
1.742990000000000000e+05
1.277760000000000000e+05
2.394360000000000000e+05
1.608730000000000000e+05
0.000000000000000000e+00
2.856630000000000000e+05
2.198560000000000000e+05
1.910140000000000000e+05
1.406750000000000000e+05
2.619550000000000000e+05
2.161970000000000000e+05
0.000000000000000000e+00
3.496630000000000000e+05
2.199450000000000000e+05
2.592340000000000000e+05
2.000250000000000000e+05
3.001980000000000000e+05
2.622490000000000000e+05
0.000000000000000000e+00
4.035570000000000000e+05
2.456420000000000000e+05
2.549150000000000000e+05
2.138880000000000000e+05
2.906230000000000000e+05
2.572010000000000000e+05
0.000000000000000000e+00
3.467790000000000000e+05
2.332880000000000000e+05
2.402530000000000000e+05
2.018200000000000000e+05
3.208970000000000000e+05
2.572650000000000000e+05
0.000000000000000000e+00
3.949290000000000000e+05
2.595000000000000000e+05
2.675720000000000000e+05
2.062250000000000000e+05
3.227900000000000000e+05
2.925060000000000000e+05
0.000000000000000000e+00
4.914980000000000000e+05
3.157000000000000000e+05
3.238890000000000000e+05
2.835470000000000000e+05
4.130150000000000000e+05
3.605270000000000000e+05
0.000000000000000000e+00
5.792030000000000000e+05
3.555390000000000000e+05
3.952190000000000000e+05
3.495730000000000000e+05
4.357890000000000000e+05
3.611050000000000000e+05
0.000000000000000000e+00
5.573510000000000000e+05
3.507330000000000000e+05
3.767570000000000000e+05
2.991550000000000000e+05
4.330820000000000000e+05
4.069860000000000000e+05
0.000000000000000000e+00
5.880650000000000000e+05
3.800840000000000000e+05
4.768560000000000000e+05
3.464740000000000000e+05
5.461950000000000000e+05
4.965280000000000000e+05
0.000000000000000000e+00
6.745130000000000000e+05
3.867710000000000000e+05
3.922490000000000000e+05
3.220650000000000000e+05
3.118750000000000000e+05
3.683800000000000000e+05
0.000000000000000000e+00
5.921800000000000000e+05
3.622710000000000000e+05
4.318670000000000000e+05
3.826420000000000000e+05
5.368200000000000000e+05
5.125840000000000000e+05
0.000000000000000000e+00
7.824740000000000000e+05
4.991360000000000000e+05
5.825890000000000000e+05
4.461970000000000000e+05
6.325660000000000000e+05
5.183330000000000000e+05
0.000000000000000000e+00
9.347460000000000000e+05
6.631970000000000000e+05
7.138180000000000000e+05
5.826750000000000000e+05
4.333400000000000000e+05
6.834290000000000000e+05
0.000000000000000000e+00
9.034530000000000000e+05
6.696960000000000000e+05
6.417990000000000000e+05
4.931120000000000000e+05
6.422950000000000000e+05
4.822520000000000000e+05
0.000000000000000000e+00
5.073930000000000000e+05
4.521630000000000000e+05
3.924850000000000000e+05
2.964250000000000000e+05
5.879470000000000000e+05
5.291720000000000000e+05
0.000000000000000000e+00
7.810940000000000000e+05
5.586310000000000000e+05
5.495910000000000000e+05
4.378930000000000000e+05
6.198400000000000000e+05
5.283870000000000000e+05
0.000000000000000000e+00
8.791580000000000000e+05
5.501340000000000000e+05
6.664630000000000000e+05
5.448560000000000000e+05
7.212370000000000000e+05
6.083810000000000000e+05
0.000000000000000000e+00
1.013096000000000000e+06
6.683130000000000000e+05
4.606210000000000000e+05
6.533490000000000000e+05
8.131660000000000000e+05
8.043710000000000000e+05
0.000000000000000000e+00
6.837160000000000000e+05
7.356570000000000000e+05
6.841690000000000000e+05
5.393860000000000000e+05
4.772250000000000000e+05
3.549860000000000000e+05
0.000000000000000000e+00
4.099570000000000000e+05
3.605820000000000000e+05
4.111100000000000000e+05
3.045940000000000000e+05
4.388880000000000000e+05
5.328610000000000000e+05
0.000000000000000000e+00
7.393080000000000000e+05
2.617550000000000000e+05
4.313930000000000000e+05
2.951050000000000000e+05
4.558350000000000000e+05
2.956870000000000000e+05
0.000000000000000000e+00
5.811430000000000000e+05
3.190110000000000000e+05
3.801640000000000000e+05
2.024960000000000000e+05
3.392110000000000000e+05
2.565930000000000000e+05
0.000000000000000000e+00
4.416900000000000000e+05
3.008620000000000000e+05
3.613070000000000000e+05
2.937590000000000000e+05
3.065520000000000000e+05
1.984770000000000000e+05
0.000000000000000000e+00
3.345030000000000000e+05
1.906590000000000000e+05
1.726820000000000000e+05
1.968770000000000000e+05
2.408230000000000000e+05
2.740840000000000000e+05
0.000000000000000000e+00
4.384470000000000000e+05
2.555160000000000000e+05
2.390620000000000000e+05
2.456790000000000000e+05
3.163170000000000000e+05
1.013500000000000000e+05
0.000000000000000000e+00
5.410730000000000000e+05
3.293710000000000000e+05
3.245440000000000000e+05
2.906140000000000000e+05
3.225170000000000000e+05
3.692260000000000000e+05
0.000000000000000000e+00
4.757470000000000000e+05
3.610070000000000000e+05
2.288430000000000000e+05
3.208320000000000000e+05
3.340930000000000000e+05
3.836600000000000000e+05
0.000000000000000000e+00
4.832550000000000000e+05
3.928970000000000000e+05
4.039110000000000000e+05
3.630640000000000000e+05
3.536640000000000000e+05
4.011390000000000000e+05
0.000000000000000000e+00
5.464120000000000000e+05
3.881990000000000000e+05
3.755080000000000000e+05
2.806120000000000000e+05
2.409200000000000000e+05
3.336180000000000000e+05
0.000000000000000000e+00
4.303350000000000000e+05
3.141100000000000000e+05
3.335940000000000000e+05
2.896580000000000000e+05
2.534170000000000000e+05
3.740870000000000000e+05
0.000000000000000000e+00
3.005240000000000000e+05
2.004350000000000000e+05
2.245890000000000000e+05
2.031190000000000000e+05
2.238100000000000000e+05
2.310940000000000000e+05
0.000000000000000000e+00
2.294610000000000000e+05
1.527580000000000000e+05
1.623470000000000000e+05
1.292350000000000000e+05
1.587190000000000000e+05
1.697810000000000000e+05
0.000000000000000000e+00
2.285780000000000000e+05
1.081820000000000000e+05
8.846000000000000000e+04
1.424870000000000000e+05
1.525720000000000000e+05
1.768070000000000000e+05
9.100000000000000000e+02
2.851140000000000000e+05
2.055830000000000000e+05
1.403760000000000000e+05
0.000000000000000000e+00
0.000000000000000000e+00
9.450000000000000000e+02
0.000000000000000000e+00
4.799340000000000000e+05
2.391730000000000000e+05
2.321340000000000000e+05
2.402970000000000000e+05
2.304100000000000000e+05
2.375090000000000000e+05
0.000000000000000000e+00
2.497530000000000000e+05
1.575430000000000000e+05
1.999950000000000000e+05
1.921680000000000000e+05
1.365970000000000000e+05
2.119800000000000000e+05
0.000000000000000000e+00
2.046730000000000000e+05
2.066500000000000000e+05
1.626070000000000000e+05
1.655020000000000000e+05
1.744520000000000000e+05
1.826330000000000000e+05
0.000000000000000000e+00
2.148350000000000000e+05
1.955870000000000000e+05
1.794020000000000000e+05
2.034190000000000000e+05
1.775790000000000000e+05
2.495640000000000000e+05
0.000000000000000000e+00
2.851300000000000000e+05
2.871930000000000000e+05
2.067680000000000000e+05
1.983190000000000000e+05
2.579870000000000000e+05
2.523230000000000000e+05
0.000000000000000000e+00
3.072630000000000000e+05
2.448780000000000000e+05
2.856990000000000000e+05
1.924860000000000000e+05
2.610180000000000000e+05
2.410220000000000000e+05
0.000000000000000000e+00
3.271520000000000000e+05
2.522160000000000000e+05
2.405760000000000000e+05
2.081390000000000000e+05
2.550580000000000000e+05
2.564250000000000000e+05
0.000000000000000000e+00
3.335560000000000000e+05
2.490250000000000000e+05
2.242370000000000000e+05
1.930100000000000000e+05
2.811750000000000000e+05
2.228770000000000000e+05
0.000000000000000000e+00
3.007180000000000000e+05
2.189190000000000000e+05
2.260770000000000000e+05
1.607530000000000000e+05
2.520410000000000000e+05
1.904900000000000000e+05
0.000000000000000000e+00
2.813920000000000000e+05
2.261760000000000000e+05
1.397660000000000000e+05
1.877740000000000000e+05
2.136500000000000000e+05
1.888490000000000000e+05
0.000000000000000000e+00
2.922110000000000000e+05
2.086390000000000000e+05
1.461890000000000000e+05
1.603870000000000000e+05
2.613810000000000000e+05
1.748650000000000000e+05
0.000000000000000000e+00
2.994700000000000000e+05
1.761810000000000000e+05
1.841130000000000000e+05
1.711370000000000000e+05
2.339510000000000000e+05
1.536190000000000000e+05
0.000000000000000000e+00
3.060740000000000000e+05
1.917340000000000000e+05
2.127400000000000000e+05
2.836350000000000000e+05
