0.000000000000000000e+00
8.446600000000000000e+04
5.107600000000000000e+05
3.651310000000000000e+05
2.662620000000000000e+05
3.408270000000000000e+05
4.478380000000000000e+05
0.000000000000000000e+00
4.572620000000000000e+05
4.413350000000000000e+05
4.083630000000000000e+05
3.462720000000000000e+05
4.684450000000000000e+05
5.255150000000000000e+05
0.000000000000000000e+00
4.031660000000000000e+05
3.664800000000000000e+05
3.386800000000000000e+05
2.908380000000000000e+05
3.624470000000000000e+05
3.903740000000000000e+05
4.547000000000000000e+03
3.661570000000000000e+05
3.635880000000000000e+05
0.000000000000000000e+00
0.000000000000000000e+00
0.000000000000000000e+00
0.000000000000000000e+00
0.000000000000000000e+00
8.101000000000000000e+03
0.000000000000000000e+00
8.459560000000000000e+05
4.955620000000000000e+05
4.651910000000000000e+05
6.118270000000000000e+05
0.000000000000000000e+00
6.760860000000000000e+05
5.734100000000000000e+05
4.651510000000000000e+05
4.420980000000000000e+05
6.195560000000000000e+05
5.923570000000000000e+05
0.000000000000000000e+00
6.545900000000000000e+05
6.620890000000000000e+05
5.856040000000000000e+05
5.762880000000000000e+05
7.158450000000000000e+05
8.071310000000000000e+05
0.000000000000000000e+00
9.433640000000000000e+05
8.662540000000000000e+05
7.576520000000000000e+05
6.625590000000000000e+05
7.493830000000000000e+05
7.130400000000000000e+05
0.000000000000000000e+00
8.434920000000000000e+05
7.979910000000000000e+05
6.852120000000000000e+05
6.684700000000000000e+05
7.869640000000000000e+05
8.434420000000000000e+05
0.000000000000000000e+00
1.018147000000000000e+06
9.047370000000000000e+05
7.884920000000000000e+05
7.100180000000000000e+05
7.919280000000000000e+05
7.955730000000000000e+05
0.000000000000000000e+00
9.456470000000000000e+05
8.724160000000000000e+05
7.719320000000000000e+05
7.434600000000000000e+05
8.039800000000000000e+05
8.062750000000000000e+05
0.000000000000000000e+00
8.954200000000000000e+05
7.548400000000000000e+05
6.487310000000000000e+05
5.163460000000000000e+05
7.096280000000000000e+05
7.900320000000000000e+05
0.000000000000000000e+00
8.131440000000000000e+05
6.650380000000000000e+05
5.644040000000000000e+05
5.391290000000000000e+05
6.921040000000000000e+05
8.372870000000000000e+05
0.000000000000000000e+00
8.411690000000000000e+05
8.459370000000000000e+05
6.666360000000000000e+05
6.404200000000000000e+05
6.988240000000000000e+05
7.073600000000000000e+05
0.000000000000000000e+00
8.663830000000000000e+05
8.083440000000000000e+05
6.718190000000000000e+05
5.811350000000000000e+05
5.576470000000000000e+05
5.621020000000000000e+05
0.000000000000000000e+00
6.227250000000000000e+05
5.789320000000000000e+05
4.728730000000000000e+05
3.689390000000000000e+05
4.166460000000000000e+05
4.563230000000000000e+05
0.000000000000000000e+00
4.581000000000000000e+05
3.969860000000000000e+05
3.387690000000000000e+05
3.306670000000000000e+05
3.877420000000000000e+05
4.318020000000000000e+05
0.000000000000000000e+00
4.028430000000000000e+05
3.404790000000000000e+05
2.628340000000000000e+05
1.973260000000000000e+05
2.370900000000000000e+05
2.456570000000000000e+05
0.000000000000000000e+00
2.447040000000000000e+05
1.677920000000000000e+05
1.603460000000000000e+05
1.340730000000000000e+05
1.298960000000000000e+05
1.865500000000000000e+05
0.000000000000000000e+00
1.713120000000000000e+05
1.314430000000000000e+05
1.065700000000000000e+05
8.915700000000000000e+04
9.428300000000000000e+04
1.148580000000000000e+05
0.000000000000000000e+00
1.050940000000000000e+05
7.711100000000000000e+04
5.999400000000000000e+04
5.322900000000000000e+04
5.443400000000000000e+04
5.405600000000000000e+04
0.000000000000000000e+00
5.209200000000000000e+04
5.686300000000000000e+04
5.806300000000000000e+04
3.507700000000000000e+04
4.987500000000000000e+04
5.332000000000000000e+04
0.000000000000000000e+00
7.750400000000000000e+04
5.942800000000000000e+04
4.875400000000000000e+04
3.438200000000000000e+04
6.589500000000000000e+04
4.434600000000000000e+04
0.000000000000000000e+00
4.755300000000000000e+04
2.684400000000000000e+04
2.467900000000000000e+04
2.402900000000000000e+04
2.043200000000000000e+04
1.582800000000000000e+04
0.000000000000000000e+00
1.733100000000000000e+04
6.995000000000000000e+03
7.035000000000000000e+03
5.396000000000000000e+03
4.837000000000000000e+03
5.718000000000000000e+03
0.000000000000000000e+00
4.011000000000000000e+03
2.125000000000000000e+03
2.169000000000000000e+03
1.268000000000000000e+03
3.126000000000000000e+03
7.890000000000000000e+02
0.000000000000000000e+00
7.940000000000000000e+02
3.080000000000000000e+02
4.910000000000000000e+02
1.530000000000000000e+02
2.560000000000000000e+02
1.250000000000000000e+02
0.000000000000000000e+00
3.300000000000000000e+01
5.300000000000000000e+01
1.300000000000000000e+01
1.510000000000000000e+02
7.000000000000000000e+00
1.000000000000000000e+02
0.000000000000000000e+00
9.700000000000000000e+01
7.000000000000000000e+01
4.000000000000000000e+01
4.000000000000000000e+01
1.030000000000000000e+02
4.200000000000000000e+01
0.000000000000000000e+00
1.310000000000000000e+02
1.000000000000000000e+02
4.400000000000000000e+01
9.500000000000000000e+01
1.200000000000000000e+02
1.700000000000000000e+02
0.000000000000000000e+00
1.482000000000000000e+03
6.790000000000000000e+02
2.600000000000000000e+01
5.000000000000000000e+00
1.000000000000000000e+00
0.000000000000000000e+00
0.000000000000000000e+00
6.800000000000000000e+02
3.000000000000000000e+00
6.000000000000000000e+01
1.800000000000000000e+01
3.000000000000000000e+01
6.220000000000000000e+02
0.000000000000000000e+00
2.300000000000000000e+01
4.480000000000000000e+02
1.300000000000000000e+02
9.000000000000000000e+00
2.900000000000000000e+02
3.100000000000000000e+01
0.000000000000000000e+00
3.000000000000000000e+04
8.000000000000000000e+01
6.000000000000000000e+01
2.200000000000000000e+02
9.000000000000000000e+00
1.500000000000000000e+02
0.000000000000000000e+00
2.600000000000000000e+01
6.500000000000000000e+02
1.200000000000000000e+02
3.010900000000000000e+04
2.600000000000000000e+02
1.580000000000000000e+02
0.000000000000000000e+00
1.000000000000000000e+01
6.000000000000000000e+00
4.800000000000000000e+02
6.000000000000000000e+00
4.500000000000000000e+01
1.180000000000000000e+02
0.000000000000000000e+00
5.500000000000000000e+01
2.030000000000000000e+02
5.000000000000000000e+00
3.300000000000000000e+02
5.000000000000000000e+00
1.740000000000000000e+02
0.000000000000000000e+00
3.900000000000000000e+02
2.170000000000000000e+02
4.000000000000000000e+00
4.400000000000000000e+01
4.030000000000000000e+02
1.400000000000000000e+02
0.000000000000000000e+00
4.000000000000000000e+01
3.050000000000000000e+02
5.400000000000000000e+01
1.400000000000000000e+02
1.530000000000000000e+02
4.000000000000000000e+00
0.000000000000000000e+00
5.000000000000000000e+01
4.000000000000000000e+01
0.000000000000000000e+00
0.000000000000000000e+00
0.000000000000000000e+00
2.400000000000000000e+01
0.000000000000000000e+00
2.500000000000000000e+02
1.530900000000000000e+04
1.030000000000000000e+02
3.970000000000000000e+02
1.650000000000000000e+02
3.500000000000000000e+01
0.000000000000000000e+00
2.920000000000000000e+02
1.240000000000000000e+02
2.700000000000000000e+01
4.710000000000000000e+02
2.028300000000000000e+04
4.320000000000000000e+02
0.000000000000000000e+00
6.700000000000000000e+02
8.630000000000000000e+02
1.820000000000000000e+03
1.153000000000000000e+03
2.644000000000000000e+03
3.628000000000000000e+03
0.000000000000000000e+00
7.843000000000000000e+03
2.566100000000000000e+04
6.578000000000000000e+03
6.295000000000000000e+03
1.196100000000000000e+04
1.812000000000000000e+04
0.000000000000000000e+00
2.915800000000000000e+04
2.293300000000000000e+04
1.944000000000000000e+04
2.934500000000000000e+04
6.083700000000000000e+04
7.018500000000000000e+04
0.000000000000000000e+00
8.649100000000000000e+04
8.121900000000000000e+04
6.327400000000000000e+04
7.346800000000000000e+04
9.863800000000000000e+04
1.174320000000000000e+05
0.000000000000000000e+00
1.439180000000000000e+05
1.203910000000000000e+05
1.107130000000000000e+05
1.013180000000000000e+05
1.510850000000000000e+05
1.779690000000000000e+05
0.000000000000000000e+00
1.824400000000000000e+05
1.718390000000000000e+05
1.578110000000000000e+05
1.383070000000000000e+05
2.224120000000000000e+05
2.677400000000000000e+05
0.000000000000000000e+00
2.813940000000000000e+05
2.381390000000000000e+05
2.076990000000000000e+05
1.725360000000000000e+05
2.546580000000000000e+05
2.807380000000000000e+05
0.000000000000000000e+00
2.731640000000000000e+05
2.314400000000000000e+05
1.990450000000000000e+05
1.720080000000000000e+05
2.528420000000000000e+05
3.036600000000000000e+05
0.000000000000000000e+00
3.160430000000000000e+05
2.352150000000000000e+05
2.172010000000000000e+05
1.981950000000000000e+05
3.082380000000000000e+05
4.312780000000000000e+05
0.000000000000000000e+00
3.815610000000000000e+05
3.030440000000000000e+05
2.685160000000000000e+05
2.307210000000000000e+05
3.759160000000000000e+05
4.650680000000000000e+05
0.000000000000000000e+00
0.000000000000000000e+00
1.587950000000000000e+05
5.422230000000000000e+05
3.424890000000000000e+05
2.941790000000000000e+05
4.183800000000000000e+05
0.000000000000000000e+00
4.237020000000000000e+05
3.155430000000000000e+05
2.487430000000000000e+05
1.959620000000000000e+05
2.889290000000000000e+05
3.848460000000000000e+05
0.000000000000000000e+00
3.854480000000000000e+05
3.421700000000000000e+05
3.044360000000000000e+05
2.720610000000000000e+05
4.133150000000000000e+05
4.748630000000000000e+05
0.000000000000000000e+00
4.824580000000000000e+05
4.042550000000000000e+05
3.614530000000000000e+05
2.912030000000000000e+05
3.791490000000000000e+05
4.675050000000000000e+05
0.000000000000000000e+00
5.060730000000000000e+05
4.078080000000000000e+05
3.573430000000000000e+05
3.041210000000000000e+05
4.218650000000000000e+05
5.019380000000000000e+05
4.980000000000000000e+02
5.211550000000000000e+05
4.309750000000000000e+05
3.868320000000000000e+05
3.563110000000000000e+05
4.773550000000000000e+05
5.916520000000000000e+05
1.361300000000000000e+04
6.106210000000000000e+05
6.885090000000000000e+05
8.944280000000000000e+05
6.177430000000000000e+05
0.000000000000000000e+00
0.000000000000000000e+00
1.313000000000000000e+03
1.040715000000000000e+06
9.210990000000000000e+05
6.711520000000000000e+05
5.947830000000000000e+05
6.937620000000000000e+05
7.624120000000000000e+05
0.000000000000000000e+00
8.205600000000000000e+05
7.202710000000000000e+05
6.838730000000000000e+05
6.065160000000000000e+05
6.793300000000000000e+05
6.742690000000000000e+05
0.000000000000000000e+00
8.646970000000000000e+05
8.346120000000000000e+05
8.099880000000000000e+05
6.227510000000000000e+05
6.662320000000000000e+05
7.968180000000000000e+05
0.000000000000000000e+00
7.490630000000000000e+05
6.918690000000000000e+05
6.873010000000000000e+05
6.829180000000000000e+05
7.904990000000000000e+05
9.230830000000000000e+05
0.000000000000000000e+00
8.279720000000000000e+05
7.855080000000000000e+05
5.792330000000000000e+05
4.012600000000000000e+05
5.029840000000000000e+05
6.127420000000000000e+05
0.000000000000000000e+00
7.463440000000000000e+05
7.011350000000000000e+05
6.260110000000000000e+05
6.096020000000000000e+05
7.229870000000000000e+05
7.963870000000000000e+05
0.000000000000000000e+00
8.006460000000000000e+05
6.960720000000000000e+05
5.903640000000000000e+05
5.607650000000000000e+05
5.628990000000000000e+05
4.912640000000000000e+05
0.000000000000000000e+00
5.062600000000000000e+05
4.641650000000000000e+05
4.015960000000000000e+05
4.254790000000000000e+05
5.492200000000000000e+05
5.773250000000000000e+05
0.000000000000000000e+00
4.803210000000000000e+05
3.972370000000000000e+05
3.566690000000000000e+05
3.572520000000000000e+05
4.337720000000000000e+05
4.356700000000000000e+05
0.000000000000000000e+00
4.892220000000000000e+05
4.038040000000000000e+05
3.132640000000000000e+05
2.321690000000000000e+05
2.903160000000000000e+05
3.820400000000000000e+05
0.000000000000000000e+00
4.346240000000000000e+05
3.222090000000000000e+05
2.450130000000000000e+05
2.265610000000000000e+05
2.408350000000000000e+05
2.254680000000000000e+05
0.000000000000000000e+00
1.984450000000000000e+05
1.908970000000000000e+05
1.229030000000000000e+05
1.350990000000000000e+05
1.709900000000000000e+05
1.917090000000000000e+05
0.000000000000000000e+00
1.926970000000000000e+05
1.444000000000000000e+05
1.068800000000000000e+05
9.762500000000000000e+04
1.028330000000000000e+05
9.420200000000000000e+04
0.000000000000000000e+00
8.440600000000000000e+04
4.497800000000000000e+04
3.428700000000000000e+04
3.495000000000000000e+04
4.018100000000000000e+04
4.415300000000000000e+04
0.000000000000000000e+00
5.149100000000000000e+04
4.165500000000000000e+04
6.464500000000000000e+04
9.090300000000000000e+04
7.910900000000000000e+04
7.297700000000000000e+04
0.000000000000000000e+00
9.638000000000000000e+04
8.131900000000000000e+04
5.670300000000000000e+04
1.229630000000000000e+05
9.471000000000000000e+04
1.004170000000000000e+05
0.000000000000000000e+00
9.044700000000000000e+04
3.340000000000000000e+04
7.367800000000000000e+04
5.966200000000000000e+04
4.884200000000000000e+04
2.991500000000000000e+04
0.000000000000000000e+00
2.635400000000000000e+04
1.184800000000000000e+04
1.422800000000000000e+04
1.390200000000000000e+04
6.881000000000000000e+03
5.406000000000000000e+03
0.000000000000000000e+00
4.447000000000000000e+03
1.490000000000000000e+03
1.130000000000000000e+03
8.620000000000000000e+02
9.450000000000000000e+02
3.913000000000000000e+03
0.000000000000000000e+00
5.060000000000000000e+02
2.500000000000000000e+02
1.510000000000000000e+02
1.450000000000000000e+02
8.300000000000000000e+01
3.860000000000000000e+02
0.000000000000000000e+00
4.000000000000000000e+01
3.000000000000000000e+01
1.550000000000000000e+02
4.000000000000000000e+00
2.960000000000000000e+02
1.500000000000000000e+01
0.000000000000000000e+00
1.990000000000000000e+02
1.000000000000000000e+01
2.000000000000000000e+01
3.000000000000000000e+01
2.800000000000000000e+01
1.100000000000000000e+01
0.000000000000000000e+00
1.200000000000000000e+01
1.290000000000000000e+02
2.330000000000000000e+02
1.800000000000000000e+02
4.600000000000000000e+02
1.040000000000000000e+02
0.000000000000000000e+00
4.000000000000000000e+00
4.000000000000000000e+01
3.700000000000000000e+02
1.260000000000000000e+02
2.100000000000000000e+02
0.000000000000000000e+00
0.000000000000000000e+00
6.300000000000000000e+02
5.000000000000000000e+01
2.300000000000000000e+02
1.500000000000000000e+02
1.440000000000000000e+02
6.100000000000000000e+02
0.000000000000000000e+00
1.000000000000000000e+01
9.000000000000000000e+01
3.000000000000000000e+01
2.000000000000000000e+01
1.000000000000000000e+01
0.000000000000000000e+00
0.000000000000000000e+00
5.000000000000000000e+01
1.000000000000000000e+02
5.900000000000000000e+01
1.100000000000000000e+02
8.000000000000000000e+01
1.590000000000000000e+02
0.000000000000000000e+00
2.600000000000000000e+02
1.800000000000000000e+02
1.000000000000000000e+01
2.530000000000000000e+02
6.000000000000000000e+01
8.000000000000000000e+01
0.000000000000000000e+00
1.142000000000000000e+03
6.270000000000000000e+02
6.590000000000000000e+02
2.200000000000000000e+02
2.780000000000000000e+02
3.580000000000000000e+02
0.000000000000000000e+00
4.570000000000000000e+02
3.800000000000000000e+02
6.660000000000000000e+02
5.400000000000000000e+02
4.180000000000000000e+02
1.800000000000000000e+01
0.000000000000000000e+00
8.800000000000000000e+01
1.800000000000000000e+01
2.500000000000000000e+01
2.570000000000000000e+02
2.800000000000000000e+01
2.650000000000000000e+02
0.000000000000000000e+00
0.000000000000000000e+00
0.000000000000000000e+00
0.000000000000000000e+00
6.400000000000000000e+01
6.000000000000000000e+01
5.000000000000000000e+00
0.000000000000000000e+00
7.000000000000000000e+01
2.980000000000000000e+02
2.000000000000000000e+01
1.200000000000000000e+02
1.400000000000000000e+02
8.000000000000000000e+01
0.000000000000000000e+00
6.000000000000000000e+01
6.000000000000000000e+01
3.000000000000000000e+01
2.000000000000000000e+00
3.300000000000000000e+01
3.000000000000000000e+01
0.000000000000000000e+00
4.200000000000000000e+01
7.000000000000000000e+00
2.100000000000000000e+01
1.000000000000000000e+02
2.700000000000000000e+01
7.200000000000000000e+01
0.000000000000000000e+00
9.600000000000000000e+01
2.390000000000000000e+02
1.590000000000000000e+02
2.170000000000000000e+02
3.020000000000000000e+02
8.080000000000000000e+02
0.000000000000000000e+00
7.990000000000000000e+02
1.131000000000000000e+03
6.520000000000000000e+02
1.262000000000000000e+03
1.349000000000000000e+03
2.969000000000000000e+03
0.000000000000000000e+00
3.535000000000000000e+03
5.141000000000000000e+03
4.773000000000000000e+03
6.148000000000000000e+03
8.571000000000000000e+03
1.839900000000000000e+04
0.000000000000000000e+00
2.064200000000000000e+04
2.252300000000000000e+04
2.171800000000000000e+04
2.103600000000000000e+04
3.547300000000000000e+04
4.679700000000000000e+04
0.000000000000000000e+00
5.754200000000000000e+04
4.877100000000000000e+04
3.916300000000000000e+04
3.742400000000000000e+04
7.174500000000000000e+04
8.758500000000000000e+04
0.000000000000000000e+00
1.022800000000000000e+05
8.863800000000000000e+04
8.237100000000000000e+04
8.913900000000000000e+04
1.560880000000000000e+05
1.771060000000000000e+05
0.000000000000000000e+00
2.084070000000000000e+05
1.759200000000000000e+05
1.866840000000000000e+05
1.977410000000000000e+05
2.790600000000000000e+05
3.426330000000000000e+05
0.000000000000000000e+00
3.593400000000000000e+05
2.768370000000000000e+05
2.438830000000000000e+05
1.871280000000000000e+05
2.637550000000000000e+05
3.116520000000000000e+05
0.000000000000000000e+00
3.133580000000000000e+05
2.886230000000000000e+05
2.244680000000000000e+05
2.084600000000000000e+05
3.386430000000000000e+05
4.147820000000000000e+05
0.000000000000000000e+00
5.414220000000000000e+05
4.612430000000000000e+05
3.713060000000000000e+05
3.657770000000000000e+05
5.007900000000000000e+05
5.038490000000000000e+05
0.000000000000000000e+00
6.580310000000000000e+05
0.000000000000000000e+00
9.592700000000000000e+04
6.873530000000000000e+05
4.538320000000000000e+05
4.541890000000000000e+05
0.000000000000000000e+00
5.334670000000000000e+05
4.381160000000000000e+05
4.103770000000000000e+05
3.728350000000000000e+05
5.190680000000000000e+05
5.789790000000000000e+05
0.000000000000000000e+00
5.951680000000000000e+05
5.534700000000000000e+05
4.917600000000000000e+05
4.126950000000000000e+05
5.252250000000000000e+05
5.559600000000000000e+05
0.000000000000000000e+00
5.779670000000000000e+05
4.834390000000000000e+05
4.343980000000000000e+05
4.048440000000000000e+05
5.205230000000000000e+05
5.835010000000000000e+05
2.460000000000000000e+02
5.563960000000000000e+05
4.864880000000000000e+05
4.147520000000000000e+05
3.870720000000000000e+05
5.719470000000000000e+05
6.604560000000000000e+05
1.523290000000000000e+05
6.196650000000000000e+05
0.000000000000000000e+00
0.000000000000000000e+00
8.272500000000000000e+04
9.676830000000000000e+05
8.292350000000000000e+05
0.000000000000000000e+00
8.276200000000000000e+05
6.261910000000000000e+05
5.435670000000000000e+05
4.930220000000000000e+05
6.079420000000000000e+05
6.869660000000000000e+05
0.000000000000000000e+00
7.913860000000000000e+05
6.322560000000000000e+05
5.148640000000000000e+05
5.165170000000000000e+05
6.308040000000000000e+05
7.491110000000000000e+05
0.000000000000000000e+00
9.405690000000000000e+05
8.642760000000000000e+05
7.307980000000000000e+05
6.812250000000000000e+05
7.656880000000000000e+05
7.755460000000000000e+05
0.000000000000000000e+00
9.549650000000000000e+05
7.803180000000000000e+05
7.576960000000000000e+05
6.692080000000000000e+05
8.145560000000000000e+05
8.613400000000000000e+05
0.000000000000000000e+00
1.010669000000000000e+06
8.493680000000000000e+05
6.399960000000000000e+05
5.190480000000000000e+05
6.483280000000000000e+05
7.855010000000000000e+05
0.000000000000000000e+00
8.776140000000000000e+05
7.576070000000000000e+05
7.016400000000000000e+05
6.547510000000000000e+05
7.680880000000000000e+05
8.000980000000000000e+05
0.000000000000000000e+00
8.764600000000000000e+05
7.725270000000000000e+05
6.391120000000000000e+05
5.748970000000000000e+05
8.760970000000000000e+05
8.150040000000000000e+05
0.000000000000000000e+00
8.846640000000000000e+05
7.471080000000000000e+05
6.231080000000000000e+05
5.592160000000000000e+05
6.394990000000000000e+05
7.005710000000000000e+05
0.000000000000000000e+00
7.682090000000000000e+05
6.939280000000000000e+05
5.844030000000000000e+05
5.736480000000000000e+05
6.262230000000000000e+05
5.818240000000000000e+05
0.000000000000000000e+00
6.739670000000000000e+05
5.910570000000000000e+05
4.483430000000000000e+05
4.551810000000000000e+05
5.597720000000000000e+05
6.918640000000000000e+05
0.000000000000000000e+00
6.633090000000000000e+05
5.556410000000000000e+05
4.165910000000000000e+05
3.946150000000000000e+05
4.033760000000000000e+05
3.931100000000000000e+05
0.000000000000000000e+00
3.413590000000000000e+05
3.578200000000000000e+05
2.374360000000000000e+05
2.243770000000000000e+05
3.050340000000000000e+05
3.797460000000000000e+05
0.000000000000000000e+00
3.197150000000000000e+05
2.533940000000000000e+05
1.924330000000000000e+05
1.421660000000000000e+05
1.699560000000000000e+05
1.933050000000000000e+05
0.000000000000000000e+00
2.041820000000000000e+05
1.750680000000000000e+05
1.355100000000000000e+05
1.119190000000000000e+05
1.234940000000000000e+05
1.125680000000000000e+05
0.000000000000000000e+00
9.424700000000000000e+04
6.674500000000000000e+04
4.995200000000000000e+04
3.997200000000000000e+04
4.793400000000000000e+04
5.646700000000000000e+04
0.000000000000000000e+00
5.346400000000000000e+04
5.873000000000000000e+04
3.801000000000000000e+04
2.533800000000000000e+04
3.381700000000000000e+04
4.616300000000000000e+04
0.000000000000000000e+00
5.486900000000000000e+04
5.107100000000000000e+04
4.477800000000000000e+04
3.786400000000000000e+04
3.876500000000000000e+04
2.513700000000000000e+04
0.000000000000000000e+00
8.439100000000000000e+04
5.630400000000000000e+04
5.045800000000000000e+04
4.439700000000000000e+04
3.590400000000000000e+04
2.251400000000000000e+04
0.000000000000000000e+00
3.962700000000000000e+04
2.320000000000000000e+04
2.202800000000000000e+04
1.531700000000000000e+04
1.259700000000000000e+04
1.216000000000000000e+04
0.000000000000000000e+00
8.756000000000000000e+03
3.839000000000000000e+03
3.838000000000000000e+03
1.822000000000000000e+03
1.419000000000000000e+03
3.976000000000000000e+03
0.000000000000000000e+00
1.450000000000000000e+03
1.302000000000000000e+03
5.390000000000000000e+02
6.230000000000000000e+02
3.930000000000000000e+02
2.820000000000000000e+02
0.000000000000000000e+00
2.750000000000000000e+02
1.670000000000000000e+02
1.230000000000000000e+02
2.400000000000000000e+01
2.300000000000000000e+01
7.800000000000000000e+01
0.000000000000000000e+00
1.900000000000000000e+01
1.400000000000000000e+01
2.000000000000000000e+00
7.000000000000000000e+01
2.500000000000000000e+01
3.300000000000000000e+01
0.000000000000000000e+00
1.800000000000000000e+02
9.000000000000000000e+00
1.640000000000000000e+02
1.510000000000000000e+02
3.400000000000000000e+02
1.830000000000000000e+03
0.000000000000000000e+00
6.700000000000000000e+02
6.890000000000000000e+02
3.310000000000000000e+02
1.120000000000000000e+02
7.000000000000000000e+00
2.300000000000000000e+02
0.000000000000000000e+00
8.000000000000000000e+01
6.700000000000000000e+01
1.100000000000000000e+02
8.000000000000000000e+01
6.800000000000000000e+02
2.900000000000000000e+02
0.000000000000000000e+00
1.800000000000000000e+02
3.000000000000000000e+01
1.000000000000000000e+03
7.000000000000000000e+01
1.000000000000000000e+02
2.000000000000000000e+01
0.000000000000000000e+00
7.000000000000000000e+01
8.400000000000000000e+01
2.150000000000000000e+02
1.900000000000000000e+02
1.700000000000000000e+02
8.000000000000000000e+01
0.000000000000000000e+00
1.870000000000000000e+02
2.600000000000000000e+02
1.300000000000000000e+02
1.190000000000000000e+02
9.000000000000000000e+01
5.070000000000000000e+02
0.000000000000000000e+00
3.980000000000000000e+02
2.900000000000000000e+02
1.500000000000000000e+01
8.800000000000000000e+01
3.230000000000000000e+02
2.460000000000000000e+02
0.000000000000000000e+00
5.040000000000000000e+02
4.520000000000000000e+02
1.500000000000000000e+02
0.000000000000000000e+00
0.000000000000000000e+00
0.000000000000000000e+00
0.000000000000000000e+00
2.000000000000000000e+00
2.700000000000000000e+02
1.000000000000000000e+01
6.000000000000000000e+00
3.200000000000000000e+01
2.690000000000000000e+02
0.000000000000000000e+00
3.230000000000000000e+02
9.400000000000000000e+01
1.200000000000000000e+01
3.000000000000000000e+01
2.240000000000000000e+02
3.400000000000000000e+01
0.000000000000000000e+00
3.000000000000000000e+02
5.500000000000000000e+01
9.100000000000000000e+01
7.000000000000000000e+00
5.000000000000000000e+01
1.280000000000000000e+02
0.000000000000000000e+00
1.430000000000000000e+02
2.570000000000000000e+02
1.490000000000000000e+02
1.500000000000000000e+02
2.800000000000000000e+02
1.700000000000000000e+01
0.000000000000000000e+00
3.470000000000000000e+02
2.830000000000000000e+02
3.810000000000000000e+02
2.380000000000000000e+02
5.220000000000000000e+02
3.220000000000000000e+02
0.000000000000000000e+00
1.252000000000000000e+03
8.700000000000000000e+02
1.169000000000000000e+03
1.114000000000000000e+03
2.420000000000000000e+03
1.384000000000000000e+03
0.000000000000000000e+00
5.467000000000000000e+03
4.046000000000000000e+03
4.159000000000000000e+03
5.722000000000000000e+03
1.041500000000000000e+04
1.421500000000000000e+04
0.000000000000000000e+00
2.607600000000000000e+04
2.658200000000000000e+04
2.862100000000000000e+04
2.812600000000000000e+04
4.944500000000000000e+04
6.007100000000000000e+04
0.000000000000000000e+00
6.773900000000000000e+04
6.290800000000000000e+04
5.063400000000000000e+04
4.860800000000000000e+04
7.724500000000000000e+04
9.663800000000000000e+04
0.000000000000000000e+00
1.159110000000000000e+05
1.074990000000000000e+05
9.471300000000000000e+04
7.868100000000000000e+04
1.299180000000000000e+05
1.919370000000000000e+05
0.000000000000000000e+00
2.241700000000000000e+05
2.045210000000000000e+05
1.737930000000000000e+05
1.595880000000000000e+05
2.156940000000000000e+05
2.382640000000000000e+05
0.000000000000000000e+00
2.411310000000000000e+05
2.001360000000000000e+05
1.685430000000000000e+05
1.296090000000000000e+05
2.169390000000000000e+05
2.809060000000000000e+05
0.000000000000000000e+00
2.548110000000000000e+05
2.222570000000000000e+05
2.071940000000000000e+05
1.811590000000000000e+05
2.996690000000000000e+05
3.189970000000000000e+05
0.000000000000000000e+00
3.604710000000000000e+05
3.201520000000000000e+05
2.965730000000000000e+05
2.702540000000000000e+05
3.745340000000000000e+05
4.054070000000000000e+05
0.000000000000000000e+00
3.815520000000000000e+05
3.726120000000000000e+05
2.669240000000000000e+05
1.700590000000000000e+05
3.282120000000000000e+05
3.765770000000000000e+05
0.000000000000000000e+00
3.759820000000000000e+05
4.932130000000000000e+05
1.520000000000000000e+02
4.125700000000000000e+04
4.475200000000000000e+05
4.411570000000000000e+05
0.000000000000000000e+00
3.843940000000000000e+05
3.100510000000000000e+05
1.978500000000000000e+05
2.022250000000000000e+05
2.895510000000000000e+05
3.120630000000000000e+05
2.850000000000000000e+02
3.977690000000000000e+05
3.632160000000000000e+05
2.628630000000000000e+05
2.176540000000000000e+05
3.163420000000000000e+05
3.625490000000000000e+05
2.324000000000000000e+03
3.290200000000000000e+05
2.736880000000000000e+05
3.070750000000000000e+05
5.396690000000000000e+05
4.097780000000000000e+05
0.000000000000000000e+00
0.000000000000000000e+00
8.378000000000000000e+03
5.210200000000000000e+05
4.708760000000000000e+05
3.018290000000000000e+05
3.391130000000000000e+05
5.017810000000000000e+05
0.000000000000000000e+00
5.426230000000000000e+05
4.662200000000000000e+05
3.808660000000000000e+05
3.507220000000000000e+05
5.053960000000000000e+05
5.175330000000000000e+05
0.000000000000000000e+00
5.135900000000000000e+05
5.177110000000000000e+05
4.173610000000000000e+05
4.118550000000000000e+05
5.864890000000000000e+05
6.351950000000000000e+05
0.000000000000000000e+00
7.687140000000000000e+05
6.972130000000000000e+05
5.814680000000000000e+05
5.018090000000000000e+05
6.587830000000000000e+05
7.348060000000000000e+05
0.000000000000000000e+00
8.318220000000000000e+05
7.298660000000000000e+05
6.084700000000000000e+05
5.653660000000000000e+05
6.176740000000000000e+05
6.882440000000000000e+05
0.000000000000000000e+00
7.310840000000000000e+05
6.290520000000000000e+05
5.436040000000000000e+05
5.688370000000000000e+05
7.140150000000000000e+05
7.446010000000000000e+05
0.000000000000000000e+00
7.466960000000000000e+05
6.223750000000000000e+05
5.433450000000000000e+05
4.733760000000000000e+05
5.557910000000000000e+05
6.983460000000000000e+05
0.000000000000000000e+00
8.604730000000000000e+05
7.209750000000000000e+05
6.013650000000000000e+05
5.515730000000000000e+05
6.714120000000000000e+05
7.422050000000000000e+05
0.000000000000000000e+00
8.627020000000000000e+05
7.736400000000000000e+05
6.589400000000000000e+05
5.965330000000000000e+05
6.401040000000000000e+05
6.634820000000000000e+05
0.000000000000000000e+00
6.214170000000000000e+05
5.758890000000000000e+05
5.512430000000000000e+05
5.404420000000000000e+05
5.871690000000000000e+05
6.207960000000000000e+05
0.000000000000000000e+00
6.348760000000000000e+05
5.272010000000000000e+05
4.681990000000000000e+05
4.265400000000000000e+05
4.982950000000000000e+05
5.749300000000000000e+05
0.000000000000000000e+00
5.529410000000000000e+05
4.331270000000000000e+05
3.393720000000000000e+05
3.568690000000000000e+05
2.999970000000000000e+05
5.762890000000000000e+05
0.000000000000000000e+00
6.101560000000000000e+05
4.998700000000000000e+05
3.658000000000000000e+05
3.382060000000000000e+05
3.408650000000000000e+05
4.083060000000000000e+05
0.000000000000000000e+00
4.458210000000000000e+05
3.879110000000000000e+05
3.299570000000000000e+05
3.469840000000000000e+05
3.211660000000000000e+05
4.185930000000000000e+05
0.000000000000000000e+00
5.447650000000000000e+05
3.631630000000000000e+05
2.542670000000000000e+05
2.168300000000000000e+05
1.390540000000000000e+05
2.183240000000000000e+05
0.000000000000000000e+00
2.235420000000000000e+05
1.715470000000000000e+05
1.529880000000000000e+05
1.383420000000000000e+05
1.404290000000000000e+05
1.491980000000000000e+05
0.000000000000000000e+00
1.098400000000000000e+05
1.201420000000000000e+05
8.467000000000000000e+04
6.147300000000000000e+04
8.522900000000000000e+04
1.058050000000000000e+05
0.000000000000000000e+00
1.241480000000000000e+05
9.201500000000000000e+04
7.562100000000000000e+04
6.805200000000000000e+04
7.471400000000000000e+04
8.445400000000000000e+04
0.000000000000000000e+00
8.989200000000000000e+04
6.720500000000000000e+04
5.580500000000000000e+04
4.500600000000000000e+04
5.686900000000000000e+04
6.151400000000000000e+04
0.000000000000000000e+00
7.252600000000000000e+04
4.082800000000000000e+04
2.448800000000000000e+04
3.350000000000000000e+04
3.020000000000000000e+04
4.547700000000000000e+04
0.000000000000000000e+00
2.969800000000000000e+04
4.448500000000000000e+04
2.158500000000000000e+04
1.656800000000000000e+04
5.021000000000000000e+03
1.226500000000000000e+04
0.000000000000000000e+00
9.596000000000000000e+03
4.983000000000000000e+03
4.054000000000000000e+03
3.589000000000000000e+03
2.399000000000000000e+03
5.464000000000000000e+03
0.000000000000000000e+00
3.045000000000000000e+03
6.550000000000000000e+02
2.560000000000000000e+02
7.290000000000000000e+02
3.870000000000000000e+02
2.350000000000000000e+02
0.000000000000000000e+00
3.650000000000000000e+02
7.920000000000000000e+02
1.010000000000000000e+02
3.100000000000000000e+01
8.600000000000000000e+01
1.500000000000000000e+01
0.000000000000000000e+00
1.500000000000000000e+01
3.000000000000000000e+01
2.300000000000000000e+02
6.300000000000000000e+01
3.800000000000000000e+01
1.430000000000000000e+02
0.000000000000000000e+00
3.300000000000000000e+01
3.000000000000000000e+01
5.000000000000000000e+01
2.600000000000000000e+01
2.800000000000000000e+01
8.400000000000000000e+01
0.000000000000000000e+00
5.460000000000000000e+02
3.500000000000000000e+01
1.000000000000000000e+01
1.900000000000000000e+02
8.600000000000000000e+01
9.290000000000000000e+02
0.000000000000000000e+00
6.380000000000000000e+02
0.000000000000000000e+00
6.700000000000000000e+02
7.500000000000000000e+02
1.550000000000000000e+02
1.000000000000000000e+01
0.000000000000000000e+00
1.630000000000000000e+02
8.000000000000000000e+00
3.000000000000000000e+02
3.000000000000000000e+00
6.300000000000000000e+01
3.000000000000000000e+00
0.000000000000000000e+00
1.210000000000000000e+02
1.510000000000000000e+02
2.300000000000000000e+01
2.550000000000000000e+02
8.000000000000000000e+01
6.000000000000000000e+00
0.000000000000000000e+00
1.000000000000000000e+01
5.000000000000000000e+01
3.000000000000000000e+00
9.000000000000000000e+00
3.000000000000000000e+00
1.600000000000000000e+02
0.000000000000000000e+00
3.130000000000000000e+02
3.000000000000000000e+00
3.000000000000000000e+00
2.100000000000000000e+02
3.000000000000000000e+01
1.910000000000000000e+02
0.000000000000000000e+00
5.000000000000000000e+00
3.100000000000000000e+02
1.700000000000000000e+02
3.000000000000000000e+00
1.500000000000000000e+02
2.000000000000000000e+00
0.000000000000000000e+00
1.700000000000000000e+01
1.200000000000000000e+01
2.690000000000000000e+02
1.100000000000000000e+01
3.050000000000000000e+02
3.000000000000000000e+02
0.000000000000000000e+00
6.000000000000000000e+01
1.700000000000000000e+01
5.000000000000000000e+00
1.000000000000000000e+02
2.100000000000000000e+02
1.590000000000000000e+02
0.000000000000000000e+00
1.000000000000000000e+01
3.500000000000000000e+01
4.100000000000000000e+01
0.000000000000000000e+00
0.000000000000000000e+00
0.000000000000000000e+00
0.000000000000000000e+00
6.000000000000000000e+01
3.500000000000000000e+01
1.900000000000000000e+01
5.600000000000000000e+01
5.700000000000000000e+01
1.500000000000000000e+01
0.000000000000000000e+00
1.680000000000000000e+02
6.800000000000000000e+01
4.800000000000000000e+01
7.900000000000000000e+01
5.800000000000000000e+01
3.080000000000000000e+02
0.000000000000000000e+00
2.030000000000000000e+02
4.800000000000000000e+02
3.000000000000000000e+02
3.790000000000000000e+02
7.260000000000000000e+02
1.018000000000000000e+03
0.000000000000000000e+00
1.312000000000000000e+03
1.660000000000000000e+03
1.110000000000000000e+03
1.324000000000000000e+03
2.241000000000000000e+03
3.766000000000000000e+03
0.000000000000000000e+00
5.044000000000000000e+03
4.471000000000000000e+03
3.585000000000000000e+03
4.233000000000000000e+03
6.524000000000000000e+03
9.967000000000000000e+03
0.000000000000000000e+00
1.206900000000000000e+04
1.027400000000000000e+04
1.025700000000000000e+04
1.071900000000000000e+04
1.831000000000000000e+04
2.120000000000000000e+04
0.000000000000000000e+00
3.388600000000000000e+04
3.080100000000000000e+04
2.895900000000000000e+04
3.156900000000000000e+04
5.370000000000000000e+04
8.909600000000000000e+04
0.000000000000000000e+00
1.011030000000000000e+05
8.751500000000000000e+04
6.774400000000000000e+04
7.203100000000000000e+04
1.077070000000000000e+05
1.477710000000000000e+05
0.000000000000000000e+00
1.463450000000000000e+05
1.313880000000000000e+05
1.136980000000000000e+05
1.175900000000000000e+05
1.695020000000000000e+05
2.091390000000000000e+05
0.000000000000000000e+00
2.530520000000000000e+05
2.245410000000000000e+05
1.706070000000000000e+05
1.918500000000000000e+05
2.396700000000000000e+05
3.461200000000000000e+05
0.000000000000000000e+00
3.863490000000000000e+05
3.382160000000000000e+05
2.820890000000000000e+05
2.501100000000000000e+05
3.388820000000000000e+05
3.888010000000000000e+05
0.000000000000000000e+00
3.968980000000000000e+05
3.140760000000000000e+05
2.897220000000000000e+05
3.579880000000000000e+05
3.897830000000000000e+05
3.714180000000000000e+05
0.000000000000000000e+00
5.322330000000000000e+05
4.240260000000000000e+05
4.649070000000000000e+05
6.872040000000000000e+05
