0.000000000000000000e+00
9.231700000000000000e+04
4.885500000000000000e+05
4.254970000000000000e+05
2.479780000000000000e+05
3.464970000000000000e+05
2.731220000000000000e+05
0.000000000000000000e+00
5.533570000000000000e+05
2.592470000000000000e+05
4.060770000000000000e+05
2.690870000000000000e+05
4.281490000000000000e+05
2.873300000000000000e+05
0.000000000000000000e+00
5.936620000000000000e+05
2.679280000000000000e+05
3.896570000000000000e+05
2.658900000000000000e+05
3.902890000000000000e+05
2.704720000000000000e+05
0.000000000000000000e+00
5.839210000000000000e+05
2.812700000000000000e+05
0.000000000000000000e+00
0.000000000000000000e+00
0.000000000000000000e+00
0.000000000000000000e+00
0.000000000000000000e+00
0.000000000000000000e+00
0.000000000000000000e+00
1.117630000000000000e+06
3.233620000000000000e+05
4.633380000000000000e+05
3.564580000000000000e+05
0.000000000000000000e+00
6.830030000000000000e+05
3.090650000000000000e+05
4.272960000000000000e+05
2.986580000000000000e+05
4.235470000000000000e+05
3.043830000000000000e+05
0.000000000000000000e+00
6.335820000000000000e+05
3.137040000000000000e+05
4.184090000000000000e+05
3.211910000000000000e+05
4.379570000000000000e+05
3.956470000000000000e+05
0.000000000000000000e+00
7.791950000000000000e+05
3.809290000000000000e+05
5.185570000000000000e+05
3.477880000000000000e+05
4.925590000000000000e+05
3.794080000000000000e+05
0.000000000000000000e+00
8.207020000000000000e+05
4.499810000000000000e+05
5.698720000000000000e+05
4.789930000000000000e+05
6.157490000000000000e+05
5.270470000000000000e+05
0.000000000000000000e+00
1.048322000000000000e+06
5.341610000000000000e+05
6.757730000000000000e+05
5.112130000000000000e+05
6.753430000000000000e+05
5.891680000000000000e+05
0.000000000000000000e+00
1.167821000000000000e+06
6.550290000000000000e+05
7.756290000000000000e+05
6.648790000000000000e+05
7.785460000000000000e+05
7.202620000000000000e+05
0.000000000000000000e+00
1.366182000000000000e+06
6.942640000000000000e+05
8.186110000000000000e+05
4.975540000000000000e+05
8.037070000000000000e+05
7.166490000000000000e+05
0.000000000000000000e+00
1.346111000000000000e+06
6.779640000000000000e+05
7.371350000000000000e+05
6.962370000000000000e+05
7.935810000000000000e+05
8.475460000000000000e+05
0.000000000000000000e+00
1.432670000000000000e+06
7.453260000000000000e+05
9.453710000000000000e+05
8.811070000000000000e+05
1.027425000000000000e+06
8.758020000000000000e+05
0.000000000000000000e+00
1.676892000000000000e+06
1.043129000000000000e+06
1.095277000000000000e+06
9.494870000000000000e+05
9.528890000000000000e+05
9.985810000000000000e+05
0.000000000000000000e+00
1.755466000000000000e+06
9.792440000000000000e+05
1.161994000000000000e+06
9.224570000000000000e+05
1.104200000000000000e+06
1.023211000000000000e+06
0.000000000000000000e+00
1.887415000000000000e+06
1.095601000000000000e+06
1.200252000000000000e+06
1.184359000000000000e+06
1.104147000000000000e+06
1.120663000000000000e+06
0.000000000000000000e+00
2.188252000000000000e+06
1.487100000000000000e+06
1.499019000000000000e+06
1.450060000000000000e+06
1.437177000000000000e+06
1.610859000000000000e+06
0.000000000000000000e+00
2.240687000000000000e+06
1.174015000000000000e+06
1.303916000000000000e+06
1.219433000000000000e+06
1.127390000000000000e+06
1.214218000000000000e+06
0.000000000000000000e+00
1.785321000000000000e+06
9.808210000000000000e+05
1.176658000000000000e+06
1.115780000000000000e+06
1.234537000000000000e+06
1.336572000000000000e+06
0.000000000000000000e+00
2.305225000000000000e+06
1.503704000000000000e+06
1.704801000000000000e+06
1.815314000000000000e+06
1.821786000000000000e+06
1.602868000000000000e+06
0.000000000000000000e+00
2.297737000000000000e+06
1.508676000000000000e+06
1.593896000000000000e+06
1.451759000000000000e+06
1.592730000000000000e+06
1.448547000000000000e+06
0.000000000000000000e+00
2.328804000000000000e+06
1.437894000000000000e+06
1.426346000000000000e+06
1.192573000000000000e+06
1.129701000000000000e+06
1.147785000000000000e+06
0.000000000000000000e+00
2.107539000000000000e+06
1.280961000000000000e+06
1.357968000000000000e+06
1.283145000000000000e+06
1.291362000000000000e+06
1.386099000000000000e+06
0.000000000000000000e+00
2.338586000000000000e+06
1.295787000000000000e+06
1.723345000000000000e+06
1.684794000000000000e+06
1.602682000000000000e+06
1.490279000000000000e+06
0.000000000000000000e+00
2.029144000000000000e+06
1.247802000000000000e+06
1.200221000000000000e+06
1.159621000000000000e+06
1.142261000000000000e+06
1.160222000000000000e+06
0.000000000000000000e+00
1.596481000000000000e+06
9.456780000000000000e+05
9.460700000000000000e+05
7.067690000000000000e+05
8.348770000000000000e+05
8.351350000000000000e+05
0.000000000000000000e+00
1.081924000000000000e+06
6.711470000000000000e+05
7.714390000000000000e+05
6.853280000000000000e+05
7.551950000000000000e+05
7.730930000000000000e+05
0.000000000000000000e+00
1.073415000000000000e+06
7.910900000000000000e+05
8.167070000000000000e+05
8.278260000000000000e+05
8.534510000000000000e+05
8.848610000000000000e+05
0.000000000000000000e+00
1.268575000000000000e+06
7.696550000000000000e+05
7.243400000000000000e+05
6.460730000000000000e+05
5.960160000000000000e+05
5.951950000000000000e+05
0.000000000000000000e+00
8.533520000000000000e+05
5.555420000000000000e+05
6.813180000000000000e+05
7.618260000000000000e+05
1.031051000000000000e+06
2.435320000000000000e+05
0.000000000000000000e+00
1.478935000000000000e+06
8.427050000000000000e+05
9.276770000000000000e+05
8.897110000000000000e+05
8.843530000000000000e+05
7.855680000000000000e+05
0.000000000000000000e+00
1.004808000000000000e+06
5.568430000000000000e+05
5.702560000000000000e+05
5.212860000000000000e+05
5.968440000000000000e+05
6.718500000000000000e+05
0.000000000000000000e+00
1.042937000000000000e+06
6.553930000000000000e+05
6.521440000000000000e+05
6.031810000000000000e+05
6.833060000000000000e+05
7.126730000000000000e+05
0.000000000000000000e+00
8.964040000000000000e+05
5.350080000000000000e+05
5.678050000000000000e+05
4.536030000000000000e+05
4.701510000000000000e+05
5.290530000000000000e+05
0.000000000000000000e+00
1.023900000000000000e+06
7.695720000000000000e+05
8.458320000000000000e+05
8.030100000000000000e+05
7.458040000000000000e+05
7.660470000000000000e+05
0.000000000000000000e+00
1.137722000000000000e+06
6.905290000000000000e+05
7.057700000000000000e+05
5.960180000000000000e+05
6.377410000000000000e+05
7.124950000000000000e+05
0.000000000000000000e+00
1.009523000000000000e+06
6.373990000000000000e+05
6.648160000000000000e+05
6.207040000000000000e+05
5.950520000000000000e+05
6.808910000000000000e+05
0.000000000000000000e+00
1.155094000000000000e+06
7.926160000000000000e+05
7.976480000000000000e+05
6.910560000000000000e+05
7.138260000000000000e+05
5.812680000000000000e+05
1.846100000000000000e+04
8.121050000000000000e+05
3.899410000000000000e+05
0.000000000000000000e+00
0.000000000000000000e+00
1.230000000000000000e+03
5.947070000000000000e+05
0.000000000000000000e+00
9.379270000000000000e+05
6.082130000000000000e+05
6.469810000000000000e+05
6.838910000000000000e+05
5.914830000000000000e+05
5.436740000000000000e+05
0.000000000000000000e+00
5.855810000000000000e+05
4.220580000000000000e+05
4.604210000000000000e+05
3.687110000000000000e+05
4.069660000000000000e+05
3.838660000000000000e+05
0.000000000000000000e+00
6.315620000000000000e+05
4.252080000000000000e+05
5.220670000000000000e+05
4.584150000000000000e+05
5.435720000000000000e+05
6.115240000000000000e+05
0.000000000000000000e+00
8.603720000000000000e+05
4.951270000000000000e+05
5.239840000000000000e+05
4.209960000000000000e+05
5.010030000000000000e+05
5.087030000000000000e+05
0.000000000000000000e+00
6.696730000000000000e+05
4.010200000000000000e+05
4.474820000000000000e+05
4.316800000000000000e+05
4.662670000000000000e+05
4.732730000000000000e+05
0.000000000000000000e+00
6.383400000000000000e+05
3.493320000000000000e+05
4.473930000000000000e+05
3.250840000000000000e+05
4.304860000000000000e+05
3.137110000000000000e+05
0.000000000000000000e+00
5.776980000000000000e+05
2.956020000000000000e+05
3.907490000000000000e+05
2.661420000000000000e+05
3.959920000000000000e+05
2.979450000000000000e+05
0.000000000000000000e+00
5.299410000000000000e+05
2.809490000000000000e+05
4.404800000000000000e+05
2.909260000000000000e+05
4.690100000000000000e+05
3.567570000000000000e+05
0.000000000000000000e+00
6.565160000000000000e+05
3.397920000000000000e+05
4.882780000000000000e+05
3.189180000000000000e+05
4.673170000000000000e+05
3.605040000000000000e+05
0.000000000000000000e+00
6.337620000000000000e+05
3.132830000000000000e+05
3.768620000000000000e+05
2.893740000000000000e+05
4.026640000000000000e+05
3.094990000000000000e+05
0.000000000000000000e+00
6.097860000000000000e+05
3.087480000000000000e+05
4.068700000000000000e+05
3.056700000000000000e+05
4.397260000000000000e+05
3.355350000000000000e+05
0.000000000000000000e+00
6.426720000000000000e+05
3.023510000000000000e+05
4.008320000000000000e+05
2.994360000000000000e+05
4.081240000000000000e+05
3.968090000000000000e+05
0.000000000000000000e+00
0.000000000000000000e+00
1.293640000000000000e+05
8.769000000000000000e+05
2.828340000000000000e+05
4.203440000000000000e+05
3.020250000000000000e+05
0.000000000000000000e+00
5.973220000000000000e+05
2.284200000000000000e+05
3.485020000000000000e+05
2.034160000000000000e+05
3.088650000000000000e+05
2.526010000000000000e+05
0.000000000000000000e+00
4.973890000000000000e+05
2.467780000000000000e+05
3.500050000000000000e+05
2.564480000000000000e+05
3.686420000000000000e+05
2.701740000000000000e+05
0.000000000000000000e+00
5.817960000000000000e+05
2.766670000000000000e+05
4.049270000000000000e+05
2.527590000000000000e+05
3.798450000000000000e+05
2.588220000000000000e+05
0.000000000000000000e+00
5.846750000000000000e+05
2.638560000000000000e+05
3.920350000000000000e+05
2.632250000000000000e+05
4.185940000000000000e+05
2.988870000000000000e+05
0.000000000000000000e+00
6.527580000000000000e+05
2.893390000000000000e+05
4.160370000000000000e+05
3.040310000000000000e+05
4.317370000000000000e+05
3.658670000000000000e+05
8.200000000000000000e+01
7.808370000000000000e+05
3.935540000000000000e+05
5.845480000000000000e+05
2.584250000000000000e+05
0.000000000000000000e+00
0.000000000000000000e+00
0.000000000000000000e+00
9.254220000000000000e+05
5.681170000000000000e+05
5.058410000000000000e+05
4.272930000000000000e+05
4.802610000000000000e+05
4.206860000000000000e+05
0.000000000000000000e+00
7.868390000000000000e+05
3.903430000000000000e+05
5.040050000000000000e+05
3.795640000000000000e+05
4.851600000000000000e+05
4.110480000000000000e+05
0.000000000000000000e+00
8.983430000000000000e+05
4.923430000000000000e+05
5.697990000000000000e+05
4.513580000000000000e+05
4.567690000000000000e+05
4.687210000000000000e+05
0.000000000000000000e+00
8.279240000000000000e+05
4.159230000000000000e+05
6.092100000000000000e+05
4.863730000000000000e+05
6.880460000000000000e+05
5.599650000000000000e+05
0.000000000000000000e+00
9.775180000000000000e+05
5.234200000000000000e+05
6.177630000000000000e+05
4.199450000000000000e+05
5.612780000000000000e+05
4.846060000000000000e+05
0.000000000000000000e+00
1.037038000000000000e+06
5.419360000000000000e+05
7.165050000000000000e+05
6.063430000000000000e+05
8.390330000000000000e+05
8.213150000000000000e+05
0.000000000000000000e+00
1.643095000000000000e+06
9.315160000000000000e+05
1.025931000000000000e+06
9.123890000000000000e+05
8.567150000000000000e+05
7.054070000000000000e+05
0.000000000000000000e+00
1.120427000000000000e+06
6.883720000000000000e+05
7.880200000000000000e+05
8.361630000000000000e+05
8.953150000000000000e+05
8.476350000000000000e+05
0.000000000000000000e+00
1.481899000000000000e+06
7.654890000000000000e+05
9.800220000000000000e+05
9.366740000000000000e+05
1.125857000000000000e+06
1.156723000000000000e+06
0.000000000000000000e+00
2.156645000000000000e+06
1.079039000000000000e+06
1.125554000000000000e+06
9.392170000000000000e+05
1.004932000000000000e+06
1.194930000000000000e+06
0.000000000000000000e+00
2.063010000000000000e+06
1.199454000000000000e+06
1.365280000000000000e+06
1.228800000000000000e+06
1.162444000000000000e+06
1.026510000000000000e+06
0.000000000000000000e+00
1.922392000000000000e+06
1.257242000000000000e+06
1.178325000000000000e+06
1.011383000000000000e+06
1.095876000000000000e+06
1.170906000000000000e+06
0.000000000000000000e+00
1.836020000000000000e+06
1.037423000000000000e+06
1.252876000000000000e+06
1.400209000000000000e+06
1.486525000000000000e+06
1.445727000000000000e+06
0.000000000000000000e+00
1.589724000000000000e+06
8.700260000000000000e+05
8.345800000000000000e+05
6.800510000000000000e+05
5.502810000000000000e+05
7.484570000000000000e+05
0.000000000000000000e+00
1.889170000000000000e+06
1.661803000000000000e+06
2.056979000000000000e+06
2.217001000000000000e+06
1.916316000000000000e+06
1.803346000000000000e+06
0.000000000000000000e+00
2.210137000000000000e+06
1.396641000000000000e+06
1.621734000000000000e+06
1.541394000000000000e+06
1.722477000000000000e+06
1.794397000000000000e+06
0.000000000000000000e+00
2.566954000000000000e+06
1.481903000000000000e+06
1.275753000000000000e+06
1.114582000000000000e+06
1.248857000000000000e+06
1.246400000000000000e+06
0.000000000000000000e+00
1.949278000000000000e+06
1.411476000000000000e+06
1.510200000000000000e+06
1.444803000000000000e+06
1.444729000000000000e+06
1.413053000000000000e+06
0.000000000000000000e+00
2.264331000000000000e+06
1.445467000000000000e+06
1.302020000000000000e+06
1.214762000000000000e+06
1.198613000000000000e+06
1.223096000000000000e+06
0.000000000000000000e+00
1.456929000000000000e+06
8.152400000000000000e+05
7.674950000000000000e+05
7.783580000000000000e+05
8.472270000000000000e+05
9.299990000000000000e+05
0.000000000000000000e+00
1.181494000000000000e+06
7.699130000000000000e+05
8.420210000000000000e+05
8.779140000000000000e+05
1.075587000000000000e+06
1.300451000000000000e+06
0.000000000000000000e+00
2.033565000000000000e+06
1.197550000000000000e+06
1.065647000000000000e+06
1.008107000000000000e+06
1.104261000000000000e+06
1.269966000000000000e+06
0.000000000000000000e+00
1.866814000000000000e+06
1.283867000000000000e+06
1.215300000000000000e+06
1.150510000000000000e+06
1.112151000000000000e+06
1.039236000000000000e+06
0.000000000000000000e+00
1.452495000000000000e+06
9.187150000000000000e+05
8.171890000000000000e+05
7.905500000000000000e+05
9.724760000000000000e+05
2.404070000000000000e+05
0.000000000000000000e+00
1.670151000000000000e+06
1.022627000000000000e+06
9.541490000000000000e+05
8.454540000000000000e+05
8.452610000000000000e+05
8.433510000000000000e+05
0.000000000000000000e+00
1.191921000000000000e+06
8.217540000000000000e+05
8.448800000000000000e+05
7.968700000000000000e+05
7.944540000000000000e+05
0.000000000000000000e+00
0.000000000000000000e+00
1.050909000000000000e+06
7.191380000000000000e+05
7.537550000000000000e+05
7.572110000000000000e+05
7.693190000000000000e+05
9.736390000000000000e+05
0.000000000000000000e+00
1.243612000000000000e+06
6.321000000000000000e+05
5.763010000000000000e+05
4.467560000000000000e+05
4.924270000000000000e+05
5.440370000000000000e+05
0.000000000000000000e+00
8.438000000000000000e+05
5.467580000000000000e+05
6.204950000000000000e+05
5.265240000000000000e+05
5.811890000000000000e+05
7.157260000000000000e+05
0.000000000000000000e+00
1.029324000000000000e+06
6.711140000000000000e+05
7.255850000000000000e+05
6.723600000000000000e+05
7.495660000000000000e+05
7.888150000000000000e+05
9.500000000000000000e+02
1.212060000000000000e+06
7.552350000000000000e+05
6.945690000000000000e+05
6.852190000000000000e+05
6.938400000000000000e+05
6.173540000000000000e+05
5.523000000000000000e+03
0.000000000000000000e+00
0.000000000000000000e+00
0.000000000000000000e+00
6.789570000000000000e+05
7.317660000000000000e+05
6.244610000000000000e+05
0.000000000000000000e+00
8.390830000000000000e+05
5.315710000000000000e+05
5.027490000000000000e+05
4.748430000000000000e+05
5.239660000000000000e+05
6.041110000000000000e+05
0.000000000000000000e+00
1.065245000000000000e+06
5.966770000000000000e+05
5.693700000000000000e+05
5.892000000000000000e+05
5.750750000000000000e+05
5.374460000000000000e+05
0.000000000000000000e+00
7.215040000000000000e+05
4.558830000000000000e+05
5.535240000000000000e+05
4.441450000000000000e+05
4.958920000000000000e+05
4.874480000000000000e+05
0.000000000000000000e+00
8.127960000000000000e+05
5.344860000000000000e+05
6.244300000000000000e+05
5.899750000000000000e+05
6.188360000000000000e+05
6.025060000000000000e+05
0.000000000000000000e+00
8.201820000000000000e+05
4.861460000000000000e+05
5.081000000000000000e+05
4.141330000000000000e+05
4.885650000000000000e+05
4.706060000000000000e+05
0.000000000000000000e+00
7.607150000000000000e+05
4.785650000000000000e+05
5.284500000000000000e+05
4.582970000000000000e+05
4.520930000000000000e+05
4.910310000000000000e+05
0.000000000000000000e+00
6.173990000000000000e+05
3.670410000000000000e+05
4.418280000000000000e+05
3.393440000000000000e+05
4.868300000000000000e+05
4.051660000000000000e+05
0.000000000000000000e+00
6.025380000000000000e+05
3.651690000000000000e+05
3.892340000000000000e+05
2.777670000000000000e+05
3.504500000000000000e+05
3.087280000000000000e+05
0.000000000000000000e+00
4.396960000000000000e+05
2.970430000000000000e+05
3.168090000000000000e+05
2.962520000000000000e+05
3.640490000000000000e+05
3.574900000000000000e+05
0.000000000000000000e+00
6.053300000000000000e+05
3.440540000000000000e+05
4.481940000000000000e+05
3.635570000000000000e+05
4.540080000000000000e+05
3.580900000000000000e+05
0.000000000000000000e+00
6.062700000000000000e+05
3.000220000000000000e+05
3.840720000000000000e+05
2.653250000000000000e+05
3.906710000000000000e+05
2.737240000000000000e+05
0.000000000000000000e+00
4.890820000000000000e+05
2.663710000000000000e+05
3.305490000000000000e+05
2.393510000000000000e+05
3.667360000000000000e+05
2.910130000000000000e+05
0.000000000000000000e+00
5.947730000000000000e+05
3.151790000000000000e+05
4.452520000000000000e+05
3.355460000000000000e+05
4.844050000000000000e+05
3.479790000000000000e+05
0.000000000000000000e+00
6.931230000000000000e+05
0.000000000000000000e+00
7.073300000000000000e+04
6.565100000000000000e+05
3.827000000000000000e+05
3.477690000000000000e+05
0.000000000000000000e+00
5.815070000000000000e+05
2.714090000000000000e+05
3.809720000000000000e+05
2.880880000000000000e+05
3.953490000000000000e+05
3.019370000000000000e+05
0.000000000000000000e+00
6.521160000000000000e+05
2.982040000000000000e+05
4.161300000000000000e+05
2.766280000000000000e+05
4.162580000000000000e+05
2.859090000000000000e+05
0.000000000000000000e+00
6.061330000000000000e+05
2.782420000000000000e+05
3.887030000000000000e+05
2.805740000000000000e+05
3.928020000000000000e+05
3.169400000000000000e+05
8.200000000000000000e+02
6.443990000000000000e+05
3.178000000000000000e+05
4.398160000000000000e+05
3.430770000000000000e+05
4.449100000000000000e+05
3.986620000000000000e+05
5.000000000000000000e+00
4.229980000000000000e+05
0.000000000000000000e+00
0.000000000000000000e+00
3.769200000000000000e+04
8.425640000000000000e+05
4.953260000000000000e+05
0.000000000000000000e+00
7.020730000000000000e+05
3.085630000000000000e+05
4.106710000000000000e+05
3.041100000000000000e+05
4.132950000000000000e+05
3.293500000000000000e+05
0.000000000000000000e+00
6.689150000000000000e+05
2.877080000000000000e+05
3.734660000000000000e+05
3.012330000000000000e+05
3.796060000000000000e+05
3.158690000000000000e+05
0.000000000000000000e+00
7.601960000000000000e+05
3.905870000000000000e+05
5.239590000000000000e+05
4.191390000000000000e+05
5.097590000000000000e+05
4.189090000000000000e+05
0.000000000000000000e+00
8.507990000000000000e+05
4.479150000000000000e+05
5.339230000000000000e+05
4.574120000000000000e+05
5.500340000000000000e+05
4.814850000000000000e+05
0.000000000000000000e+00
9.809530000000000000e+05
5.289490000000000000e+05
5.822300000000000000e+05
4.116750000000000000e+05
5.369160000000000000e+05
5.171570000000000000e+05
0.000000000000000000e+00
1.011885000000000000e+06
5.350480000000000000e+05
6.618200000000000000e+05
5.779150000000000000e+05
7.155730000000000000e+05
5.983100000000000000e+05
0.000000000000000000e+00
1.136715000000000000e+06
6.387910000000000000e+05
7.771770000000000000e+05
6.978680000000000000e+05
8.889430000000000000e+05
8.287880000000000000e+05
0.000000000000000000e+00
1.469339000000000000e+06
6.982860000000000000e+05
8.016330000000000000e+05
7.045430000000000000e+05
8.739730000000000000e+05
8.440420000000000000e+05
0.000000000000000000e+00
1.616241000000000000e+06
9.143880000000000000e+05
9.622910000000000000e+05
8.269190000000000000e+05
8.806290000000000000e+05
8.203260000000000000e+05
0.000000000000000000e+00
1.561498000000000000e+06
9.269400000000000000e+05
9.690330000000000000e+05
9.101950000000000000e+05
1.121042000000000000e+06
1.144228000000000000e+06
0.000000000000000000e+00
1.950285000000000000e+06
1.154236000000000000e+06
1.278809000000000000e+06
1.179466000000000000e+06
1.182523000000000000e+06
9.369560000000000000e+05
0.000000000000000000e+00
1.293193000000000000e+06
7.344830000000000000e+05
8.519590000000000000e+05
7.348450000000000000e+05
8.419480000000000000e+05
9.114030000000000000e+05
0.000000000000000000e+00
2.080788000000000000e+06
1.307585000000000000e+06
1.417850000000000000e+06
1.338995000000000000e+06
1.547541000000000000e+06
1.444061000000000000e+06
0.000000000000000000e+00
2.465417000000000000e+06
1.567919000000000000e+06
1.637106000000000000e+06
1.579453000000000000e+06
1.756440000000000000e+06
1.772421000000000000e+06
0.000000000000000000e+00
2.440471000000000000e+06
1.366079000000000000e+06
1.068090000000000000e+06
1.070735000000000000e+06
1.179819000000000000e+06
1.279344000000000000e+06
0.000000000000000000e+00
2.303647000000000000e+06
1.396600000000000000e+06
1.397360000000000000e+06
1.248555000000000000e+06
1.371245000000000000e+06
1.616749000000000000e+06
0.000000000000000000e+00
2.260970000000000000e+06
1.545798000000000000e+06
1.491807000000000000e+06
1.564404000000000000e+06
1.719864000000000000e+06
1.695229000000000000e+06
0.000000000000000000e+00
2.371946000000000000e+06
1.476698000000000000e+06
1.341968000000000000e+06
1.156340000000000000e+06
1.219951000000000000e+06
1.328377000000000000e+06
0.000000000000000000e+00
2.082830000000000000e+06
1.492087000000000000e+06
1.532082000000000000e+06
1.537456000000000000e+06
1.530735000000000000e+06
1.524640000000000000e+06
0.000000000000000000e+00
2.137133000000000000e+06
1.334674000000000000e+06
1.299783000000000000e+06
1.167977000000000000e+06
1.187269000000000000e+06
1.228103000000000000e+06
0.000000000000000000e+00
1.766666000000000000e+06
1.112698000000000000e+06
1.017751000000000000e+06
9.178230000000000000e+05
8.818670000000000000e+05
8.658540000000000000e+05
0.000000000000000000e+00
1.444685000000000000e+06
1.047847000000000000e+06
1.061109000000000000e+06
9.942840000000000000e+05
9.638150000000000000e+05
9.316470000000000000e+05
0.000000000000000000e+00
1.317621000000000000e+06
8.825360000000000000e+05
8.985520000000000000e+05
8.437650000000000000e+05
9.734400000000000000e+05
9.201210000000000000e+05
0.000000000000000000e+00
1.198518000000000000e+06
7.788460000000000000e+05
7.629020000000000000e+05
7.518880000000000000e+05
7.173770000000000000e+05
6.129120000000000000e+05
0.000000000000000000e+00
8.975600000000000000e+05
5.976130000000000000e+05
6.035540000000000000e+05
5.395050000000000000e+05
6.642110000000000000e+05
1.397020000000000000e+05
0.000000000000000000e+00
1.409845000000000000e+06
9.270750000000000000e+05
8.706050000000000000e+05
7.967200000000000000e+05
8.748360000000000000e+05
8.674560000000000000e+05
0.000000000000000000e+00
1.333779000000000000e+06
8.461430000000000000e+05
8.422710000000000000e+05
7.402750000000000000e+05
7.531440000000000000e+05
8.028480000000000000e+05
0.000000000000000000e+00
1.094737000000000000e+06
6.433960000000000000e+05
6.810150000000000000e+05
6.447090000000000000e+05
7.428530000000000000e+05
8.321910000000000000e+05
0.000000000000000000e+00
1.298699000000000000e+06
8.642060000000000000e+05
8.422560000000000000e+05
8.020840000000000000e+05
7.583890000000000000e+05
7.231430000000000000e+05
7.000000000000000000e+02
1.089956000000000000e+06
7.915530000000000000e+05
7.638010000000000000e+05
6.965790000000000000e+05
7.065810000000000000e+05
7.058050000000000000e+05
3.596000000000000000e+03
1.101991000000000000e+06
7.112190000000000000e+05
7.109030000000000000e+05
4.434230000000000000e+05
0.000000000000000000e+00
0.000000000000000000e+00
0.000000000000000000e+00
5.947370000000000000e+05
7.622760000000000000e+05
6.041980000000000000e+05
6.127360000000000000e+05
5.765720000000000000e+05
6.086820000000000000e+05
0.000000000000000000e+00
6.691190000000000000e+05
5.202230000000000000e+05
4.621310000000000000e+05
4.281620000000000000e+05
5.412140000000000000e+05
6.467030000000000000e+05
0.000000000000000000e+00
1.155572000000000000e+06
6.655600000000000000e+05
7.315000000000000000e+05
5.735040000000000000e+05
6.161340000000000000e+05
6.288250000000000000e+05
0.000000000000000000e+00
8.810460000000000000e+05
4.537700000000000000e+05
4.803280000000000000e+05
3.416230000000000000e+05
3.551610000000000000e+05
4.219650000000000000e+05
0.000000000000000000e+00
6.817260000000000000e+05
3.884840000000000000e+05
4.671480000000000000e+05
4.051080000000000000e+05
5.143840000000000000e+05
5.335240000000000000e+05
0.000000000000000000e+00
9.389440000000000000e+05
5.891320000000000000e+05
6.230740000000000000e+05
5.415330000000000000e+05
6.339570000000000000e+05
5.883060000000000000e+05
0.000000000000000000e+00
8.245800000000000000e+05
4.391820000000000000e+05
4.992470000000000000e+05
3.906450000000000000e+05
4.314580000000000000e+05
4.439030000000000000e+05
0.000000000000000000e+00
6.809780000000000000e+05
3.756670000000000000e+05
4.265700000000000000e+05
3.251220000000000000e+05
4.146260000000000000e+05
3.784610000000000000e+05
0.000000000000000000e+00
5.506990000000000000e+05
2.989480000000000000e+05
4.217920000000000000e+05
2.544250000000000000e+05
3.628540000000000000e+05
2.787880000000000000e+05
0.000000000000000000e+00
4.644120000000000000e+05
3.064500000000000000e+05
3.192660000000000000e+05
2.284670000000000000e+05
2.996190000000000000e+05
2.864280000000000000e+05
0.000000000000000000e+00
5.691150000000000000e+05
3.269120000000000000e+05
4.432530000000000000e+05
2.957270000000000000e+05
4.162170000000000000e+05
2.851180000000000000e+05
0.000000000000000000e+00
5.445080000000000000e+05
2.972770000000000000e+05
3.834320000000000000e+05
2.590300000000000000e+05
3.941260000000000000e+05
2.849340000000000000e+05
0.000000000000000000e+00
6.043880000000000000e+05
2.886780000000000000e+05
4.030790000000000000e+05
2.895380000000000000e+05
4.151530000000000000e+05
2.989600000000000000e+05
0.000000000000000000e+00
6.631200000000000000e+05
3.234080000000000000e+05
4.447650000000000000e+05
3.211580000000000000e+05
4.413820000000000000e+05
3.160430000000000000e+05
0.000000000000000000e+00
6.503120000000000000e+05
2.795310000000000000e+05
3.477840000000000000e+05
2.464910000000000000e+05
3.747020000000000000e+05
2.554630000000000000e+05
0.000000000000000000e+00
5.244210000000000000e+05
3.215620000000000000e+05
0.000000000000000000e+00
3.432400000000000000e+04
6.188680000000000000e+05
2.632710000000000000e+05
0.000000000000000000e+00
5.597140000000000000e+05
2.291920000000000000e+05
3.259210000000000000e+05
1.851490000000000000e+05
2.800890000000000000e+05
1.942720000000000000e+05
0.000000000000000000e+00
4.726080000000000000e+05
2.282190000000000000e+05
3.567510000000000000e+05
2.258240000000000000e+05
3.369920000000000000e+05
2.439810000000000000e+05
0.000000000000000000e+00
5.548900000000000000e+05
2.474620000000000000e+05
3.819890000000000000e+05
3.828880000000000000e+05
2.623730000000000000e+05
0.000000000000000000e+00
0.000000000000000000e+00
5.400000000000000000e+03
6.130050000000000000e+05
4.812400000000000000e+05
3.041720000000000000e+05
3.647630000000000000e+05
3.106220000000000000e+05
0.000000000000000000e+00
5.344230000000000000e+05
2.401210000000000000e+05
3.432380000000000000e+05
2.471950000000000000e+05
3.533550000000000000e+05
2.457350000000000000e+05
0.000000000000000000e+00
5.654920000000000000e+05
2.732780000000000000e+05
3.959250000000000000e+05
2.734940000000000000e+05
4.214150000000000000e+05
3.045060000000000000e+05
0.000000000000000000e+00
6.935150000000000000e+05
3.065230000000000000e+05
3.995490000000000000e+05
2.949660000000000000e+05
4.079910000000000000e+05
3.391770000000000000e+05
0.000000000000000000e+00
6.443780000000000000e+05
3.606860000000000000e+05
3.963900000000000000e+05
2.914400000000000000e+05
4.033520000000000000e+05
3.168620000000000000e+05
0.000000000000000000e+00
6.828740000000000000e+05
3.217530000000000000e+05
4.597070000000000000e+05
3.849960000000000000e+05
5.064720000000000000e+05
4.239800000000000000e+05
0.000000000000000000e+00
8.998500000000000000e+05
4.398630000000000000e+05
5.272270000000000000e+05
4.047420000000000000e+05
4.627250000000000000e+05
4.784880000000000000e+05
0.000000000000000000e+00
1.037842000000000000e+06
5.467900000000000000e+05
6.571830000000000000e+05
5.541140000000000000e+05
6.724980000000000000e+05
6.476680000000000000e+05
0.000000000000000000e+00
1.336297000000000000e+06
6.716080000000000000e+05
8.550560000000000000e+05
7.448430000000000000e+05
9.045050000000000000e+05
8.427310000000000000e+05
0.000000000000000000e+00
1.293413000000000000e+06
6.437140000000000000e+05
8.181260000000000000e+05
7.577520000000000000e+05
8.610620000000000000e+05
7.868720000000000000e+05
0.000000000000000000e+00
1.520781000000000000e+06
8.254010000000000000e+05
1.036614000000000000e+06
9.369200000000000000e+05
1.088835000000000000e+06
1.083507000000000000e+06
0.000000000000000000e+00
1.941329000000000000e+06
1.056599000000000000e+06
1.065651000000000000e+06
1.006051000000000000e+06
8.902760000000000000e+05
1.269715000000000000e+06
0.000000000000000000e+00
2.094361000000000000e+06
1.068750000000000000e+06
1.060837000000000000e+06
9.036240000000000000e+05
8.622060000000000000e+05
1.007795000000000000e+06
0.000000000000000000e+00
1.901459000000000000e+06
1.144332000000000000e+06
1.311516000000000000e+06
1.213183000000000000e+06
1.414318000000000000e+06
1.601148000000000000e+06
0.000000000000000000e+00
2.772633000000000000e+06
1.637561000000000000e+06
1.476017000000000000e+06
1.270553000000000000e+06
8.974210000000000000e+05
1.194867000000000000e+06
0.000000000000000000e+00
1.622347000000000000e+06
8.752900000000000000e+05
9.831520000000000000e+05
9.446610000000000000e+05
1.183018000000000000e+06
1.393177000000000000e+06
0.000000000000000000e+00
1.685546000000000000e+06
1.283351000000000000e+06
1.190006000000000000e+06
9.959140000000000000e+05
1.084608000000000000e+06
1.199291000000000000e+06
0.000000000000000000e+00
2.076278000000000000e+06
1.343159000000000000e+06
1.351904000000000000e+06
1.263922000000000000e+06
1.446786000000000000e+06
1.663513000000000000e+06
0.000000000000000000e+00
2.924244000000000000e+06
1.740904000000000000e+06
1.490686000000000000e+06
1.518068000000000000e+06
1.662437000000000000e+06
1.828985000000000000e+06
0.000000000000000000e+00
2.671563000000000000e+06
1.651367000000000000e+06
1.046364000000000000e+06
1.326172000000000000e+06
1.405881000000000000e+06
1.502659000000000000e+06
0.000000000000000000e+00
1.623944000000000000e+06
1.413887000000000000e+06
1.227696000000000000e+06
1.111228000000000000e+06
1.099574000000000000e+06
7.507790000000000000e+05
0.000000000000000000e+00
1.626860000000000000e+06
1.408165000000000000e+06
1.496150000000000000e+06
1.443185000000000000e+06
1.274369000000000000e+06
1.117675000000000000e+06
0.000000000000000000e+00
1.430225000000000000e+06
6.012700000000000000e+05
8.547800000000000000e+05
7.088510000000000000e+05
7.959530000000000000e+05
8.525350000000000000e+05
0.000000000000000000e+00
1.558428000000000000e+06
1.014876000000000000e+06
1.051392000000000000e+06
9.042680000000000000e+05
1.041832000000000000e+06
1.041148000000000000e+06
0.000000000000000000e+00
1.552772000000000000e+06
8.251120000000000000e+05
8.427910000000000000e+05
7.172570000000000000e+05
7.470990000000000000e+05
7.867310000000000000e+05
0.000000000000000000e+00
1.305705000000000000e+06
9.313800000000000000e+05
6.835370000000000000e+05
8.727300000000000000e+05
9.100170000000000000e+05
7.410350000000000000e+05
0.000000000000000000e+00
1.009843000000000000e+06
6.168340000000000000e+05
6.575090000000000000e+05
6.352900000000000000e+05
7.723760000000000000e+05
1.548090000000000000e+05
0.000000000000000000e+00
1.256972000000000000e+06
7.968580000000000000e+05
7.547220000000000000e+05
6.756750000000000000e+05
6.493880000000000000e+05
6.720190000000000000e+05
0.000000000000000000e+00
7.600130000000000000e+05
4.929630000000000000e+05
3.589410000000000000e+05
4.668670000000000000e+05
5.013540000000000000e+05
5.562460000000000000e+05
0.000000000000000000e+00
9.151870000000000000e+05
5.992060000000000000e+05
6.366370000000000000e+05
5.527740000000000000e+05
6.143760000000000000e+05
6.548380000000000000e+05
0.000000000000000000e+00
1.041195000000000000e+06
6.137060000000000000e+05
7.040580000000000000e+05
6.419610000000000000e+05
6.892320000000000000e+05
7.388590000000000000e+05
0.000000000000000000e+00
1.071421000000000000e+06
6.077400000000000000e+05
5.855560000000000000e+05
4.795100000000000000e+05
4.807360000000000000e+05
4.740310000000000000e+05
0.000000000000000000e+00
5.093250000000000000e+05
3.730930000000000000e+05
4.514190000000000000e+05
3.797830000000000000e+05
4.734090000000000000e+05
5.233490000000000000e+05
0.000000000000000000e+00
8.385040000000000000e+05
4.938540000000000000e+05
5.931330000000000000e+05
5.489440000000000000e+05
6.074240000000000000e+05
5.327520000000000000e+05
2.200000000000000000e+02
7.871580000000000000e+05
4.479640000000000000e+05
5.241830000000000000e+05
4.738370000000000000e+05
5.577660000000000000e+05
5.525430000000000000e+05
5.855000000000000000e+03
9.788380000000000000e+05
6.449890000000000000e+05
5.755530000000000000e+05
0.000000000000000000e+00
0.000000000000000000e+00
1.698000000000000000e+03
0.000000000000000000e+00
1.967214000000000000e+06
8.291410000000000000e+05
7.480480000000000000e+05
6.735760000000000000e+05
7.314280000000000000e+05
7.597660000000000000e+05
0.000000000000000000e+00
1.024815000000000000e+06
5.649080000000000000e+05
6.990390000000000000e+05
5.350210000000000000e+05
4.199160000000000000e+05
5.831480000000000000e+05
0.000000000000000000e+00
8.202970000000000000e+05
5.501230000000000000e+05
6.715720000000000000e+05
6.063000000000000000e+05
6.960760000000000000e+05
6.499840000000000000e+05
0.000000000000000000e+00
8.947750000000000000e+05
5.398010000000000000e+05
6.124950000000000000e+05
5.957330000000000000e+05
5.621030000000000000e+05
5.924220000000000000e+05
0.000000000000000000e+00
8.366300000000000000e+05
5.378590000000000000e+05
5.413630000000000000e+05
4.275520000000000000e+05
4.555310000000000000e+05
4.829960000000000000e+05
0.000000000000000000e+00
7.385830000000000000e+05
3.774810000000000000e+05
4.695230000000000000e+05
3.613010000000000000e+05
4.609280000000000000e+05
4.228890000000000000e+05
0.000000000000000000e+00
6.857570000000000000e+05
4.140250000000000000e+05
4.741260000000000000e+05
3.990890000000000000e+05
4.712490000000000000e+05
4.320810000000000000e+05
0.000000000000000000e+00
6.034770000000000000e+05
3.129100000000000000e+05
4.029920000000000000e+05
3.069720000000000000e+05
3.999340000000000000e+05
3.279290000000000000e+05
0.000000000000000000e+00
5.504950000000000000e+05
2.606600000000000000e+05
3.062900000000000000e+05
2.067850000000000000e+05
3.097830000000000000e+05
2.497940000000000000e+05
0.000000000000000000e+00
4.997060000000000000e+05
2.875210000000000000e+05
3.688840000000000000e+05
3.185010000000000000e+05
4.155890000000000000e+05
3.764390000000000000e+05
0.000000000000000000e+00
6.810280000000000000e+05
3.129170000000000000e+05
4.219870000000000000e+05
2.550960000000000000e+05
4.055930000000000000e+05
2.916810000000000000e+05
0.000000000000000000e+00
5.586230000000000000e+05
2.614920000000000000e+05
3.347660000000000000e+05
2.664310000000000000e+05
3.205990000000000000e+05
2.691930000000000000e+05
0.000000000000000000e+00
5.405570000000000000e+05
2.774970000000000000e+05
3.556720000000000000e+05
3.830620000000000000e+05
