0.000000000000000000e+00
1.618770000000000000e+05
5.097680000000000000e+05
5.722280000000000000e+05
5.273210000000000000e+05
6.123750000000000000e+05
3.677780000000000000e+05
0.000000000000000000e+00
7.341670000000000000e+05
6.919310000000000000e+05
7.574540000000000000e+05
6.049650000000000000e+05
6.174880000000000000e+05
3.368580000000000000e+05
0.000000000000000000e+00
6.135950000000000000e+05
5.324630000000000000e+05
6.715750000000000000e+05
6.430640000000000000e+05
7.788660000000000000e+05
2.800040000000000000e+05
0.000000000000000000e+00
5.783200000000000000e+05
3.851840000000000000e+05
0.000000000000000000e+00
0.000000000000000000e+00
0.000000000000000000e+00
0.000000000000000000e+00
0.000000000000000000e+00
0.000000000000000000e+00
0.000000000000000000e+00
4.597540000000000000e+05
4.667660000000000000e+05
4.311210000000000000e+05
2.924840000000000000e+05
0.000000000000000000e+00
6.361650000000000000e+05
5.030660000000000000e+05
6.359650000000000000e+05
5.706340000000000000e+05
5.503930000000000000e+05
2.337200000000000000e+05
0.000000000000000000e+00
5.175850000000000000e+05
4.890740000000000000e+05
5.402160000000000000e+05
4.919500000000000000e+05
5.251740000000000000e+05
2.215080000000000000e+05
0.000000000000000000e+00
5.618010000000000000e+05
4.458500000000000000e+05
5.111520000000000000e+05
4.348990000000000000e+05
5.353380000000000000e+05
2.823360000000000000e+05
0.000000000000000000e+00
6.221960000000000000e+05
4.161260000000000000e+05
5.338520000000000000e+05
4.129360000000000000e+05
5.658180000000000000e+05
2.984600000000000000e+05
0.000000000000000000e+00
6.632240000000000000e+05
5.539710000000000000e+05
5.487250000000000000e+05
4.566790000000000000e+05
5.637090000000000000e+05
2.943180000000000000e+05
0.000000000000000000e+00
6.382190000000000000e+05
4.553650000000000000e+05
5.153840000000000000e+05
4.418460000000000000e+05
4.973730000000000000e+05
2.787250000000000000e+05
0.000000000000000000e+00
6.080640000000000000e+05
4.727840000000000000e+05
5.844350000000000000e+05
3.853350000000000000e+05
5.351220000000000000e+05
3.371500000000000000e+05
0.000000000000000000e+00
5.749060000000000000e+05
4.309170000000000000e+05
5.033400000000000000e+05
3.015340000000000000e+05
4.618580000000000000e+05
2.698200000000000000e+05
0.000000000000000000e+00
5.226600000000000000e+05
3.728550000000000000e+05
4.373030000000000000e+05
3.859940000000000000e+05
4.754580000000000000e+05
3.047540000000000000e+05
0.000000000000000000e+00
5.185650000000000000e+05
4.165820000000000000e+05
4.821500000000000000e+05
3.938400000000000000e+05
4.278150000000000000e+05
2.037310000000000000e+05
0.000000000000000000e+00
4.291060000000000000e+05
3.316940000000000000e+05
4.184700000000000000e+05
3.367230000000000000e+05
3.857490000000000000e+05
1.739320000000000000e+05
0.000000000000000000e+00
3.525300000000000000e+05
2.248880000000000000e+05
3.053800000000000000e+05
3.012780000000000000e+05
4.219340000000000000e+05
2.126760000000000000e+05
0.000000000000000000e+00
4.027770000000000000e+05
2.723260000000000000e+05
2.855030000000000000e+05
2.250780000000000000e+05
2.337490000000000000e+05
1.383140000000000000e+05
0.000000000000000000e+00
3.721770000000000000e+05
2.314670000000000000e+05
2.865620000000000000e+05
2.887300000000000000e+05
3.727510000000000000e+05
1.816520000000000000e+05
0.000000000000000000e+00
3.679110000000000000e+05
2.616800000000000000e+05
3.071130000000000000e+05
3.071140000000000000e+05
3.530810000000000000e+05
1.849100000000000000e+05
0.000000000000000000e+00
3.928780000000000000e+05
2.601030000000000000e+05
3.088320000000000000e+05
2.826510000000000000e+05
3.304960000000000000e+05
1.831200000000000000e+05
0.000000000000000000e+00
3.403820000000000000e+05
2.887150000000000000e+05
3.056900000000000000e+05
2.647880000000000000e+05
3.127260000000000000e+05
1.193560000000000000e+05
0.000000000000000000e+00
3.863330000000000000e+05
2.250490000000000000e+05
2.460930000000000000e+05
2.743210000000000000e+05
2.478970000000000000e+05
1.488600000000000000e+05
0.000000000000000000e+00
3.067020000000000000e+05
2.118490000000000000e+05
3.177250000000000000e+05
2.482630000000000000e+05
2.402990000000000000e+05
1.371380000000000000e+05
0.000000000000000000e+00
3.129550000000000000e+05
1.532860000000000000e+05
2.306100000000000000e+05
2.062400000000000000e+05
1.797190000000000000e+05
9.595200000000000000e+04
0.000000000000000000e+00
2.641890000000000000e+05
1.612120000000000000e+05
2.060430000000000000e+05
1.650940000000000000e+05
1.643090000000000000e+05
1.135500000000000000e+05
0.000000000000000000e+00
3.072190000000000000e+05
1.899600000000000000e+05
1.958190000000000000e+05
1.432530000000000000e+05
1.731500000000000000e+05
8.105700000000000000e+04
0.000000000000000000e+00
2.356780000000000000e+05
1.676220000000000000e+05
1.679270000000000000e+05
1.744860000000000000e+05
1.951970000000000000e+05
1.029080000000000000e+05
0.000000000000000000e+00
2.278070000000000000e+05
1.950050000000000000e+05
1.274750000000000000e+05
1.760960000000000000e+05
1.687690000000000000e+05
7.721500000000000000e+04
0.000000000000000000e+00
1.716620000000000000e+05
1.486940000000000000e+05
1.594600000000000000e+05
1.344500000000000000e+05
1.635100000000000000e+05
1.158300000000000000e+05
0.000000000000000000e+00
2.903810000000000000e+05
2.291810000000000000e+05
2.079710000000000000e+05
2.105230000000000000e+05
1.599990000000000000e+05
7.388400000000000000e+04
0.000000000000000000e+00
3.193170000000000000e+05
2.971240000000000000e+05
2.906510000000000000e+05
2.897520000000000000e+05
2.922170000000000000e+05
2.603040000000000000e+05
0.000000000000000000e+00
4.119600000000000000e+05
2.976850000000000000e+05
3.271030000000000000e+05
3.468060000000000000e+05
3.206820000000000000e+05
3.054530000000000000e+05
0.000000000000000000e+00
5.552810000000000000e+05
4.257300000000000000e+05
3.612430000000000000e+05
3.645250000000000000e+05
4.065260000000000000e+05
3.879200000000000000e+05
0.000000000000000000e+00
7.775740000000000000e+05
5.962470000000000000e+05
6.273820000000000000e+05
6.298810000000000000e+05
7.194210000000000000e+05
5.798770000000000000e+05
0.000000000000000000e+00
8.897140000000000000e+05
7.563310000000000000e+05
6.684970000000000000e+05
6.695610000000000000e+05
6.400990000000000000e+05
4.520830000000000000e+05
0.000000000000000000e+00
7.672540000000000000e+05
6.153040000000000000e+05
6.906850000000000000e+05
5.588440000000000000e+05
6.881290000000000000e+05
5.606660000000000000e+05
0.000000000000000000e+00
9.757010000000000000e+05
7.966780000000000000e+05
8.133910000000000000e+05
7.650150000000000000e+05
7.769730000000000000e+05
5.082290000000000000e+05
0.000000000000000000e+00
8.427520000000000000e+05
7.049220000000000000e+05
5.894690000000000000e+05
4.556600000000000000e+05
3.329780000000000000e+05
1.750810000000000000e+05
1.598000000000000000e+04
1.995810000000000000e+05
4.144000000000000000e+03
0.000000000000000000e+00
0.000000000000000000e+00
0.000000000000000000e+00
7.201600000000000000e+04
0.000000000000000000e+00
6.252770000000000000e+05
4.815750000000000000e+05
5.274570000000000000e+05
5.665410000000000000e+05
5.994310000000000000e+05
4.270320000000000000e+05
0.000000000000000000e+00
6.810180000000000000e+05
5.260250000000000000e+05
5.389000000000000000e+05
5.355690000000000000e+05
5.224750000000000000e+05
3.793310000000000000e+05
0.000000000000000000e+00
6.681600000000000000e+05
5.128130000000000000e+05
5.103390000000000000e+05
4.472070000000000000e+05
4.803040000000000000e+05
4.447050000000000000e+05
0.000000000000000000e+00
5.487910000000000000e+05
4.214300000000000000e+05
6.020960000000000000e+05
4.452360000000000000e+05
4.397830000000000000e+05
3.162690000000000000e+05
0.000000000000000000e+00
5.273520000000000000e+05
4.984600000000000000e+05
4.864370000000000000e+05
4.225810000000000000e+05
4.215250000000000000e+05
2.960250000000000000e+05
0.000000000000000000e+00
4.704430000000000000e+05
2.983510000000000000e+05
3.876490000000000000e+05
3.972160000000000000e+05
3.245850000000000000e+05
2.342230000000000000e+05
0.000000000000000000e+00
4.087070000000000000e+05
3.255060000000000000e+05
3.582260000000000000e+05
2.998220000000000000e+05
3.926080000000000000e+05
2.377870000000000000e+05
0.000000000000000000e+00
4.221880000000000000e+05
3.602090000000000000e+05
5.072490000000000000e+05
3.406040000000000000e+05
4.064900000000000000e+05
2.567370000000000000e+05
0.000000000000000000e+00
5.611060000000000000e+05
4.235140000000000000e+05
4.401560000000000000e+05
4.401010000000000000e+05
4.525370000000000000e+05
2.488470000000000000e+05
0.000000000000000000e+00
5.021140000000000000e+05
4.515430000000000000e+05
3.706810000000000000e+05
4.116940000000000000e+05
5.071700000000000000e+05
2.661150000000000000e+05
0.000000000000000000e+00
5.224780000000000000e+05
4.384430000000000000e+05
4.897170000000000000e+05
4.222140000000000000e+05
5.065290000000000000e+05
2.708890000000000000e+05
0.000000000000000000e+00
5.042610000000000000e+05
3.012400000000000000e+05
4.414530000000000000e+05
4.376840000000000000e+05
4.012790000000000000e+05
1.866900000000000000e+05
0.000000000000000000e+00
0.000000000000000000e+00
2.608900000000000000e+05
6.688200000000000000e+05
5.763390000000000000e+05
5.583100000000000000e+05
3.283460000000000000e+05
0.000000000000000000e+00
6.757080000000000000e+05
4.698550000000000000e+05
5.475950000000000000e+05
4.164400000000000000e+05
3.976160000000000000e+05
2.258990000000000000e+05
0.000000000000000000e+00
5.851190000000000000e+05
4.633360000000000000e+05
5.602200000000000000e+05
5.142830000000000000e+05
6.234030000000000000e+05
3.639840000000000000e+05
0.000000000000000000e+00
7.253040000000000000e+05
4.882860000000000000e+05
4.738020000000000000e+05
3.050880000000000000e+05
2.883980000000000000e+05
1.226670000000000000e+05
0.000000000000000000e+00
4.816120000000000000e+05
3.858660000000000000e+05
5.512430000000000000e+05
6.239700000000000000e+05
6.965840000000000000e+05
4.369950000000000000e+05
0.000000000000000000e+00
8.107020000000000000e+05
5.711370000000000000e+05
5.769730000000000000e+05
6.319490000000000000e+05
6.247720000000000000e+05
4.785560000000000000e+05
0.000000000000000000e+00
5.904260000000000000e+05
2.319350000000000000e+05
1.683350000000000000e+05
1.068000000000000000e+04
0.000000000000000000e+00
0.000000000000000000e+00
0.000000000000000000e+00
1.772270000000000000e+05
3.747740000000000000e+05
3.728810000000000000e+05
4.246340000000000000e+05
3.778010000000000000e+05
2.574060000000000000e+05
0.000000000000000000e+00
4.916150000000000000e+05
3.711650000000000000e+05
3.777660000000000000e+05
2.963290000000000000e+05
4.479350000000000000e+05
2.498250000000000000e+05
0.000000000000000000e+00
4.771070000000000000e+05
3.545090000000000000e+05
4.558830000000000000e+05
3.296890000000000000e+05
4.379160000000000000e+05
2.431120000000000000e+05
0.000000000000000000e+00
5.129660000000000000e+05
3.715040000000000000e+05
4.257310000000000000e+05
3.142920000000000000e+05
3.545480000000000000e+05
2.869290000000000000e+05
0.000000000000000000e+00
4.629650000000000000e+05
3.228290000000000000e+05
4.396920000000000000e+05
2.734780000000000000e+05
4.288400000000000000e+05
2.002780000000000000e+05
0.000000000000000000e+00
4.281880000000000000e+05
3.051540000000000000e+05
4.118660000000000000e+05
3.228970000000000000e+05
3.953590000000000000e+05
1.725270000000000000e+05
0.000000000000000000e+00
4.785140000000000000e+05
3.965650000000000000e+05
3.829730000000000000e+05
2.603630000000000000e+05
3.337750000000000000e+05
1.860120000000000000e+05
0.000000000000000000e+00
3.301100000000000000e+05
2.681140000000000000e+05
3.350940000000000000e+05
2.761050000000000000e+05
3.718870000000000000e+05
1.620760000000000000e+05
0.000000000000000000e+00
3.888290000000000000e+05
2.590790000000000000e+05
3.422140000000000000e+05
2.603740000000000000e+05
2.996170000000000000e+05
1.404560000000000000e+05
0.000000000000000000e+00
2.772670000000000000e+05
2.652620000000000000e+05
2.924660000000000000e+05
2.867020000000000000e+05
2.963620000000000000e+05
9.734100000000000000e+04
0.000000000000000000e+00
2.488480000000000000e+05
3.332330000000000000e+05
2.218110000000000000e+05
2.625930000000000000e+05
3.294420000000000000e+05
1.555850000000000000e+05
0.000000000000000000e+00
2.291350000000000000e+05
2.335380000000000000e+05
2.566840000000000000e+05
2.048820000000000000e+05
2.684830000000000000e+05
9.156800000000000000e+04
0.000000000000000000e+00
2.872670000000000000e+05
2.451690000000000000e+05
2.403300000000000000e+05
2.289040000000000000e+05
2.418470000000000000e+05
1.127440000000000000e+05
0.000000000000000000e+00
2.752240000000000000e+05
1.847620000000000000e+05
2.020490000000000000e+05
2.150070000000000000e+05
2.440820000000000000e+05
1.212090000000000000e+05
0.000000000000000000e+00
2.203400000000000000e+05
2.045080000000000000e+05
2.148460000000000000e+05
1.683670000000000000e+05
2.362550000000000000e+05
6.782900000000000000e+04
0.000000000000000000e+00
3.207140000000000000e+05
1.995290000000000000e+05
2.197670000000000000e+05
1.860330000000000000e+05
1.668340000000000000e+05
5.784200000000000000e+04
0.000000000000000000e+00
2.141720000000000000e+05
1.737460000000000000e+05
1.774560000000000000e+05
1.574510000000000000e+05
2.394340000000000000e+05
9.215800000000000000e+04
0.000000000000000000e+00
2.532340000000000000e+05
1.868640000000000000e+05
1.997980000000000000e+05
1.695910000000000000e+05
2.006670000000000000e+05
9.548000000000000000e+04
0.000000000000000000e+00
1.851190000000000000e+05
1.175870000000000000e+05
1.472590000000000000e+05
1.753720000000000000e+05
1.676660000000000000e+05
8.238600000000000000e+04
0.000000000000000000e+00
1.442860000000000000e+05
2.208730000000000000e+05
1.698990000000000000e+05
1.510400000000000000e+05
1.934310000000000000e+05
6.260100000000000000e+04
0.000000000000000000e+00
2.112380000000000000e+05
1.397670000000000000e+05
1.744160000000000000e+05
1.476860000000000000e+05
1.565800000000000000e+05
9.456900000000000000e+04
0.000000000000000000e+00
2.075080000000000000e+05
1.519270000000000000e+05
1.575440000000000000e+05
1.237960000000000000e+05
1.210940000000000000e+05
4.146400000000000000e+04
0.000000000000000000e+00
1.576770000000000000e+05
1.144320000000000000e+05
1.054530000000000000e+05
1.032850000000000000e+05
1.626220000000000000e+05
8.712400000000000000e+04
0.000000000000000000e+00
2.118700000000000000e+05
1.763080000000000000e+05
2.392730000000000000e+05
1.750810000000000000e+05
1.473900000000000000e+05
2.434500000000000000e+04
0.000000000000000000e+00
2.606340000000000000e+05
2.187460000000000000e+05
2.366150000000000000e+05
2.710980000000000000e+05
3.004060000000000000e+05
1.770730000000000000e+05
0.000000000000000000e+00
4.070220000000000000e+05
3.160610000000000000e+05
2.747340000000000000e+05
3.231340000000000000e+05
3.598530000000000000e+05
0.000000000000000000e+00
0.000000000000000000e+00
4.784460000000000000e+05
4.537490000000000000e+05
4.582300000000000000e+05
4.081720000000000000e+05
1.957910000000000000e+05
2.097410000000000000e+05
0.000000000000000000e+00
4.392200000000000000e+05
2.482150000000000000e+05
2.468700000000000000e+05
2.334860000000000000e+05
4.355280000000000000e+05
3.232990000000000000e+05
0.000000000000000000e+00
5.047850000000000000e+05
4.002280000000000000e+05
5.426620000000000000e+05
4.427730000000000000e+05
4.665340000000000000e+05
4.699970000000000000e+05
0.000000000000000000e+00
7.507470000000000000e+05
6.910660000000000000e+05
6.829070000000000000e+05
6.238420000000000000e+05
6.745250000000000000e+05
4.372060000000000000e+05
2.670000000000000000e+03
7.604950000000000000e+05
6.134950000000000000e+05
5.615140000000000000e+05
4.187270000000000000e+05
2.760880000000000000e+05
5.251800000000000000e+04
4.000000000000000000e+02
0.000000000000000000e+00
0.000000000000000000e+00
0.000000000000000000e+00
2.061550000000000000e+05
3.964480000000000000e+05
3.489940000000000000e+05
0.000000000000000000e+00
6.286240000000000000e+05
5.495070000000000000e+05
5.158820000000000000e+05
5.088430000000000000e+05
4.837430000000000000e+05
2.155280000000000000e+05
0.000000000000000000e+00
6.095670000000000000e+05
4.637600000000000000e+05
3.891390000000000000e+05
4.304210000000000000e+05
4.328460000000000000e+05
3.423910000000000000e+05
0.000000000000000000e+00
6.095780000000000000e+05
4.927550000000000000e+05
5.534050000000000000e+05
4.914070000000000000e+05
4.838460000000000000e+05
4.110540000000000000e+05
0.000000000000000000e+00
5.984010000000000000e+05
4.993690000000000000e+05
4.180220000000000000e+05
4.453360000000000000e+05
3.886450000000000000e+05
2.590260000000000000e+05
0.000000000000000000e+00
4.996970000000000000e+05
3.897570000000000000e+05
3.957800000000000000e+05
4.150110000000000000e+05
3.276170000000000000e+05
2.498850000000000000e+05
0.000000000000000000e+00
4.430170000000000000e+05
3.214560000000000000e+05
3.115120000000000000e+05
2.994660000000000000e+05
2.577480000000000000e+05
2.676970000000000000e+05
0.000000000000000000e+00
4.222590000000000000e+05
3.236400000000000000e+05
3.822520000000000000e+05
3.820130000000000000e+05
3.626980000000000000e+05
1.749550000000000000e+05
0.000000000000000000e+00
3.265340000000000000e+05
3.176370000000000000e+05
3.568870000000000000e+05
2.714610000000000000e+05
2.986140000000000000e+05
1.793870000000000000e+05
0.000000000000000000e+00
4.532590000000000000e+05
3.121610000000000000e+05
3.276250000000000000e+05
3.300980000000000000e+05
3.454630000000000000e+05
1.885950000000000000e+05
0.000000000000000000e+00
3.798150000000000000e+05
3.259960000000000000e+05
3.824750000000000000e+05
3.255160000000000000e+05
3.774720000000000000e+05
1.802200000000000000e+05
0.000000000000000000e+00
4.195900000000000000e+05
2.981030000000000000e+05
4.228100000000000000e+05
3.948040000000000000e+05
4.580920000000000000e+05
2.567730000000000000e+05
0.000000000000000000e+00
5.007430000000000000e+05
4.002460000000000000e+05
4.073580000000000000e+05
3.811670000000000000e+05
4.403600000000000000e+05
1.847550000000000000e+05
0.000000000000000000e+00
4.709030000000000000e+05
2.741140000000000000e+05
3.614090000000000000e+05
3.886580000000000000e+05
3.340940000000000000e+05
1.721400000000000000e+05
0.000000000000000000e+00
1.245490000000000000e+05
0.000000000000000000e+00
5.892500000000000000e+04
4.829370000000000000e+05
4.107020000000000000e+05
2.651680000000000000e+05
0.000000000000000000e+00
6.537240000000000000e+05
3.892390000000000000e+05
5.532050000000000000e+05
4.773400000000000000e+05
5.094090000000000000e+05
2.410820000000000000e+05
0.000000000000000000e+00
5.691280000000000000e+05
3.881530000000000000e+05
5.678350000000000000e+05
4.194070000000000000e+05
4.762230000000000000e+05
2.681950000000000000e+05
0.000000000000000000e+00
5.970570000000000000e+05
4.820050000000000000e+05
4.927330000000000000e+05
4.840290000000000000e+05
4.649090000000000000e+05
2.789400000000000000e+05
2.000000000000000000e+02
6.205230000000000000e+05
4.658380000000000000e+05
4.730260000000000000e+05
3.329840000000000000e+05
3.323990000000000000e+05
1.221500000000000000e+05
6.000000000000000000e+02
8.690000000000000000e+03
0.000000000000000000e+00
0.000000000000000000e+00
3.900000000000000000e+02
3.403570000000000000e+05
2.485190000000000000e+05
0.000000000000000000e+00
6.027520000000000000e+05
3.361560000000000000e+05
4.316180000000000000e+05
3.928720000000000000e+05
4.658070000000000000e+05
2.522370000000000000e+05
0.000000000000000000e+00
5.525710000000000000e+05
3.199070000000000000e+05
3.837760000000000000e+05
4.034110000000000000e+05
3.860020000000000000e+05
1.804660000000000000e+05
0.000000000000000000e+00
4.755710000000000000e+05
3.226680000000000000e+05
3.526890000000000000e+05
2.860840000000000000e+05
3.743630000000000000e+05
1.418520000000000000e+05
0.000000000000000000e+00
5.754280000000000000e+05
3.974360000000000000e+05
4.850740000000000000e+05
4.013590000000000000e+05
4.238770000000000000e+05
1.917010000000000000e+05
0.000000000000000000e+00
5.471400000000000000e+05
3.523380000000000000e+05
4.618240000000000000e+05
3.038780000000000000e+05
4.700150000000000000e+05
2.271500000000000000e+05
0.000000000000000000e+00
5.432270000000000000e+05
3.894060000000000000e+05
4.410230000000000000e+05
3.592420000000000000e+05
4.937260000000000000e+05
1.965240000000000000e+05
0.000000000000000000e+00
6.029480000000000000e+05
3.387800000000000000e+05
4.146130000000000000e+05
3.336950000000000000e+05
3.996790000000000000e+05
1.663320000000000000e+05
0.000000000000000000e+00
4.450730000000000000e+05
3.168770000000000000e+05
4.733810000000000000e+05
3.268540000000000000e+05
3.898280000000000000e+05
1.849460000000000000e+05
0.000000000000000000e+00
4.919930000000000000e+05
3.140010000000000000e+05
3.974920000000000000e+05
3.135550000000000000e+05
4.116850000000000000e+05
1.857830000000000000e+05
0.000000000000000000e+00
4.420100000000000000e+05
2.927610000000000000e+05
3.852940000000000000e+05
3.081690000000000000e+05
3.755950000000000000e+05
1.483090000000000000e+05
0.000000000000000000e+00
4.015420000000000000e+05
2.522930000000000000e+05
2.867870000000000000e+05
2.874060000000000000e+05
3.059670000000000000e+05
1.961230000000000000e+05
0.000000000000000000e+00
3.170460000000000000e+05
2.009590000000000000e+05
3.347840000000000000e+05
2.468340000000000000e+05
3.542040000000000000e+05
1.529120000000000000e+05
0.000000000000000000e+00
3.695170000000000000e+05
2.313600000000000000e+05
3.331390000000000000e+05
2.203220000000000000e+05
3.214410000000000000e+05
2.063040000000000000e+05
0.000000000000000000e+00
3.260480000000000000e+05
2.364310000000000000e+05
2.813290000000000000e+05
2.017970000000000000e+05
3.094640000000000000e+05
9.330300000000000000e+04
0.000000000000000000e+00
3.224310000000000000e+05
1.753350000000000000e+05
3.256670000000000000e+05
1.868520000000000000e+05
2.504910000000000000e+05
1.122580000000000000e+05
0.000000000000000000e+00
3.076190000000000000e+05
1.780400000000000000e+05
3.252160000000000000e+05
1.641530000000000000e+05
2.621050000000000000e+05
1.654200000000000000e+05
0.000000000000000000e+00
3.312510000000000000e+05
1.899140000000000000e+05
3.123800000000000000e+05
1.816590000000000000e+05
2.735260000000000000e+05
8.089200000000000000e+04
0.000000000000000000e+00
3.032740000000000000e+05
2.122530000000000000e+05
2.695900000000000000e+05
1.953920000000000000e+05
3.080330000000000000e+05
8.497500000000000000e+04
0.000000000000000000e+00
3.083010000000000000e+05
2.211250000000000000e+05
2.679510000000000000e+05
1.781070000000000000e+05
2.696820000000000000e+05
1.283220000000000000e+05
0.000000000000000000e+00
3.263610000000000000e+05
2.113280000000000000e+05
2.475330000000000000e+05
1.582660000000000000e+05
2.508660000000000000e+05
9.806400000000000000e+04
0.000000000000000000e+00
3.066630000000000000e+05
2.213300000000000000e+05
2.140130000000000000e+05
1.645550000000000000e+05
2.410130000000000000e+05
1.069720000000000000e+05
0.000000000000000000e+00
2.719400000000000000e+05
1.663730000000000000e+05
2.214200000000000000e+05
1.444690000000000000e+05
2.564340000000000000e+05
1.025200000000000000e+05
0.000000000000000000e+00
2.844980000000000000e+05
1.740740000000000000e+05
2.188070000000000000e+05
2.396280000000000000e+05
2.217980000000000000e+05
9.453800000000000000e+04
0.000000000000000000e+00
3.240730000000000000e+05
2.061650000000000000e+05
2.632990000000000000e+05
2.028490000000000000e+05
2.432920000000000000e+05
8.748400000000000000e+04
0.000000000000000000e+00
2.706900000000000000e+05
1.792920000000000000e+05
2.324430000000000000e+05
1.871890000000000000e+05
2.219370000000000000e+05
5.192800000000000000e+04
0.000000000000000000e+00
4.413150000000000000e+05
2.899030000000000000e+05
3.089100000000000000e+05
2.707270000000000000e+05
3.510720000000000000e+05
2.071440000000000000e+05
0.000000000000000000e+00
4.506320000000000000e+05
3.512720000000000000e+05
3.634620000000000000e+05
3.120190000000000000e+05
3.652790000000000000e+05
2.837520000000000000e+05
0.000000000000000000e+00
6.827050000000000000e+05
5.370660000000000000e+05
5.800730000000000000e+05
6.000160000000000000e+05
6.228580000000000000e+05
3.985920000000000000e+05
0.000000000000000000e+00
9.489370000000000000e+05
7.292230000000000000e+05
6.988180000000000000e+05
6.819400000000000000e+05
6.597560000000000000e+05
4.617900000000000000e+05
2.500000000000000000e+03
8.820180000000000000e+05
8.060110000000000000e+05
8.233300000000000000e+05
7.457800000000000000e+05
7.472340000000000000e+05
4.205810000000000000e+05
2.136000000000000000e+04
5.477750000000000000e+05
3.840790000000000000e+05
1.252130000000000000e+05
2.415500000000000000e+04
0.000000000000000000e+00
0.000000000000000000e+00
0.000000000000000000e+00
3.715570000000000000e+05
6.493050000000000000e+05
6.072770000000000000e+05
6.579920000000000000e+05
7.298370000000000000e+05
5.683190000000000000e+05
0.000000000000000000e+00
7.119660000000000000e+05
8.596860000000000000e+05
7.466740000000000000e+05
7.100620000000000000e+05
6.571340000000000000e+05
5.852340000000000000e+05
0.000000000000000000e+00
9.288750000000000000e+05
7.829030000000000000e+05
7.399170000000000000e+05
5.043970000000000000e+05
7.830380000000000000e+05
5.587440000000000000e+05
0.000000000000000000e+00
8.583830000000000000e+05
6.408890000000000000e+05
7.039420000000000000e+05
6.046560000000000000e+05
6.003410000000000000e+05
4.681850000000000000e+05
0.000000000000000000e+00
8.912650000000000000e+05
6.843760000000000000e+05
7.083150000000000000e+05
6.984040000000000000e+05
7.794860000000000000e+05
5.669150000000000000e+05
0.000000000000000000e+00
1.020057000000000000e+06
7.400850000000000000e+05
7.465780000000000000e+05
6.043780000000000000e+05
6.674300000000000000e+05
4.629350000000000000e+05
0.000000000000000000e+00
7.051910000000000000e+05
5.354700000000000000e+05
5.734650000000000000e+05
4.325790000000000000e+05
5.388030000000000000e+05
4.246510000000000000e+05
0.000000000000000000e+00
7.197950000000000000e+05
5.970330000000000000e+05
6.321600000000000000e+05
4.935300000000000000e+05
5.588360000000000000e+05
3.774600000000000000e+05
0.000000000000000000e+00
5.838850000000000000e+05
5.156690000000000000e+05
5.012240000000000000e+05
4.327490000000000000e+05
4.706040000000000000e+05
3.005230000000000000e+05
0.000000000000000000e+00
5.134280000000000000e+05
4.421630000000000000e+05
4.894660000000000000e+05
3.931960000000000000e+05
4.385660000000000000e+05
2.862070000000000000e+05
0.000000000000000000e+00
4.785890000000000000e+05
4.354480000000000000e+05
5.221500000000000000e+05
3.933760000000000000e+05
5.283810000000000000e+05
2.864500000000000000e+05
0.000000000000000000e+00
6.045500000000000000e+05
5.520820000000000000e+05
6.100530000000000000e+05
5.995440000000000000e+05
6.752030000000000000e+05
2.835020000000000000e+05
0.000000000000000000e+00
6.898360000000000000e+05
6.188200000000000000e+05
7.123400000000000000e+05
6.036070000000000000e+05
6.197740000000000000e+05
3.693830000000000000e+05
0.000000000000000000e+00
8.565450000000000000e+05
6.669590000000000000e+05
6.512100000000000000e+05
5.672050000000000000e+05
6.654510000000000000e+05
3.780000000000000000e+05
0.000000000000000000e+00
7.367560000000000000e+05
5.122060000000000000e+05
5.627770000000000000e+05
3.903640000000000000e+05
6.126870000000000000e+05
3.243010000000000000e+05
0.000000000000000000e+00
5.705280000000000000e+05
2.622110000000000000e+05
0.000000000000000000e+00
1.045400000000000000e+05
8.386960000000000000e+05
4.701660000000000000e+05
0.000000000000000000e+00
9.013810000000000000e+05
7.452200000000000000e+05
7.682610000000000000e+05
7.333620000000000000e+05
8.931320000000000000e+05
4.853450000000000000e+05
0.000000000000000000e+00
1.123958000000000000e+06
8.652990000000000000e+05
8.544670000000000000e+05
8.026500000000000000e+05
7.644630000000000000e+05
4.840520000000000000e+05
6.100000000000000000e+03
8.830180000000000000e+05
5.343580000000000000e+05
3.976800000000000000e+05
2.548230000000000000e+05
9.340000000000000000e+03
0.000000000000000000e+00
0.000000000000000000e+00
0.000000000000000000e+00
3.106460000000000000e+05
6.067740000000000000e+05
5.628190000000000000e+05
6.375410000000000000e+05
3.203230000000000000e+05
0.000000000000000000e+00
7.209000000000000000e+05
6.103040000000000000e+05
6.182240000000000000e+05
5.009270000000000000e+05
6.925220000000000000e+05
3.709370000000000000e+05
0.000000000000000000e+00
8.805640000000000000e+05
6.625880000000000000e+05
7.355170000000000000e+05
5.855820000000000000e+05
7.628630000000000000e+05
4.344550000000000000e+05
0.000000000000000000e+00
8.334550000000000000e+05
5.837830000000000000e+05
7.123250000000000000e+05
6.234190000000000000e+05
6.310380000000000000e+05
4.473820000000000000e+05
0.000000000000000000e+00
8.703690000000000000e+05
6.768390000000000000e+05
7.878490000000000000e+05
6.736970000000000000e+05
8.131710000000000000e+05
4.959730000000000000e+05
0.000000000000000000e+00
9.784560000000000000e+05
7.606880000000000000e+05
9.353860000000000000e+05
5.773050000000000000e+05
7.297310000000000000e+05
3.568200000000000000e+05
0.000000000000000000e+00
7.514000000000000000e+05
4.559260000000000000e+05
6.700200000000000000e+05
5.274790000000000000e+05
6.722480000000000000e+05
3.817380000000000000e+05
0.000000000000000000e+00
7.570920000000000000e+05
5.639770000000000000e+05
6.124920000000000000e+05
4.775000000000000000e+05
6.057300000000000000e+05
3.309950000000000000e+05
0.000000000000000000e+00
6.978760000000000000e+05
4.496500000000000000e+05
5.665420000000000000e+05
4.259390000000000000e+05
5.234550000000000000e+05
2.730990000000000000e+05
0.000000000000000000e+00
6.573620000000000000e+05
4.411060000000000000e+05
6.104630000000000000e+05
4.032250000000000000e+05
5.336610000000000000e+05
2.686360000000000000e+05
0.000000000000000000e+00
5.833040000000000000e+05
4.527830000000000000e+05
4.846310000000000000e+05
3.501310000000000000e+05
4.887270000000000000e+05
2.401460000000000000e+05
0.000000000000000000e+00
5.798430000000000000e+05
3.704650000000000000e+05
4.437290000000000000e+05
2.989740000000000000e+05
3.689500000000000000e+05
2.346360000000000000e+05
0.000000000000000000e+00
5.234770000000000000e+05
3.829850000000000000e+05
4.004300000000000000e+05
3.016840000000000000e+05
3.626260000000000000e+05
1.915630000000000000e+05
0.000000000000000000e+00
3.718200000000000000e+05
2.559070000000000000e+05
3.279710000000000000e+05
2.438850000000000000e+05
2.953660000000000000e+05
1.496000000000000000e+05
0.000000000000000000e+00
3.294440000000000000e+05
2.311030000000000000e+05
2.925790000000000000e+05
1.822630000000000000e+05
1.868460000000000000e+05
1.110670000000000000e+05
0.000000000000000000e+00
3.486010000000000000e+05
2.456660000000000000e+05
2.674360000000000000e+05
1.644160000000000000e+05
2.506830000000000000e+05
1.333240000000000000e+05
0.000000000000000000e+00
2.502060000000000000e+05
2.011810000000000000e+05
2.462110000000000000e+05
1.895290000000000000e+05
3.080200000000000000e+05
1.339790000000000000e+05
0.000000000000000000e+00
3.237930000000000000e+05
2.159940000000000000e+05
2.529550000000000000e+05
2.175930000000000000e+05
2.255560000000000000e+05
1.347830000000000000e+05
0.000000000000000000e+00
2.421470000000000000e+05
2.161230000000000000e+05
1.950610000000000000e+05
2.271400000000000000e+05
2.336590000000000000e+05
1.284570000000000000e+05
0.000000000000000000e+00
2.472890000000000000e+05
1.983600000000000000e+05
1.430600000000000000e+05
1.602620000000000000e+05
1.890830000000000000e+05
1.158470000000000000e+05
0.000000000000000000e+00
1.782400000000000000e+05
1.539470000000000000e+05
2.283310000000000000e+05
1.192770000000000000e+05
1.876970000000000000e+05
7.842600000000000000e+04
0.000000000000000000e+00
1.685780000000000000e+05
1.729890000000000000e+05
1.434670000000000000e+05
1.402960000000000000e+05
1.898360000000000000e+05
8.452000000000000000e+04
0.000000000000000000e+00
1.900960000000000000e+05
1.013160000000000000e+05
1.828830000000000000e+05
1.233400000000000000e+05
1.814960000000000000e+05
6.209800000000000000e+04
0.000000000000000000e+00
2.107030000000000000e+05
1.424060000000000000e+05
1.529480000000000000e+05
1.209340000000000000e+05
1.541720000000000000e+05
8.729200000000000000e+04
0.000000000000000000e+00
1.754570000000000000e+05
1.152780000000000000e+05
1.725250000000000000e+05
1.191380000000000000e+05
1.604390000000000000e+05
4.854000000000000000e+04
0.000000000000000000e+00
1.675340000000000000e+05
1.311020000000000000e+05
9.764900000000000000e+04
1.221080000000000000e+05
1.166110000000000000e+05
7.061700000000000000e+04
0.000000000000000000e+00
1.524590000000000000e+05
1.444150000000000000e+05
1.587080000000000000e+05
1.176220000000000000e+05
1.011250000000000000e+05
2.212000000000000000e+04
0.000000000000000000e+00
2.285790000000000000e+05
1.941000000000000000e+05
2.378510000000000000e+05
2.133980000000000000e+05
2.738640000000000000e+05
1.160940000000000000e+05
0.000000000000000000e+00
2.575060000000000000e+05
1.650310000000000000e+05
1.619120000000000000e+05
2.173540000000000000e+05
3.064400000000000000e+05
3.270060000000000000e+05
0.000000000000000000e+00
5.884190000000000000e+05
4.632910000000000000e+05
4.903700000000000000e+05
4.819620000000000000e+05
5.136640000000000000e+05
3.839060000000000000e+05
0.000000000000000000e+00
6.101620000000000000e+05
4.816510000000000000e+05
5.054970000000000000e+05
4.529600000000000000e+05
5.179110000000000000e+05
4.290670000000000000e+05
0.000000000000000000e+00
7.490880000000000000e+05
6.141680000000000000e+05
6.338280000000000000e+05
5.230380000000000000e+05
5.734350000000000000e+05
4.191570000000000000e+05
0.000000000000000000e+00
6.071850000000000000e+05
6.762290000000000000e+05
6.587460000000000000e+05
5.617810000000000000e+05
5.560520000000000000e+05
5.147740000000000000e+05
0.000000000000000000e+00
8.779760000000000000e+05
7.248470000000000000e+05
7.226360000000000000e+05
8.168130000000000000e+05
8.599090000000000000e+05
6.131380000000000000e+05
2.850000000000000000e+03
1.126082000000000000e+06
9.148300000000000000e+05
9.038340000000000000e+05
7.777420000000000000e+05
6.020060000000000000e+05
3.934560000000000000e+05
1.123000000000000000e+04
4.867730000000000000e+05
2.436080000000000000e+05
7.185000000000000000e+03
0.000000000000000000e+00
0.000000000000000000e+00
0.000000000000000000e+00
0.000000000000000000e+00
7.888000000000000000e+05
6.569090000000000000e+05
5.752730000000000000e+05
6.636170000000000000e+05
7.061780000000000000e+05
4.719030000000000000e+05
0.000000000000000000e+00
8.278970000000000000e+05
4.728860000000000000e+05
6.688690000000000000e+05
5.637680000000000000e+05
3.971440000000000000e+05
3.675730000000000000e+05
0.000000000000000000e+00
7.069820000000000000e+05
5.051490000000000000e+05
4.691950000000000000e+05
5.674880000000000000e+05
5.576520000000000000e+05
4.275730000000000000e+05
0.000000000000000000e+00
7.534120000000000000e+05
4.918730000000000000e+05
4.872580000000000000e+05
4.870960000000000000e+05
3.703280000000000000e+05
3.344290000000000000e+05
0.000000000000000000e+00
6.581490000000000000e+05
5.668200000000000000e+05
4.599800000000000000e+05
3.943180000000000000e+05
5.107010000000000000e+05
3.407540000000000000e+05
0.000000000000000000e+00
6.326780000000000000e+05
4.089090000000000000e+05
4.347820000000000000e+05
3.926500000000000000e+05
4.224840000000000000e+05
2.914250000000000000e+05
0.000000000000000000e+00
5.126980000000000000e+05
3.632690000000000000e+05
3.987630000000000000e+05
4.326680000000000000e+05
4.017860000000000000e+05
3.098990000000000000e+05
0.000000000000000000e+00
5.191460000000000000e+05
3.932410000000000000e+05
4.471150000000000000e+05
3.664900000000000000e+05
4.565720000000000000e+05
2.154260000000000000e+05
0.000000000000000000e+00
5.331130000000000000e+05
4.525700000000000000e+05
4.875290000000000000e+05
4.929330000000000000e+05
5.436390000000000000e+05
2.744150000000000000e+05
0.000000000000000000e+00
6.749670000000000000e+05
5.102870000000000000e+05
5.095770000000000000e+05
5.225920000000000000e+05
5.706660000000000000e+05
3.344950000000000000e+05
0.000000000000000000e+00
7.616620000000000000e+05
5.170480000000000000e+05
6.135870000000000000e+05
4.606390000000000000e+05
5.663940000000000000e+05
2.723640000000000000e+05
0.000000000000000000e+00
8.087080000000000000e+05
5.775420000000000000e+05
6.744060000000000000e+05
6.001630000000000000e+05
5.550780000000000000e+05
3.157770000000000000e+05
0.000000000000000000e+00
7.948600000000000000e+05
5.152880000000000000e+05
5.270570000000000000e+05
2.328740000000000000e+05
