0.000000000000000000e+00
1.308200000000000000e+05
7.144280000000000000e+05
6.897500000000000000e+05
4.690460000000000000e+05
5.911200000000000000e+05
4.383950000000000000e+05
0.000000000000000000e+00
7.422870000000000000e+05
5.343680000000000000e+05
6.045970000000000000e+05
4.132310000000000000e+05
5.627470000000000000e+05
3.784340000000000000e+05
0.000000000000000000e+00
7.114740000000000000e+05
5.566890000000000000e+05
5.785110000000000000e+05
4.605490000000000000e+05
6.035360000000000000e+05
4.547370000000000000e+05
3.840000000000000000e+02
7.866980000000000000e+05
5.720800000000000000e+05
0.000000000000000000e+00
0.000000000000000000e+00
0.000000000000000000e+00
0.000000000000000000e+00
0.000000000000000000e+00
0.000000000000000000e+00
0.000000000000000000e+00
1.052857000000000000e+06
5.514190000000000000e+05
5.749580000000000000e+05
4.710500000000000000e+05
0.000000000000000000e+00
7.815960000000000000e+05
5.634610000000000000e+05
6.431910000000000000e+05
4.884640000000000000e+05
5.854120000000000000e+05
3.669800000000000000e+05
0.000000000000000000e+00
6.460290000000000000e+05
5.263710000000000000e+05
6.004130000000000000e+05
5.286020000000000000e+05
6.033630000000000000e+05
4.800100000000000000e+05
0.000000000000000000e+00
8.148130000000000000e+05
5.475770000000000000e+05
6.447830000000000000e+05
4.291930000000000000e+05
5.838130000000000000e+05
4.162310000000000000e+05
0.000000000000000000e+00
7.320610000000000000e+05
5.565840000000000000e+05
6.025210000000000000e+05
5.637080000000000000e+05
7.041540000000000000e+05
5.243880000000000000e+05
0.000000000000000000e+00
9.053060000000000000e+05
6.424900000000000000e+05
6.513990000000000000e+05
5.057190000000000000e+05
6.477640000000000000e+05
4.754640000000000000e+05
0.000000000000000000e+00
9.293510000000000000e+05
6.618550000000000000e+05
7.391970000000000000e+05
5.865870000000000000e+05
7.312840000000000000e+05
5.425310000000000000e+05
0.000000000000000000e+00
9.982370000000000000e+05
6.938900000000000000e+05
6.962830000000000000e+05
4.300280000000000000e+05
6.791930000000000000e+05
5.474170000000000000e+05
0.000000000000000000e+00
9.283910000000000000e+05
5.919070000000000000e+05
6.147520000000000000e+05
5.218340000000000000e+05
7.396180000000000000e+05
5.523870000000000000e+05
0.000000000000000000e+00
1.005333000000000000e+06
7.053380000000000000e+05
7.368290000000000000e+05
5.703130000000000000e+05
7.509120000000000000e+05
5.956660000000000000e+05
0.000000000000000000e+00
9.825320000000000000e+05
6.611930000000000000e+05
7.407950000000000000e+05
6.031760000000000000e+05
7.230690000000000000e+05
6.400360000000000000e+05
0.000000000000000000e+00
1.208597000000000000e+06
7.819860000000000000e+05
8.547530000000000000e+05
5.527550000000000000e+05
6.848610000000000000e+05
5.750450000000000000e+05
0.000000000000000000e+00
1.013866000000000000e+06
7.446850000000000000e+05
8.568970000000000000e+05
7.051660000000000000e+05
8.307120000000000000e+05
6.349800000000000000e+05
0.000000000000000000e+00
1.128527000000000000e+06
8.402650000000000000e+05
7.328530000000000000e+05
6.679300000000000000e+05
7.497640000000000000e+05
7.057040000000000000e+05
0.000000000000000000e+00
1.046099000000000000e+06
6.732730000000000000e+05
7.089990000000000000e+05
6.175540000000000000e+05
6.532880000000000000e+05
5.992520000000000000e+05
0.000000000000000000e+00
8.905500000000000000e+05
6.302820000000000000e+05
7.150210000000000000e+05
6.265730000000000000e+05
7.364020000000000000e+05
6.384080000000000000e+05
0.000000000000000000e+00
1.102476000000000000e+06
7.285720000000000000e+05
7.860030000000000000e+05
6.658600000000000000e+05
7.345960000000000000e+05
6.434880000000000000e+05
0.000000000000000000e+00
1.142010000000000000e+06
8.936460000000000000e+05
8.707250000000000000e+05
7.228220000000000000e+05
8.180010000000000000e+05
6.764100000000000000e+05
0.000000000000000000e+00
1.047812000000000000e+06
7.255640000000000000e+05
7.065220000000000000e+05
6.055030000000000000e+05
6.186000000000000000e+05
6.372450000000000000e+05
0.000000000000000000e+00
1.133557000000000000e+06
7.706570000000000000e+05
7.519390000000000000e+05
6.875880000000000000e+05
7.005120000000000000e+05
7.147200000000000000e+05
0.000000000000000000e+00
1.177481000000000000e+06
6.701890000000000000e+05
8.094420000000000000e+05
7.624150000000000000e+05
7.580730000000000000e+05
7.211630000000000000e+05
0.000000000000000000e+00
1.141121000000000000e+06
6.945270000000000000e+05
6.990890000000000000e+05
6.538230000000000000e+05
7.794470000000000000e+05
6.839680000000000000e+05
0.000000000000000000e+00
1.040411000000000000e+06
6.430560000000000000e+05
6.625730000000000000e+05
5.062180000000000000e+05
6.603920000000000000e+05
5.770800000000000000e+05
0.000000000000000000e+00
7.758210000000000000e+05
5.369930000000000000e+05
5.763810000000000000e+05
5.211610000000000000e+05
5.946920000000000000e+05
5.468950000000000000e+05
0.000000000000000000e+00
7.619770000000000000e+05
5.781410000000000000e+05
6.171460000000000000e+05
6.156310000000000000e+05
7.167910000000000000e+05
6.851670000000000000e+05
0.000000000000000000e+00
9.996000000000000000e+05
5.977030000000000000e+05
5.514530000000000000e+05
5.342650000000000000e+05
5.679840000000000000e+05
4.516200000000000000e+05
0.000000000000000000e+00
6.850210000000000000e+05
4.434380000000000000e+05
4.567010000000000000e+05
5.053790000000000000e+05
6.568380000000000000e+05
1.484090000000000000e+05
0.000000000000000000e+00
9.904440000000000000e+05
6.687630000000000000e+05
6.765970000000000000e+05
6.684620000000000000e+05
6.819200000000000000e+05
5.478870000000000000e+05
0.000000000000000000e+00
9.167580000000000000e+05
5.932420000000000000e+05
5.320780000000000000e+05
5.414670000000000000e+05
6.181280000000000000e+05
6.035510000000000000e+05
0.000000000000000000e+00
8.411530000000000000e+05
6.105720000000000000e+05
5.944420000000000000e+05
5.210750000000000000e+05
5.647110000000000000e+05
4.692770000000000000e+05
0.000000000000000000e+00
6.411960000000000000e+05
4.287960000000000000e+05
4.599310000000000000e+05
3.998430000000000000e+05
4.597410000000000000e+05
4.127860000000000000e+05
0.000000000000000000e+00
7.352990000000000000e+05
6.175710000000000000e+05
6.581740000000000000e+05
6.403490000000000000e+05
6.914070000000000000e+05
7.135770000000000000e+05
0.000000000000000000e+00
1.159052000000000000e+06
7.958870000000000000e+05
8.092810000000000000e+05
6.675140000000000000e+05
7.441680000000000000e+05
6.787880000000000000e+05
0.000000000000000000e+00
9.146080000000000000e+05
6.561980000000000000e+05
6.540630000000000000e+05
6.412130000000000000e+05
6.051770000000000000e+05
6.309860000000000000e+05
1.600000000000000000e+02
1.030656000000000000e+06
7.715170000000000000e+05
7.997710000000000000e+05
7.151650000000000000e+05
7.655650000000000000e+05
6.436900000000000000e+05
2.953200000000000000e+04
1.028070000000000000e+06
3.920990000000000000e+05
0.000000000000000000e+00
0.000000000000000000e+00
3.520000000000000000e+02
5.806410000000000000e+05
0.000000000000000000e+00
1.077620000000000000e+06
7.232670000000000000e+05
7.260050000000000000e+05
6.741370000000000000e+05
6.572170000000000000e+05
5.578330000000000000e+05
0.000000000000000000e+00
7.358500000000000000e+05
5.536660000000000000e+05
5.869790000000000000e+05
5.748240000000000000e+05
6.294050000000000000e+05
5.267890000000000000e+05
0.000000000000000000e+00
9.449170000000000000e+05
6.760290000000000000e+05
6.758460000000000000e+05
5.579430000000000000e+05
6.796620000000000000e+05
5.803810000000000000e+05
0.000000000000000000e+00
9.781800000000000000e+05
6.715600000000000000e+05
6.972310000000000000e+05
5.853930000000000000e+05
7.084490000000000000e+05
6.319260000000000000e+05
0.000000000000000000e+00
9.800850000000000000e+05
6.097080000000000000e+05
7.002730000000000000e+05
6.197430000000000000e+05
7.860730000000000000e+05
5.861480000000000000e+05
0.000000000000000000e+00
9.710620000000000000e+05
6.600750000000000000e+05
7.213590000000000000e+05
5.340450000000000000e+05
6.323350000000000000e+05
5.160440000000000000e+05
0.000000000000000000e+00
8.553420000000000000e+05
5.315060000000000000e+05
6.592050000000000000e+05
4.591950000000000000e+05
6.444580000000000000e+05
4.465090000000000000e+05
0.000000000000000000e+00
7.786200000000000000e+05
5.473810000000000000e+05
6.391360000000000000e+05
4.539870000000000000e+05
6.366210000000000000e+05
4.330200000000000000e+05
0.000000000000000000e+00
7.965890000000000000e+05
4.916900000000000000e+05
6.125850000000000000e+05
4.751000000000000000e+05
5.801840000000000000e+05
4.134990000000000000e+05
0.000000000000000000e+00
6.767270000000000000e+05
4.560770000000000000e+05
5.124780000000000000e+05
3.780760000000000000e+05
5.517970000000000000e+05
3.960080000000000000e+05
0.000000000000000000e+00
6.832190000000000000e+05
5.389250000000000000e+05
5.826640000000000000e+05
4.757370000000000000e+05
6.855180000000000000e+05
4.467680000000000000e+05
0.000000000000000000e+00
7.371580000000000000e+05
4.820680000000000000e+05
6.306860000000000000e+05
4.489480000000000000e+05
5.777800000000000000e+05
4.097600000000000000e+05
0.000000000000000000e+00
0.000000000000000000e+00
1.490170000000000000e+05
9.018030000000000000e+05
4.918390000000000000e+05
5.679040000000000000e+05
4.467410000000000000e+05
0.000000000000000000e+00
7.516950000000000000e+05
4.806360000000000000e+05
5.389320000000000000e+05
3.556330000000000000e+05
4.967290000000000000e+05
3.117930000000000000e+05
0.000000000000000000e+00
6.081470000000000000e+05
5.038270000000000000e+05
5.659530000000000000e+05
4.223120000000000000e+05
6.048020000000000000e+05
4.044490000000000000e+05
0.000000000000000000e+00
6.530850000000000000e+05
4.868260000000000000e+05
5.263680000000000000e+05
3.609960000000000000e+05
4.303300000000000000e+05
2.982110000000000000e+05
0.000000000000000000e+00
6.380230000000000000e+05
5.100810000000000000e+05
5.643740000000000000e+05
4.266030000000000000e+05
5.979960000000000000e+05
3.959050000000000000e+05
0.000000000000000000e+00
6.855160000000000000e+05
5.045020000000000000e+05
5.197750000000000000e+05
4.395300000000000000e+05
5.927520000000000000e+05
4.365920000000000000e+05
1.440000000000000000e+02
8.242880000000000000e+05
5.669130000000000000e+05
5.903410000000000000e+05
2.372920000000000000e+05
0.000000000000000000e+00
0.000000000000000000e+00
0.000000000000000000e+00
6.268710000000000000e+05
7.247350000000000000e+05
5.753660000000000000e+05
4.740390000000000000e+05
5.086680000000000000e+05
3.631710000000000000e+05
0.000000000000000000e+00
7.010140000000000000e+05
5.128760000000000000e+05
6.170520000000000000e+05
4.056030000000000000e+05
4.676410000000000000e+05
3.354300000000000000e+05
0.000000000000000000e+00
7.032610000000000000e+05
4.823900000000000000e+05
5.408220000000000000e+05
3.717270000000000000e+05
4.411360000000000000e+05
3.856760000000000000e+05
0.000000000000000000e+00
6.382230000000000000e+05
4.618420000000000000e+05
5.648320000000000000e+05
4.836470000000000000e+05
6.167860000000000000e+05
4.979300000000000000e+05
0.000000000000000000e+00
7.397500000000000000e+05
4.466220000000000000e+05
5.197800000000000000e+05
3.552090000000000000e+05
4.933510000000000000e+05
4.227820000000000000e+05
0.000000000000000000e+00
7.970700000000000000e+05
5.880520000000000000e+05
7.171980000000000000e+05
5.708770000000000000e+05
6.918540000000000000e+05
4.869400000000000000e+05
0.000000000000000000e+00
9.416200000000000000e+05
6.590630000000000000e+05
6.966100000000000000e+05
5.300820000000000000e+05
6.386770000000000000e+05
4.128760000000000000e+05
0.000000000000000000e+00
7.875420000000000000e+05
5.740690000000000000e+05
7.050230000000000000e+05
6.606280000000000000e+05
7.858510000000000000e+05
6.177340000000000000e+05
0.000000000000000000e+00
9.215970000000000000e+05
6.011890000000000000e+05
6.148620000000000000e+05
5.435940000000000000e+05
6.714970000000000000e+05
6.028210000000000000e+05
0.000000000000000000e+00
1.144175000000000000e+06
6.420300000000000000e+05
6.754600000000000000e+05
4.874680000000000000e+05
5.805590000000000000e+05
5.577300000000000000e+05
0.000000000000000000e+00
1.135983000000000000e+06
7.755430000000000000e+05
8.431470000000000000e+05
6.397690000000000000e+05
6.507430000000000000e+05
4.510640000000000000e+05
0.000000000000000000e+00
8.396930000000000000e+05
6.164280000000000000e+05
6.560560000000000000e+05
5.358360000000000000e+05
6.720250000000000000e+05
6.329210000000000000e+05
0.000000000000000000e+00
1.038657000000000000e+06
6.506720000000000000e+05
6.537320000000000000e+05
5.890480000000000000e+05
6.106990000000000000e+05
5.147320000000000000e+05
0.000000000000000000e+00
6.878900000000000000e+05
4.424110000000000000e+05
5.276610000000000000e+05
5.246440000000000000e+05
5.676980000000000000e+05
4.653980000000000000e+05
0.000000000000000000e+00
8.835950000000000000e+05
6.579000000000000000e+05
7.609310000000000000e+05
7.246040000000000000e+05
7.939440000000000000e+05
7.277440000000000000e+05
0.000000000000000000e+00
1.257630000000000000e+06
8.334310000000000000e+05
8.462710000000000000e+05
7.720850000000000000e+05
8.696910000000000000e+05
8.612230000000000000e+05
0.000000000000000000e+00
1.239914000000000000e+06
7.685100000000000000e+05
6.790690000000000000e+05
6.190800000000000000e+05
7.779360000000000000e+05
7.005140000000000000e+05
0.000000000000000000e+00
1.148525000000000000e+06
8.116320000000000000e+05
8.414540000000000000e+05
7.424240000000000000e+05
8.336620000000000000e+05
8.000120000000000000e+05
0.000000000000000000e+00
1.252455000000000000e+06
8.300180000000000000e+05
7.713810000000000000e+05
7.350930000000000000e+05
7.497720000000000000e+05
7.136680000000000000e+05
0.000000000000000000e+00
8.557370000000000000e+05
5.746220000000000000e+05
5.599780000000000000e+05
5.974800000000000000e+05
6.419840000000000000e+05
5.884820000000000000e+05
0.000000000000000000e+00
7.907320000000000000e+05
6.461940000000000000e+05
7.124100000000000000e+05
6.781570000000000000e+05
8.524820000000000000e+05
8.778410000000000000e+05
0.000000000000000000e+00
1.273262000000000000e+06
8.103100000000000000e+05
7.271040000000000000e+05
6.530930000000000000e+05
6.794890000000000000e+05
6.708950000000000000e+05
0.000000000000000000e+00
1.056556000000000000e+06
7.839580000000000000e+05
7.780980000000000000e+05
6.874550000000000000e+05
7.154670000000000000e+05
5.839630000000000000e+05
0.000000000000000000e+00
7.099440000000000000e+05
5.420580000000000000e+05
5.229930000000000000e+05
5.532880000000000000e+05
5.895470000000000000e+05
1.293500000000000000e+05
0.000000000000000000e+00
8.190380000000000000e+05
6.336820000000000000e+05
6.233440000000000000e+05
6.333700000000000000e+05
6.888510000000000000e+05
6.147340000000000000e+05
0.000000000000000000e+00
8.006800000000000000e+05
6.469680000000000000e+05
6.762910000000000000e+05
6.203790000000000000e+05
6.714510000000000000e+05
0.000000000000000000e+00
0.000000000000000000e+00
9.120660000000000000e+05
6.839780000000000000e+05
7.513110000000000000e+05
6.753300000000000000e+05
6.353150000000000000e+05
7.194290000000000000e+05
0.000000000000000000e+00
1.025493000000000000e+06
6.290960000000000000e+05
6.475230000000000000e+05
5.478390000000000000e+05
6.660020000000000000e+05
5.311390000000000000e+05
0.000000000000000000e+00
7.437890000000000000e+05
4.912660000000000000e+05
5.758990000000000000e+05
4.880960000000000000e+05
5.030630000000000000e+05
4.464810000000000000e+05
0.000000000000000000e+00
6.665510000000000000e+05
6.076720000000000000e+05
6.846750000000000000e+05
6.515810000000000000e+05
7.868180000000000000e+05
7.355130000000000000e+05
5.540000000000000000e+02
1.157003000000000000e+06
8.421090000000000000e+05
8.347060000000000000e+05
8.980760000000000000e+05
9.265490000000000000e+05
6.243420000000000000e+05
4.629000000000000000e+03
0.000000000000000000e+00
0.000000000000000000e+00
0.000000000000000000e+00
7.130330000000000000e+05
8.763700000000000000e+05
6.728420000000000000e+05
0.000000000000000000e+00
9.901510000000000000e+05
6.455940000000000000e+05
6.244210000000000000e+05
6.004480000000000000e+05
6.672900000000000000e+05
5.562860000000000000e+05
0.000000000000000000e+00
9.454090000000000000e+05
6.182830000000000000e+05
6.208110000000000000e+05
6.113120000000000000e+05
6.323330000000000000e+05
5.133460000000000000e+05
0.000000000000000000e+00
8.670440000000000000e+05
6.040250000000000000e+05
6.330150000000000000e+05
5.355910000000000000e+05
5.707040000000000000e+05
5.047530000000000000e+05
0.000000000000000000e+00
7.912900000000000000e+05
5.707940000000000000e+05
5.639360000000000000e+05
5.477840000000000000e+05
5.613340000000000000e+05
5.032370000000000000e+05
0.000000000000000000e+00
7.467660000000000000e+05
4.891770000000000000e+05
5.236610000000000000e+05
4.656600000000000000e+05
5.268690000000000000e+05
4.709900000000000000e+05
0.000000000000000000e+00
8.497280000000000000e+05
5.919470000000000000e+05
6.555440000000000000e+05
5.033320000000000000e+05
5.328520000000000000e+05
4.648090000000000000e+05
0.000000000000000000e+00
6.983530000000000000e+05
4.944070000000000000e+05
5.259900000000000000e+05
4.354830000000000000e+05
6.344010000000000000e+05
5.268560000000000000e+05
0.000000000000000000e+00
8.462920000000000000e+05
5.312030000000000000e+05
5.617170000000000000e+05
3.968000000000000000e+05
5.756800000000000000e+05
4.042110000000000000e+05
0.000000000000000000e+00
7.011150000000000000e+05
4.865930000000000000e+05
5.871000000000000000e+05
4.066210000000000000e+05
5.659440000000000000e+05
4.085770000000000000e+05
0.000000000000000000e+00
8.259940000000000000e+05
4.816810000000000000e+05
6.598830000000000000e+05
4.588160000000000000e+05
5.922180000000000000e+05
3.818350000000000000e+05
0.000000000000000000e+00
6.450190000000000000e+05
4.646190000000000000e+05
4.624040000000000000e+05
4.118650000000000000e+05
5.691380000000000000e+05
3.863230000000000000e+05
0.000000000000000000e+00
7.063340000000000000e+05
4.643020000000000000e+05
5.477020000000000000e+05
4.359920000000000000e+05
5.431580000000000000e+05
4.146230000000000000e+05
0.000000000000000000e+00
7.675370000000000000e+05
5.060040000000000000e+05
5.234230000000000000e+05
4.442910000000000000e+05
5.777260000000000000e+05
3.921310000000000000e+05
0.000000000000000000e+00
5.976270000000000000e+05
0.000000000000000000e+00
9.668800000000000000e+04
7.903390000000000000e+05
5.644020000000000000e+05
4.551620000000000000e+05
0.000000000000000000e+00
6.976360000000000000e+05
4.681240000000000000e+05
5.158300000000000000e+05
3.930660000000000000e+05
5.215930000000000000e+05
3.710510000000000000e+05
0.000000000000000000e+00
6.895410000000000000e+05
4.652940000000000000e+05
5.322830000000000000e+05
3.813720000000000000e+05
5.373200000000000000e+05
3.878840000000000000e+05
0.000000000000000000e+00
7.172950000000000000e+05
4.660440000000000000e+05
5.740970000000000000e+05
4.578270000000000000e+05
6.161030000000000000e+05
4.951080000000000000e+05
2.000000000000000000e+02
8.206760000000000000e+05
5.331760000000000000e+05
6.291240000000000000e+05
5.435240000000000000e+05
6.775760000000000000e+05
5.994930000000000000e+05
2.532500000000000000e+04
2.850130000000000000e+05
0.000000000000000000e+00
0.000000000000000000e+00
5.699100000000000000e+04
9.185280000000000000e+05
5.480250000000000000e+05
0.000000000000000000e+00
7.176850000000000000e+05
4.955550000000000000e+05
5.653550000000000000e+05
4.087120000000000000e+05
5.536950000000000000e+05
4.446630000000000000e+05
0.000000000000000000e+00
8.036670000000000000e+05
4.782950000000000000e+05
4.850170000000000000e+05
4.203420000000000000e+05
5.575850000000000000e+05
4.078640000000000000e+05
0.000000000000000000e+00
7.647160000000000000e+05
5.680170000000000000e+05
6.187600000000000000e+05
5.109470000000000000e+05
5.774420000000000000e+05
4.480010000000000000e+05
0.000000000000000000e+00
8.089980000000000000e+05
5.320050000000000000e+05
6.476550000000000000e+05
4.451160000000000000e+05
6.141490000000000000e+05
4.629680000000000000e+05
0.000000000000000000e+00
8.272860000000000000e+05
6.189730000000000000e+05
6.345610000000000000e+05
4.719720000000000000e+05
5.962710000000000000e+05
5.179960000000000000e+05
0.000000000000000000e+00
9.154610000000000000e+05
6.439720000000000000e+05
6.800280000000000000e+05
5.548330000000000000e+05
6.811390000000000000e+05
5.165780000000000000e+05
0.000000000000000000e+00
8.919600000000000000e+05
6.078790000000000000e+05
6.699260000000000000e+05
5.488860000000000000e+05
7.050440000000000000e+05
6.274410000000000000e+05
0.000000000000000000e+00
1.050328000000000000e+06
6.286190000000000000e+05
7.484890000000000000e+05
5.618340000000000000e+05
7.346340000000000000e+05
6.368370000000000000e+05
0.000000000000000000e+00
1.083849000000000000e+06
7.591100000000000000e+05
7.923620000000000000e+05
5.853720000000000000e+05
7.086110000000000000e+05
5.524710000000000000e+05
0.000000000000000000e+00
9.773510000000000000e+05
7.200640000000000000e+05
7.670790000000000000e+05
6.688110000000000000e+05
8.324540000000000000e+05
7.219950000000000000e+05
0.000000000000000000e+00
1.124131000000000000e+06
7.122910000000000000e+05
7.903840000000000000e+05
6.107010000000000000e+05
6.930040000000000000e+05
5.224650000000000000e+05
0.000000000000000000e+00
7.678920000000000000e+05
5.584590000000000000e+05
6.563530000000000000e+05
5.680600000000000000e+05
6.915810000000000000e+05
6.046580000000000000e+05
0.000000000000000000e+00
1.069036000000000000e+06
7.291310000000000000e+05
7.368670000000000000e+05
6.033760000000000000e+05
7.609750000000000000e+05
6.896580000000000000e+05
0.000000000000000000e+00
1.151542000000000000e+06
8.295040000000000000e+05
8.737470000000000000e+05
7.399460000000000000e+05
8.398250000000000000e+05
7.046080000000000000e+05
0.000000000000000000e+00
9.820770000000000000e+05
6.430570000000000000e+05
5.778530000000000000e+05
5.702680000000000000e+05
6.874520000000000000e+05
6.495360000000000000e+05
0.000000000000000000e+00
9.796350000000000000e+05
6.362850000000000000e+05
6.352480000000000000e+05
5.244150000000000000e+05
5.917290000000000000e+05
6.497650000000000000e+05
0.000000000000000000e+00
9.626240000000000000e+05
7.288110000000000000e+05
7.549830000000000000e+05
7.119630000000000000e+05
7.373910000000000000e+05
6.706590000000000000e+05
0.000000000000000000e+00
9.807180000000000000e+05
7.452580000000000000e+05
7.066080000000000000e+05
6.381330000000000000e+05
6.878590000000000000e+05
7.017010000000000000e+05
0.000000000000000000e+00
1.038681000000000000e+06
7.255350000000000000e+05
7.368060000000000000e+05
6.491080000000000000e+05
6.936910000000000000e+05
6.973780000000000000e+05
0.000000000000000000e+00
1.120218000000000000e+06
7.763330000000000000e+05
7.949430000000000000e+05
7.709790000000000000e+05
8.156180000000000000e+05
7.650480000000000000e+05
0.000000000000000000e+00
1.054158000000000000e+06
6.867520000000000000e+05
6.687410000000000000e+05
6.280180000000000000e+05
6.480700000000000000e+05
6.158070000000000000e+05
0.000000000000000000e+00
1.084984000000000000e+06
7.516850000000000000e+05
7.870780000000000000e+05
7.048900000000000000e+05
7.846330000000000000e+05
7.038840000000000000e+05
0.000000000000000000e+00
1.070292000000000000e+06
7.897970000000000000e+05
7.136860000000000000e+05
6.357220000000000000e+05
6.516890000000000000e+05
5.821360000000000000e+05
0.000000000000000000e+00
8.913910000000000000e+05
6.673150000000000000e+05
6.153820000000000000e+05
6.234590000000000000e+05
5.960330000000000000e+05
4.610880000000000000e+05
0.000000000000000000e+00
6.753260000000000000e+05
5.093490000000000000e+05
5.162650000000000000e+05
4.546990000000000000e+05
4.024370000000000000e+05
8.855000000000000000e+04
0.000000000000000000e+00
7.161440000000000000e+05
5.773250000000000000e+05
6.207330000000000000e+05
6.393950000000000000e+05
7.738650000000000000e+05
6.962840000000000000e+05
0.000000000000000000e+00
1.201960000000000000e+06
8.763340000000000000e+05
9.032650000000000000e+05
7.355510000000000000e+05
7.429490000000000000e+05
6.768980000000000000e+05
0.000000000000000000e+00
9.079160000000000000e+05
6.893730000000000000e+05
7.207270000000000000e+05
6.869960000000000000e+05
7.664490000000000000e+05
6.936300000000000000e+05
0.000000000000000000e+00
1.082195000000000000e+06
7.949240000000000000e+05
7.911190000000000000e+05
7.995730000000000000e+05
7.679850000000000000e+05
7.263000000000000000e+05
4.300000000000000000e+02
9.801920000000000000e+05
7.634500000000000000e+05
7.298910000000000000e+05
7.332110000000000000e+05
7.718230000000000000e+05
6.823120000000000000e+05
3.447000000000000000e+03
1.022656000000000000e+06
7.322760000000000000e+05
6.884690000000000000e+05
2.792950000000000000e+05
0.000000000000000000e+00
0.000000000000000000e+00
0.000000000000000000e+00
4.546180000000000000e+05
6.171110000000000000e+05
5.508110000000000000e+05
6.211630000000000000e+05
6.094300000000000000e+05
6.390920000000000000e+05
0.000000000000000000e+00
7.693700000000000000e+05
7.038800000000000000e+05
7.460240000000000000e+05
7.214620000000000000e+05
9.214510000000000000e+05
7.963940000000000000e+05
0.000000000000000000e+00
1.360852000000000000e+06
8.429800000000000000e+05
8.426410000000000000e+05
5.809410000000000000e+05
6.915810000000000000e+05
6.704010000000000000e+05
0.000000000000000000e+00
9.885800000000000000e+05
6.301490000000000000e+05
7.106120000000000000e+05
5.647930000000000000e+05
6.743740000000000000e+05
5.730110000000000000e+05
0.000000000000000000e+00
8.984860000000000000e+05
6.362200000000000000e+05
6.649410000000000000e+05
6.485540000000000000e+05
7.117420000000000000e+05
6.128960000000000000e+05
0.000000000000000000e+00
1.031596000000000000e+06
7.438140000000000000e+05
8.061510000000000000e+05
7.395660000000000000e+05
8.208980000000000000e+05
6.708760000000000000e+05
0.000000000000000000e+00
1.045446000000000000e+06
6.792980000000000000e+05
6.949400000000000000e+05
6.496050000000000000e+05
7.354740000000000000e+05
6.483340000000000000e+05
0.000000000000000000e+00
1.030659000000000000e+06
7.178160000000000000e+05
7.261680000000000000e+05
5.601420000000000000e+05
7.425890000000000000e+05
5.062190000000000000e+05
0.000000000000000000e+00
8.602550000000000000e+05
6.194970000000000000e+05
6.973590000000000000e+05
4.899560000000000000e+05
6.044160000000000000e+05
4.687310000000000000e+05
0.000000000000000000e+00
8.185460000000000000e+05
5.493710000000000000e+05
6.716490000000000000e+05
4.817000000000000000e+05
6.109400000000000000e+05
4.366110000000000000e+05
0.000000000000000000e+00
8.752850000000000000e+05
5.941790000000000000e+05
7.270820000000000000e+05
5.091570000000000000e+05
6.363030000000000000e+05
4.040830000000000000e+05
0.000000000000000000e+00
7.566220000000000000e+05
5.575700000000000000e+05
5.920330000000000000e+05
4.226240000000000000e+05
5.712880000000000000e+05
3.964180000000000000e+05
0.000000000000000000e+00
7.620830000000000000e+05
5.190040000000000000e+05
6.276670000000000000e+05
5.295380000000000000e+05
6.865510000000000000e+05
4.480060000000000000e+05
0.000000000000000000e+00
8.344120000000000000e+05
5.552670000000000000e+05
6.178760000000000000e+05
4.850390000000000000e+05
6.386030000000000000e+05
4.160610000000000000e+05
0.000000000000000000e+00
7.943130000000000000e+05
4.987670000000000000e+05
4.968680000000000000e+05
3.275030000000000000e+05
5.877050000000000000e+05
4.019200000000000000e+05
0.000000000000000000e+00
8.288000000000000000e+05
4.978440000000000000e+05
0.000000000000000000e+00
6.130900000000000000e+04
8.411210000000000000e+05
4.412070000000000000e+05
0.000000000000000000e+00
8.245380000000000000e+05
4.678050000000000000e+05
5.417940000000000000e+05
4.445840000000000000e+05
6.042420000000000000e+05
3.608940000000000000e+05
0.000000000000000000e+00
7.769070000000000000e+05
4.860740000000000000e+05
6.119110000000000000e+05
4.653310000000000000e+05
6.378150000000000000e+05
4.371190000000000000e+05
4.200000000000000000e+02
8.039480000000000000e+05
5.100280000000000000e+05
5.437900000000000000e+05
5.280830000000000000e+05
2.092800000000000000e+05
0.000000000000000000e+00
0.000000000000000000e+00
5.400000000000000000e+02
4.876850000000000000e+05
6.287910000000000000e+05
4.101360000000000000e+05
4.999920000000000000e+05
2.967430000000000000e+05
0.000000000000000000e+00
6.584170000000000000e+05
4.340170000000000000e+05
5.004990000000000000e+05
3.835640000000000000e+05
5.180120000000000000e+05
2.965410000000000000e+05
0.000000000000000000e+00
6.496850000000000000e+05
4.376810000000000000e+05
5.316600000000000000e+05
3.748000000000000000e+05
5.312350000000000000e+05
3.709760000000000000e+05
0.000000000000000000e+00
7.106080000000000000e+05
4.684450000000000000e+05
5.207350000000000000e+05
3.698350000000000000e+05
4.837170000000000000e+05
4.171490000000000000e+05
0.000000000000000000e+00
6.551960000000000000e+05
5.465770000000000000e+05
4.839460000000000000e+05
4.102100000000000000e+05
4.921160000000000000e+05
3.485490000000000000e+05
0.000000000000000000e+00
6.173640000000000000e+05
3.934540000000000000e+05
4.534770000000000000e+05
4.135100000000000000e+05
5.410730000000000000e+05
4.137160000000000000e+05
0.000000000000000000e+00
7.785820000000000000e+05
4.908610000000000000e+05
5.400360000000000000e+05
4.079620000000000000e+05
4.801880000000000000e+05
3.789210000000000000e+05
0.000000000000000000e+00
7.512270000000000000e+05
5.068800000000000000e+05
5.770680000000000000e+05
4.487150000000000000e+05
5.959710000000000000e+05
4.952590000000000000e+05
0.000000000000000000e+00
9.014850000000000000e+05
6.161680000000000000e+05
6.967070000000000000e+05
5.100880000000000000e+05
6.862700000000000000e+05
5.542620000000000000e+05
0.000000000000000000e+00
8.382420000000000000e+05
6.023820000000000000e+05
6.132300000000000000e+05
5.399270000000000000e+05
7.155570000000000000e+05
5.804390000000000000e+05
0.000000000000000000e+00
9.646300000000000000e+05
6.668530000000000000e+05
7.704920000000000000e+05
5.769180000000000000e+05
7.023400000000000000e+05
5.741750000000000000e+05
0.000000000000000000e+00
1.041958000000000000e+06
6.931390000000000000e+05
6.507110000000000000e+05
5.372690000000000000e+05
4.889640000000000000e+05
6.356220000000000000e+05
0.000000000000000000e+00
1.111082000000000000e+06
6.610760000000000000e+05
6.966200000000000000e+05
5.377250000000000000e+05
5.595290000000000000e+05
6.116680000000000000e+05
0.000000000000000000e+00
1.117632000000000000e+06
7.785560000000000000e+05
8.495290000000000000e+05
6.457280000000000000e+05
7.038420000000000000e+05
6.623320000000000000e+05
0.000000000000000000e+00
1.179611000000000000e+06
7.045470000000000000e+05
7.128090000000000000e+05
5.222440000000000000e+05
4.111190000000000000e+05
5.608060000000000000e+05
0.000000000000000000e+00
8.803060000000000000e+05
6.257260000000000000e+05
6.393500000000000000e+05
5.358620000000000000e+05
6.985080000000000000e+05
6.586790000000000000e+05
0.000000000000000000e+00
7.281950000000000000e+05
6.529770000000000000e+05
5.312640000000000000e+05
4.179150000000000000e+05
6.056010000000000000e+05
6.051770000000000000e+05
0.000000000000000000e+00
1.039167000000000000e+06
7.005360000000000000e+05
7.164200000000000000e+05
5.987350000000000000e+05
7.001620000000000000e+05
6.376220000000000000e+05
0.000000000000000000e+00
1.139413000000000000e+06
7.773540000000000000e+05
6.977980000000000000e+05
6.609900000000000000e+05
7.804020000000000000e+05
7.248410000000000000e+05
0.000000000000000000e+00
1.081519000000000000e+06
7.097430000000000000e+05
4.738880000000000000e+05
6.311320000000000000e+05
7.269750000000000000e+05
6.767000000000000000e+05
0.000000000000000000e+00
7.004700000000000000e+05
6.495280000000000000e+05
6.713370000000000000e+05
6.300000000000000000e+05
6.882890000000000000e+05
4.139760000000000000e+05
0.000000000000000000e+00
8.462690000000000000e+05
7.187750000000000000e+05
7.439910000000000000e+05
6.949620000000000000e+05
7.009850000000000000e+05
5.967590000000000000e+05
0.000000000000000000e+00
9.703420000000000000e+05
4.890370000000000000e+05
6.565530000000000000e+05
4.199870000000000000e+05
4.912610000000000000e+05
4.260210000000000000e+05
0.000000000000000000e+00
8.076390000000000000e+05
6.214490000000000000e+05
6.608280000000000000e+05
5.338480000000000000e+05
7.369420000000000000e+05
6.424400000000000000e+05
0.000000000000000000e+00
9.353540000000000000e+05
6.015430000000000000e+05
6.090810000000000000e+05
5.186920000000000000e+05
6.324410000000000000e+05
5.325730000000000000e+05
0.000000000000000000e+00
8.868720000000000000e+05
6.120560000000000000e+05
4.292670000000000000e+05
5.325050000000000000e+05
6.111490000000000000e+05
4.279060000000000000e+05
0.000000000000000000e+00
7.274370000000000000e+05
5.219800000000000000e+05
5.148050000000000000e+05
5.385780000000000000e+05
5.348270000000000000e+05
1.038470000000000000e+05
0.000000000000000000e+00
8.053580000000000000e+05
5.133270000000000000e+05
5.379020000000000000e+05
4.327220000000000000e+05
4.238390000000000000e+05
3.689560000000000000e+05
0.000000000000000000e+00
5.084180000000000000e+05
3.595200000000000000e+05
2.377140000000000000e+05
3.805610000000000000e+05
3.480890000000000000e+05
2.908960000000000000e+05
0.000000000000000000e+00
4.569850000000000000e+05
3.751110000000000000e+05
4.625320000000000000e+05
4.165000000000000000e+05
4.743950000000000000e+05
4.314430000000000000e+05
0.000000000000000000e+00
7.422240000000000000e+05
5.728120000000000000e+05
6.729130000000000000e+05
6.492260000000000000e+05
7.785230000000000000e+05
7.818170000000000000e+05
0.000000000000000000e+00
1.010290000000000000e+06
6.419630000000000000e+05
5.720190000000000000e+05
4.388720000000000000e+05
4.834180000000000000e+05
4.407940000000000000e+05
0.000000000000000000e+00
3.913340000000000000e+05
3.609080000000000000e+05
4.815170000000000000e+05
4.025060000000000000e+05
4.882150000000000000e+05
4.432980000000000000e+05
0.000000000000000000e+00
6.407680000000000000e+05
4.725230000000000000e+05
5.659700000000000000e+05
4.967560000000000000e+05
5.556690000000000000e+05
4.304700000000000000e+05
2.000000000000000000e+02
7.749560000000000000e+05
5.058770000000000000e+05
5.930090000000000000e+05
5.231100000000000000e+05
6.231720000000000000e+05
5.846070000000000000e+05
3.166000000000000000e+03
9.920510000000000000e+05
6.776840000000000000e+05
4.695320000000000000e+05
0.000000000000000000e+00
0.000000000000000000e+00
2.720000000000000000e+03
0.000000000000000000e+00
1.521488000000000000e+06
7.094990000000000000e+05
7.474590000000000000e+05
6.998420000000000000e+05
8.058810000000000000e+05
6.897370000000000000e+05
0.000000000000000000e+00
1.020632000000000000e+06
5.217500000000000000e+05
7.132020000000000000e+05
5.837510000000000000e+05
3.958110000000000000e+05
4.889980000000000000e+05
0.000000000000000000e+00
7.458790000000000000e+05
5.224000000000000000e+05
5.983020000000000000e+05
5.145580000000000000e+05
6.006100000000000000e+05
4.730370000000000000e+05
0.000000000000000000e+00
7.478610000000000000e+05
5.175940000000000000e+05
5.533380000000000000e+05
5.145360000000000000e+05
5.077800000000000000e+05
4.925950000000000000e+05
0.000000000000000000e+00
7.466660000000000000e+05
5.505110000000000000e+05
5.645920000000000000e+05
4.824820000000000000e+05
5.229340000000000000e+05
4.604370000000000000e+05
0.000000000000000000e+00
7.668160000000000000e+05
4.863310000000000000e+05
5.642780000000000000e+05
4.613830000000000000e+05
6.171140000000000000e+05
4.587960000000000000e+05
0.000000000000000000e+00
8.276440000000000000e+05
5.747100000000000000e+05
6.049100000000000000e+05
4.495560000000000000e+05
5.714800000000000000e+05
4.152690000000000000e+05
0.000000000000000000e+00
6.375310000000000000e+05
4.267330000000000000e+05
4.914350000000000000e+05
3.990870000000000000e+05
5.036940000000000000e+05
3.773620000000000000e+05
0.000000000000000000e+00
7.338250000000000000e+05
4.112730000000000000e+05
5.004880000000000000e+05
3.501130000000000000e+05
5.280260000000000000e+05
3.254900000000000000e+05
0.000000000000000000e+00
6.915840000000000000e+05
4.149440000000000000e+05
4.920360000000000000e+05
3.309770000000000000e+05
4.541070000000000000e+05
3.197290000000000000e+05
0.000000000000000000e+00
7.039720000000000000e+05
4.071150000000000000e+05
4.960990000000000000e+05
3.485800000000000000e+05
4.654800000000000000e+05
3.139960000000000000e+05
0.000000000000000000e+00
7.293900000000000000e+05
4.110370000000000000e+05
5.302380000000000000e+05
3.470860000000000000e+05
4.795910000000000000e+05
3.009010000000000000e+05
0.000000000000000000e+00
7.570810000000000000e+05
4.455070000000000000e+05
5.151690000000000000e+05
4.032350000000000000e+05
