0.000000000000000000e+00
1.716430000000000000e+05
1.629282000000000000e+06
1.319367000000000000e+06
1.213627000000000000e+06
1.299175000000000000e+06
9.190990000000000000e+05
0.000000000000000000e+00
1.287214000000000000e+06
1.126961000000000000e+06
1.131233000000000000e+06
9.072300000000000000e+05
1.049285000000000000e+06
6.853560000000000000e+05
0.000000000000000000e+00
8.126190000000000000e+05
9.560690000000000000e+05
1.077099000000000000e+06
1.322834000000000000e+06
1.229963000000000000e+06
6.876490000000000000e+05
3.846000000000000000e+03
1.514202000000000000e+06
1.084018000000000000e+06
0.000000000000000000e+00
0.000000000000000000e+00
0.000000000000000000e+00
0.000000000000000000e+00
0.000000000000000000e+00
0.000000000000000000e+00
0.000000000000000000e+00
9.577830000000000000e+05
9.693410000000000000e+05
8.696250000000000000e+05
6.645840000000000000e+05
0.000000000000000000e+00
1.100580000000000000e+06
1.053432000000000000e+06
1.029871000000000000e+06
9.563570000000000000e+05
8.697010000000000000e+05
3.100270000000000000e+05
0.000000000000000000e+00
8.946950000000000000e+05
1.064673000000000000e+06
9.744480000000000000e+05
9.263700000000000000e+05
9.101850000000000000e+05
5.037250000000000000e+05
0.000000000000000000e+00
1.366552000000000000e+06
8.767470000000000000e+05
9.385310000000000000e+05
6.988760000000000000e+05
1.053630000000000000e+06
8.005200000000000000e+05
0.000000000000000000e+00
1.391040000000000000e+06
1.205302000000000000e+06
1.058878000000000000e+06
1.200265000000000000e+06
9.178060000000000000e+05
6.331190000000000000e+05
0.000000000000000000e+00
1.420934000000000000e+06
1.088360000000000000e+06
1.015851000000000000e+06
1.001942000000000000e+06
1.073373000000000000e+06
6.248800000000000000e+05
0.000000000000000000e+00
1.247602000000000000e+06
1.068483000000000000e+06
1.013239000000000000e+06
9.932770000000000000e+05
8.870930000000000000e+05
6.248310000000000000e+05
0.000000000000000000e+00
1.257890000000000000e+06
1.219213000000000000e+06
1.219933000000000000e+06
1.062548000000000000e+06
1.059846000000000000e+06
5.855090000000000000e+05
0.000000000000000000e+00
1.259139000000000000e+06
1.303119000000000000e+06
1.082420000000000000e+06
8.955730000000000000e+05
9.467370000000000000e+05
5.723800000000000000e+05
0.000000000000000000e+00
1.491689000000000000e+06
1.339112000000000000e+06
1.438785000000000000e+06
1.152636000000000000e+06
9.860490000000000000e+05
7.043550000000000000e+05
0.000000000000000000e+00
1.620810000000000000e+06
1.367438000000000000e+06
1.318835000000000000e+06
1.178038000000000000e+06
1.042891000000000000e+06
7.089290000000000000e+05
0.000000000000000000e+00
1.259165000000000000e+06
1.041657000000000000e+06
1.145500000000000000e+06
1.305182000000000000e+06
1.250048000000000000e+06
6.600950000000000000e+05
0.000000000000000000e+00
1.363927000000000000e+06
1.246392000000000000e+06
1.326388000000000000e+06
1.541709000000000000e+06
1.258753000000000000e+06
7.922570000000000000e+05
0.000000000000000000e+00
1.536521000000000000e+06
1.247422000000000000e+06
1.086822000000000000e+06
1.175553000000000000e+06
1.168398000000000000e+06
6.720920000000000000e+05
0.000000000000000000e+00
1.512695000000000000e+06
1.418564000000000000e+06
1.133276000000000000e+06
1.248373000000000000e+06
1.414870000000000000e+06
8.427620000000000000e+05
0.000000000000000000e+00
1.528472000000000000e+06
1.426934000000000000e+06
1.473766000000000000e+06
1.344140000000000000e+06
1.033528000000000000e+06
8.470950000000000000e+05
0.000000000000000000e+00
1.209049000000000000e+06
1.289284000000000000e+06
1.370472000000000000e+06
1.185756000000000000e+06
1.274364000000000000e+06
9.849690000000000000e+05
0.000000000000000000e+00
1.561893000000000000e+06
1.426097000000000000e+06
1.336655000000000000e+06
1.294891000000000000e+06
1.164774000000000000e+06
1.070439000000000000e+06
0.000000000000000000e+00
1.179813000000000000e+06
1.226538000000000000e+06
1.378582000000000000e+06
1.010192000000000000e+06
1.479157000000000000e+06
1.176761000000000000e+06
0.000000000000000000e+00
1.575246000000000000e+06
1.356587000000000000e+06
1.351774000000000000e+06
1.388669000000000000e+06
1.373731000000000000e+06
1.032499000000000000e+06
0.000000000000000000e+00
1.506277000000000000e+06
1.398508000000000000e+06
1.450321000000000000e+06
1.426363000000000000e+06
1.328507000000000000e+06
1.070106000000000000e+06
0.000000000000000000e+00
1.368473000000000000e+06
1.366108000000000000e+06
1.647266000000000000e+06
1.533556000000000000e+06
1.461697000000000000e+06
1.087037000000000000e+06
0.000000000000000000e+00
1.372094000000000000e+06
1.060150000000000000e+06
1.299773000000000000e+06
1.435869000000000000e+06
1.379046000000000000e+06
8.154900000000000000e+05
0.000000000000000000e+00
1.411915000000000000e+06
9.191050000000000000e+05
7.766710000000000000e+05
1.348521000000000000e+06
1.333300000000000000e+06
8.522350000000000000e+05
0.000000000000000000e+00
1.114082000000000000e+06
1.402989000000000000e+06
1.327653000000000000e+06
1.207441000000000000e+06
1.054728000000000000e+06
6.861790000000000000e+05
0.000000000000000000e+00
1.217352000000000000e+06
1.269560000000000000e+06
8.843380000000000000e+05
1.336665000000000000e+06
1.331219000000000000e+06
6.122190000000000000e+05
0.000000000000000000e+00
1.302986000000000000e+06
1.146292000000000000e+06
8.608390000000000000e+05
1.478750000000000000e+06
1.340537000000000000e+06
1.726850000000000000e+05
0.000000000000000000e+00
1.446060000000000000e+06
1.270708000000000000e+06
1.109198000000000000e+06
7.720010000000000000e+05
8.653800000000000000e+05
9.264860000000000000e+05
0.000000000000000000e+00
1.214173000000000000e+06
1.156761000000000000e+06
9.822950000000000000e+05
1.017020000000000000e+06
1.054615000000000000e+06
7.751330000000000000e+05
0.000000000000000000e+00
1.398886000000000000e+06
1.372036000000000000e+06
1.481504000000000000e+06
1.458948000000000000e+06
9.597800000000000000e+05
1.027236000000000000e+06
0.000000000000000000e+00
1.586794000000000000e+06
1.453785000000000000e+06
1.070325000000000000e+06
1.282743000000000000e+06
1.333510000000000000e+06
9.238820000000000000e+05
0.000000000000000000e+00
1.741851000000000000e+06
1.563034000000000000e+06
1.647463000000000000e+06
1.705423000000000000e+06
1.849333000000000000e+06
1.220710000000000000e+06
0.000000000000000000e+00
1.898083000000000000e+06
1.082082000000000000e+06
1.865793000000000000e+06
2.033906000000000000e+06
1.944810000000000000e+06
1.479593000000000000e+06
0.000000000000000000e+00
1.869359000000000000e+06
2.368152000000000000e+06
2.323867000000000000e+06
2.234604000000000000e+06
2.360976000000000000e+06
1.999682000000000000e+06
2.616000000000000000e+03
2.876566000000000000e+06
2.861469000000000000e+06
2.554173000000000000e+06
1.988769000000000000e+06
2.363346000000000000e+06
2.459765000000000000e+06
2.054170000000000000e+05
2.314958000000000000e+06
3.455320000000000000e+05
0.000000000000000000e+00
0.000000000000000000e+00
0.000000000000000000e+00
4.558220000000000000e+05
0.000000000000000000e+00
2.972002000000000000e+06
2.318104000000000000e+06
1.787827000000000000e+06
1.329680000000000000e+06
1.764260000000000000e+06
1.248079000000000000e+06
0.000000000000000000e+00
2.306937000000000000e+06
1.876812000000000000e+06
1.845188000000000000e+06
1.635333000000000000e+06
1.361925000000000000e+06
1.166890000000000000e+06
0.000000000000000000e+00
1.922632000000000000e+06
1.740450000000000000e+06
1.676480000000000000e+06
1.622924000000000000e+06
1.583111000000000000e+06
1.116946000000000000e+06
0.000000000000000000e+00
1.787709000000000000e+06
1.483675000000000000e+06
1.647225000000000000e+06
1.752698000000000000e+06
1.766097000000000000e+06
1.463334000000000000e+06
0.000000000000000000e+00
2.489699000000000000e+06
2.340924000000000000e+06
2.234612000000000000e+06
2.403816000000000000e+06
2.396950000000000000e+06
2.824122000000000000e+06
0.000000000000000000e+00
4.104622000000000000e+06
3.242193000000000000e+06
3.847871000000000000e+06
3.806906000000000000e+06
4.279011000000000000e+06
3.947523000000000000e+06
0.000000000000000000e+00
4.658642000000000000e+06
3.787473000000000000e+06
3.892153000000000000e+06
4.305427000000000000e+06
4.627900000000000000e+06
4.140510000000000000e+06
0.000000000000000000e+00
5.186171000000000000e+06
3.381504000000000000e+06
3.597952000000000000e+06
3.363549000000000000e+06
3.609536000000000000e+06
2.640598000000000000e+06
0.000000000000000000e+00
2.673402000000000000e+06
2.375992000000000000e+06
1.628290000000000000e+06
1.877408000000000000e+06
2.662661000000000000e+06
1.626831000000000000e+06
0.000000000000000000e+00
2.514245000000000000e+06
1.661275000000000000e+06
9.821600000000000000e+05
8.848800000000000000e+05
8.799030000000000000e+05
9.870170000000000000e+05
0.000000000000000000e+00
1.721676000000000000e+06
1.339937000000000000e+06
1.403888000000000000e+06
1.232285000000000000e+06
1.041560000000000000e+06
8.926190000000000000e+05
0.000000000000000000e+00
9.685180000000000000e+05
9.409290000000000000e+05
1.260602000000000000e+06
1.003969000000000000e+06
7.546590000000000000e+05
4.560990000000000000e+05
0.000000000000000000e+00
0.000000000000000000e+00
2.283530000000000000e+05
1.208249000000000000e+06
1.317131000000000000e+06
1.071390000000000000e+06
7.317180000000000000e+05
0.000000000000000000e+00
1.317637000000000000e+06
8.293210000000000000e+05
8.752610000000000000e+05
6.231130000000000000e+05
5.650130000000000000e+05
1.828790000000000000e+05
0.000000000000000000e+00
9.449270000000000000e+05
9.696470000000000000e+05
8.795680000000000000e+05
1.035947000000000000e+06
1.114494000000000000e+06
7.393110000000000000e+05
0.000000000000000000e+00
1.332523000000000000e+06
1.223166000000000000e+06
8.081340000000000000e+05
4.621130000000000000e+05
2.142610000000000000e+05
2.349870000000000000e+05
0.000000000000000000e+00
8.238070000000000000e+05
8.173530000000000000e+05
9.314060000000000000e+05
8.581920000000000000e+05
1.013076000000000000e+06
8.201240000000000000e+05
2.800000000000000000e+01
1.257300000000000000e+06
9.988260000000000000e+05
1.070332000000000000e+06
1.202311000000000000e+06
1.140351000000000000e+06
1.289998000000000000e+06
3.740000000000000000e+02
2.064770000000000000e+06
1.414275000000000000e+06
8.163560000000000000e+05
9.929000000000000000e+04
0.000000000000000000e+00
0.000000000000000000e+00
0.000000000000000000e+00
9.720120000000000000e+05
9.325900000000000000e+05
8.491390000000000000e+05
8.239710000000000000e+05
9.271410000000000000e+05
6.751210000000000000e+05
0.000000000000000000e+00
1.423280000000000000e+06
1.058041000000000000e+06
1.131527000000000000e+06
7.410020000000000000e+05
9.597260000000000000e+05
7.643720000000000000e+05
0.000000000000000000e+00
1.437933000000000000e+06
8.636620000000000000e+05
1.166498000000000000e+06
1.286832000000000000e+06
8.160080000000000000e+05
6.951300000000000000e+05
0.000000000000000000e+00
1.484801000000000000e+06
1.416099000000000000e+06
1.311223000000000000e+06
1.024829000000000000e+06
7.351010000000000000e+05
4.706650000000000000e+05
0.000000000000000000e+00
1.321837000000000000e+06
1.046131000000000000e+06
1.052893000000000000e+06
7.897570000000000000e+05
1.089756000000000000e+06
6.059070000000000000e+05
0.000000000000000000e+00
1.305807000000000000e+06
1.144516000000000000e+06
1.121796000000000000e+06
1.066167000000000000e+06
9.550220000000000000e+05
5.894550000000000000e+05
0.000000000000000000e+00
1.323742000000000000e+06
1.268377000000000000e+06
1.240560000000000000e+06
1.027751000000000000e+06
1.041885000000000000e+06
5.261220000000000000e+05
0.000000000000000000e+00
1.360890000000000000e+06
1.237508000000000000e+06
1.205093000000000000e+06
1.113888000000000000e+06
1.035189000000000000e+06
4.870910000000000000e+05
0.000000000000000000e+00
1.350922000000000000e+06
1.233876000000000000e+06
1.081318000000000000e+06
1.064101000000000000e+06
1.094115000000000000e+06
6.694690000000000000e+05
0.000000000000000000e+00
1.281082000000000000e+06
1.053095000000000000e+06
1.042755000000000000e+06
1.036822000000000000e+06
1.136726000000000000e+06
6.432450000000000000e+05
0.000000000000000000e+00
1.341915000000000000e+06
1.302527000000000000e+06
1.214485000000000000e+06
1.154608000000000000e+06
1.018558000000000000e+06
6.898790000000000000e+05
0.000000000000000000e+00
1.218535000000000000e+06
1.204298000000000000e+06
1.324091000000000000e+06
1.203120000000000000e+06
1.168367000000000000e+06
6.323240000000000000e+05
0.000000000000000000e+00
1.309612000000000000e+06
1.432871000000000000e+06
1.226337000000000000e+06
1.229652000000000000e+06
9.751300000000000000e+05
5.602720000000000000e+05
0.000000000000000000e+00
1.424156000000000000e+06
1.226910000000000000e+06
1.201899000000000000e+06
9.861430000000000000e+05
1.188352000000000000e+06
8.303610000000000000e+05
0.000000000000000000e+00
1.419923000000000000e+06
1.379583000000000000e+06
1.312321000000000000e+06
1.160017000000000000e+06
1.293993000000000000e+06
8.933480000000000000e+05
0.000000000000000000e+00
1.787010000000000000e+06
1.296696000000000000e+06
1.252957000000000000e+06
1.372042000000000000e+06
1.476231000000000000e+06
8.516490000000000000e+05
0.000000000000000000e+00
1.319448000000000000e+06
1.496805000000000000e+06
1.290692000000000000e+06
1.202257000000000000e+06
1.180207000000000000e+06
1.020785000000000000e+06
0.000000000000000000e+00
1.605857000000000000e+06
1.406733000000000000e+06
1.644970000000000000e+06
1.327625000000000000e+06
1.268305000000000000e+06
9.146310000000000000e+05
0.000000000000000000e+00
1.382640000000000000e+06
1.657833000000000000e+06
1.354050000000000000e+06
1.448529000000000000e+06
1.551314000000000000e+06
1.081438000000000000e+06
0.000000000000000000e+00
1.109244000000000000e+06
9.445730000000000000e+05
1.201370000000000000e+06
1.457947000000000000e+06
1.139309000000000000e+06
8.882360000000000000e+05
0.000000000000000000e+00
1.614814000000000000e+06
1.451039000000000000e+06
6.993930000000000000e+05
9.720860000000000000e+05
1.222356000000000000e+06
7.690900000000000000e+05
0.000000000000000000e+00
1.513938000000000000e+06
1.441909000000000000e+06
1.246679000000000000e+06
1.119611000000000000e+06
1.142917000000000000e+06
7.112820000000000000e+05
0.000000000000000000e+00
1.418302000000000000e+06
1.223032000000000000e+06
9.703140000000000000e+05
1.030230000000000000e+06
9.056420000000000000e+05
6.394230000000000000e+05
0.000000000000000000e+00
1.280878000000000000e+06
9.538740000000000000e+05
1.119574000000000000e+06
1.280811000000000000e+06
1.009307000000000000e+06
7.748300000000000000e+04
0.000000000000000000e+00
1.380166000000000000e+06
1.164974000000000000e+06
9.922130000000000000e+05
1.140699000000000000e+06
1.082665000000000000e+06
5.618570000000000000e+05
0.000000000000000000e+00
1.369621000000000000e+06
1.163535000000000000e+06
9.971650000000000000e+05
9.338730000000000000e+05
6.713510000000000000e+05
0.000000000000000000e+00
0.000000000000000000e+00
1.211800000000000000e+06
1.161050000000000000e+06
1.219340000000000000e+06
1.022816000000000000e+06
4.976710000000000000e+05
4.834510000000000000e+05
0.000000000000000000e+00
1.475252000000000000e+06
9.367820000000000000e+05
1.232291000000000000e+06
9.353530000000000000e+05
1.026538000000000000e+06
9.478050000000000000e+05
0.000000000000000000e+00
2.015800000000000000e+06
1.448412000000000000e+06
1.502824000000000000e+06
1.917204000000000000e+06
2.008792000000000000e+06
1.391609000000000000e+06
0.000000000000000000e+00
2.086328000000000000e+06
2.014573000000000000e+06
2.283996000000000000e+06
2.356429000000000000e+06
2.727515000000000000e+06
2.208871000000000000e+06
2.491000000000000000e+03
3.105297000000000000e+06
3.248799000000000000e+06
3.199951000000000000e+06
3.105505000000000000e+06
1.941893000000000000e+06
6.843370000000000000e+05
4.671000000000000000e+03
0.000000000000000000e+00
0.000000000000000000e+00
0.000000000000000000e+00
2.269295000000000000e+06
2.279697000000000000e+06
1.269916000000000000e+06
0.000000000000000000e+00
1.865383000000000000e+06
1.750932000000000000e+06
1.554774000000000000e+06
1.628948000000000000e+06
1.473255000000000000e+06
4.939450000000000000e+05
0.000000000000000000e+00
1.943424000000000000e+06
2.034339000000000000e+06
1.804249000000000000e+06
1.504740000000000000e+06
1.496219000000000000e+06
1.078696000000000000e+06
0.000000000000000000e+00
1.872557000000000000e+06
1.652232000000000000e+06
1.534839000000000000e+06
1.500724000000000000e+06
1.475705000000000000e+06
1.085054000000000000e+06
0.000000000000000000e+00
2.040076000000000000e+06
1.873152000000000000e+06
1.699663000000000000e+06
1.413734000000000000e+06
1.486913000000000000e+06
7.981840000000000000e+05
0.000000000000000000e+00
1.646195000000000000e+06
1.667765000000000000e+06
1.818144000000000000e+06
1.798881000000000000e+06
1.907278000000000000e+06
1.600782000000000000e+06
0.000000000000000000e+00
2.310455000000000000e+06
2.102292000000000000e+06
2.258684000000000000e+06
1.735879000000000000e+06
1.449615000000000000e+06
2.472391000000000000e+06
0.000000000000000000e+00
4.149288000000000000e+06
3.320143000000000000e+06
3.575725000000000000e+06
3.298893000000000000e+06
4.704175000000000000e+06
4.411261000000000000e+06
0.000000000000000000e+00
4.866809000000000000e+06
3.705270000000000000e+06
3.883443000000000000e+06
4.113865000000000000e+06
4.762449000000000000e+06
4.264197000000000000e+06
0.000000000000000000e+00
3.996509000000000000e+06
3.578268000000000000e+06
3.323389000000000000e+06
3.499999000000000000e+06
3.493349000000000000e+06
3.625724000000000000e+06
0.000000000000000000e+00
4.035157000000000000e+06
2.224887000000000000e+06
1.852742000000000000e+06
2.539380000000000000e+06
2.490963000000000000e+06
1.701476000000000000e+06
0.000000000000000000e+00
1.169351000000000000e+06
1.119888000000000000e+06
1.204841000000000000e+06
2.045073000000000000e+06
2.135263000000000000e+06
1.348899000000000000e+06
0.000000000000000000e+00
1.441416000000000000e+06
1.359407000000000000e+06
1.510257000000000000e+06
1.113951000000000000e+06
1.105110000000000000e+06
6.163650000000000000e+05
0.000000000000000000e+00
1.135394000000000000e+06
8.355660000000000000e+05
9.944480000000000000e+05
8.658530000000000000e+05
6.351510000000000000e+05
2.520020000000000000e+05
0.000000000000000000e+00
2.895260000000000000e+05
0.000000000000000000e+00
9.076200000000000000e+04
1.658773000000000000e+06
1.112761000000000000e+06
5.584920000000000000e+05
0.000000000000000000e+00
1.253545000000000000e+06
9.531750000000000000e+05
8.431570000000000000e+05
7.563290000000000000e+05
8.330510000000000000e+05
4.591230000000000000e+05
0.000000000000000000e+00
1.017730000000000000e+06
6.908560000000000000e+05
9.138280000000000000e+05
9.782530000000000000e+05
1.111321000000000000e+06
5.442620000000000000e+05
0.000000000000000000e+00
1.133947000000000000e+06
9.167480000000000000e+05
9.957490000000000000e+05
1.038870000000000000e+06
9.961040000000000000e+05
5.678570000000000000e+05
1.149600000000000000e+04
1.322224000000000000e+06
1.215761000000000000e+06
1.239629000000000000e+06
1.012490000000000000e+06
1.067080000000000000e+06
5.528570000000000000e+05
8.827000000000000000e+03
6.142800000000000000e+04
0.000000000000000000e+00
0.000000000000000000e+00
5.561000000000000000e+04
1.078953000000000000e+06
5.723610000000000000e+05
0.000000000000000000e+00
1.168532000000000000e+06
8.860590000000000000e+05
9.829390000000000000e+05
9.249660000000000000e+05
1.025128000000000000e+06
7.207370000000000000e+05
0.000000000000000000e+00
1.166599000000000000e+06
9.226110000000000000e+05
6.442220000000000000e+05
7.904610000000000000e+05
8.932120000000000000e+05
6.682080000000000000e+05
0.000000000000000000e+00
1.198741000000000000e+06
9.921390000000000000e+05
8.739980000000000000e+05
9.034840000000000000e+05
8.065620000000000000e+05
6.261110000000000000e+05
0.000000000000000000e+00
1.385690000000000000e+06
9.488560000000000000e+05
9.291790000000000000e+05
8.845170000000000000e+05
1.011762000000000000e+06
7.383360000000000000e+05
0.000000000000000000e+00
1.115162000000000000e+06
7.595770000000000000e+05
9.372760000000000000e+05
9.897380000000000000e+05
9.263330000000000000e+05
3.918220000000000000e+05
0.000000000000000000e+00
1.312259000000000000e+06
1.042638000000000000e+06
9.982550000000000000e+05
8.951530000000000000e+05
7.773300000000000000e+05
4.468260000000000000e+05
0.000000000000000000e+00
1.172228000000000000e+06
1.075059000000000000e+06
9.815000000000000000e+05
9.066810000000000000e+05
9.540360000000000000e+05
3.508900000000000000e+05
0.000000000000000000e+00
1.160565000000000000e+06
1.061530000000000000e+06
1.088064000000000000e+06
9.866730000000000000e+05
1.016243000000000000e+06
4.650270000000000000e+05
0.000000000000000000e+00
1.295160000000000000e+06
1.164617000000000000e+06
9.863520000000000000e+05
8.306810000000000000e+05
1.141007000000000000e+06
4.742390000000000000e+05
0.000000000000000000e+00
1.332716000000000000e+06
1.143856000000000000e+06
1.082860000000000000e+06
1.138887000000000000e+06
1.053437000000000000e+06
4.577530000000000000e+05
0.000000000000000000e+00
1.350857000000000000e+06
1.007197000000000000e+06
1.046353000000000000e+06
1.009925000000000000e+06
9.323000000000000000e+05
4.666450000000000000e+05
0.000000000000000000e+00
1.106063000000000000e+06
9.807590000000000000e+05
9.954550000000000000e+05
1.001223000000000000e+06
9.391720000000000000e+05
6.123070000000000000e+05
0.000000000000000000e+00
1.081169000000000000e+06
1.004792000000000000e+06
1.209840000000000000e+06
1.045362000000000000e+06
8.504650000000000000e+05
5.844580000000000000e+05
0.000000000000000000e+00
1.189152000000000000e+06
1.095863000000000000e+06
8.596060000000000000e+05
9.234010000000000000e+05
8.758610000000000000e+05
4.928730000000000000e+05
0.000000000000000000e+00
9.839740000000000000e+05
9.903730000000000000e+05
1.046843000000000000e+06
9.792350000000000000e+05
1.006202000000000000e+06
6.259370000000000000e+05
0.000000000000000000e+00
9.811920000000000000e+05
9.048220000000000000e+05
9.943720000000000000e+05
1.102906000000000000e+06
9.879150000000000000e+05
5.031380000000000000e+05
0.000000000000000000e+00
1.079389000000000000e+06
1.085672000000000000e+06
1.087550000000000000e+06
9.581970000000000000e+05
9.021510000000000000e+05
3.853170000000000000e+05
0.000000000000000000e+00
1.326884000000000000e+06
1.113594000000000000e+06
1.211973000000000000e+06
1.110878000000000000e+06
1.078508000000000000e+06
7.178460000000000000e+05
0.000000000000000000e+00
1.112508000000000000e+06
1.040370000000000000e+06
1.193409000000000000e+06
1.065574000000000000e+06
1.078901000000000000e+06
8.332600000000000000e+05
0.000000000000000000e+00
1.324912000000000000e+06
1.099275000000000000e+06
1.022542000000000000e+06
9.957090000000000000e+05
8.822060000000000000e+05
9.496870000000000000e+05
0.000000000000000000e+00
1.413367000000000000e+06
1.409643000000000000e+06
1.283306000000000000e+06
1.004275000000000000e+06
9.868990000000000000e+05
6.291970000000000000e+05
0.000000000000000000e+00
1.308206000000000000e+06
1.126909000000000000e+06
1.165577000000000000e+06
1.013222000000000000e+06
7.534550000000000000e+05
7.841870000000000000e+05
0.000000000000000000e+00
1.533771000000000000e+06
1.277092000000000000e+06
1.035409000000000000e+06
1.408942000000000000e+06
1.160800000000000000e+06
8.102200000000000000e+05
0.000000000000000000e+00
8.622540000000000000e+05
1.416881000000000000e+06
1.353747000000000000e+06
1.043224000000000000e+06
9.809700000000000000e+05
3.582420000000000000e+05
0.000000000000000000e+00
1.263286000000000000e+06
1.173709000000000000e+06
1.237617000000000000e+06
1.191059000000000000e+06
1.100801000000000000e+06
1.382130000000000000e+05
0.000000000000000000e+00
1.325000000000000000e+06
1.334387000000000000e+06
1.350967000000000000e+06
1.107120000000000000e+06
1.301975000000000000e+06
1.052312000000000000e+06
0.000000000000000000e+00
1.436167000000000000e+06
1.504103000000000000e+06
1.243984000000000000e+06
1.113424000000000000e+06
1.045845000000000000e+06
9.289340000000000000e+05
0.000000000000000000e+00
1.792488000000000000e+06
1.749441000000000000e+06
1.565281000000000000e+06
1.403031000000000000e+06
1.286590000000000000e+06
1.204662000000000000e+06
0.000000000000000000e+00
1.704249000000000000e+06
1.705675000000000000e+06
1.349222000000000000e+06
1.699791000000000000e+06
1.791077000000000000e+06
1.592249000000000000e+06
3.905000000000000000e+03
2.287540000000000000e+06
2.002409000000000000e+06
2.060086000000000000e+06
2.247428000000000000e+06
2.364818000000000000e+06
2.083555000000000000e+06
7.969700000000000000e+04
2.780115000000000000e+06
2.362640000000000000e+06
1.851963000000000000e+06
2.311790000000000000e+05
0.000000000000000000e+00
0.000000000000000000e+00
0.000000000000000000e+00
1.278761000000000000e+06
1.224325000000000000e+06
1.080829000000000000e+06
1.115733000000000000e+06
1.186165000000000000e+06
7.810260000000000000e+05
0.000000000000000000e+00
9.938020000000000000e+05
1.095217000000000000e+06
1.122358000000000000e+06
1.127507000000000000e+06
1.027363000000000000e+06
7.000370000000000000e+05
0.000000000000000000e+00
1.101752000000000000e+06
1.197339000000000000e+06
1.288695000000000000e+06
1.035475000000000000e+06
9.050210000000000000e+05
1.011440000000000000e+06
0.000000000000000000e+00
1.872058000000000000e+06
1.398710000000000000e+06
1.335026000000000000e+06
1.401521000000000000e+06
1.507402000000000000e+06
1.135838000000000000e+06
0.000000000000000000e+00
1.556988000000000000e+06
1.506050000000000000e+06
1.626597000000000000e+06
1.577924000000000000e+06
1.546998000000000000e+06
1.018078000000000000e+06
0.000000000000000000e+00
1.878306000000000000e+06
1.395372000000000000e+06
1.569744000000000000e+06
1.596534000000000000e+06
1.477255000000000000e+06
1.229840000000000000e+06
0.000000000000000000e+00
1.703941000000000000e+06
1.665872000000000000e+06
1.566128000000000000e+06
1.373569000000000000e+06
1.649990000000000000e+06
1.364606000000000000e+06
0.000000000000000000e+00
2.098830000000000000e+06
1.937612000000000000e+06
1.945617000000000000e+06
1.934616000000000000e+06
1.978250000000000000e+06
1.730919000000000000e+06
0.000000000000000000e+00
2.755872000000000000e+06
2.508398000000000000e+06
2.628432000000000000e+06
2.528319000000000000e+06
3.279323000000000000e+06
2.906770000000000000e+06
0.000000000000000000e+00
3.519903000000000000e+06
2.692801000000000000e+06
3.033010000000000000e+06
3.421897000000000000e+06
3.797422000000000000e+06
4.173595000000000000e+06
0.000000000000000000e+00
4.663755000000000000e+06
3.085672000000000000e+06
3.065753000000000000e+06
3.364014000000000000e+06
3.705430000000000000e+06
3.144403000000000000e+06
0.000000000000000000e+00
2.759735000000000000e+06
1.983462000000000000e+06
2.270215000000000000e+06
2.672642000000000000e+06
2.841239000000000000e+06
1.698271000000000000e+06
0.000000000000000000e+00
2.491274000000000000e+06
1.758380000000000000e+06
1.894827000000000000e+06
1.874465000000000000e+06
1.694734000000000000e+06
1.202053000000000000e+06
0.000000000000000000e+00
1.636751000000000000e+06
1.582554000000000000e+06
1.147965000000000000e+06
1.286017000000000000e+06
1.421960000000000000e+06
8.998160000000000000e+05
0.000000000000000000e+00
1.250293000000000000e+06
9.105600000000000000e+05
9.031530000000000000e+05
6.475880000000000000e+05
6.551060000000000000e+05
5.818130000000000000e+05
0.000000000000000000e+00
1.048476000000000000e+06
5.891750000000000000e+05
0.000000000000000000e+00
7.252200000000000000e+04
1.470138000000000000e+06
1.114884000000000000e+06
0.000000000000000000e+00
1.358074000000000000e+06
9.173610000000000000e+05
7.360790000000000000e+05
7.870330000000000000e+05
1.060149000000000000e+06
6.778530000000000000e+05
4.046000000000000000e+03
1.484249000000000000e+06
1.045151000000000000e+06
9.103320000000000000e+05
9.443310000000000000e+05
1.032142000000000000e+06
7.936820000000000000e+05
5.331000000000000000e+03
1.226261000000000000e+06
1.035125000000000000e+06
8.386150000000000000e+05
5.732130000000000000e+05
1.522950000000000000e+05
0.000000000000000000e+00
0.000000000000000000e+00
1.060000000000000000e+03
6.762430000000000000e+05
6.598760000000000000e+05
7.918660000000000000e+05
6.662430000000000000e+05
5.260560000000000000e+05
0.000000000000000000e+00
1.109746000000000000e+06
6.953910000000000000e+05
6.613210000000000000e+05
6.681900000000000000e+05
4.327060000000000000e+05
3.730660000000000000e+05
0.000000000000000000e+00
1.055130000000000000e+06
8.583110000000000000e+05
8.037710000000000000e+05
5.056350000000000000e+05
9.626660000000000000e+05
6.272600000000000000e+05
0.000000000000000000e+00
1.038173000000000000e+06
5.412720000000000000e+05
6.455830000000000000e+05
6.680520000000000000e+05
7.404350000000000000e+05
5.427570000000000000e+05
0.000000000000000000e+00
9.625470000000000000e+05
6.664430000000000000e+05
4.233240000000000000e+05
5.743800000000000000e+05
6.672890000000000000e+05
3.366720000000000000e+05
0.000000000000000000e+00
8.915290000000000000e+05
7.550140000000000000e+05
7.865300000000000000e+05
7.192180000000000000e+05
6.925460000000000000e+05
3.612160000000000000e+05
0.000000000000000000e+00
9.183440000000000000e+05
6.513080000000000000e+05
5.735120000000000000e+05
6.590040000000000000e+05
6.761350000000000000e+05
3.617750000000000000e+05
0.000000000000000000e+00
9.053690000000000000e+05
8.690440000000000000e+05
7.700050000000000000e+05
7.726490000000000000e+05
7.348060000000000000e+05
4.156670000000000000e+05
0.000000000000000000e+00
9.288530000000000000e+05
7.719560000000000000e+05
7.778610000000000000e+05
7.028160000000000000e+05
7.430820000000000000e+05
3.839250000000000000e+05
0.000000000000000000e+00
9.707000000000000000e+05
8.300940000000000000e+05
8.760910000000000000e+05
7.840200000000000000e+05
8.161920000000000000e+05
4.328720000000000000e+05
0.000000000000000000e+00
1.007985000000000000e+06
8.059430000000000000e+05
8.701020000000000000e+05
8.216560000000000000e+05
8.966660000000000000e+05
4.675010000000000000e+05
0.000000000000000000e+00
9.908110000000000000e+05
8.441280000000000000e+05
8.508790000000000000e+05
7.069670000000000000e+05
6.661420000000000000e+05
4.702320000000000000e+05
0.000000000000000000e+00
9.194710000000000000e+05
7.642700000000000000e+05
8.525670000000000000e+05
8.481190000000000000e+05
6.664800000000000000e+05
4.779150000000000000e+05
0.000000000000000000e+00
9.679240000000000000e+05
8.077260000000000000e+05
8.878050000000000000e+05
8.118530000000000000e+05
7.600450000000000000e+05
5.125170000000000000e+05
0.000000000000000000e+00
9.742730000000000000e+05
8.595670000000000000e+05
8.289630000000000000e+05
8.986620000000000000e+05
6.680280000000000000e+05
6.909680000000000000e+05
0.000000000000000000e+00
9.999960000000000000e+05
9.000670000000000000e+05
9.012150000000000000e+05
8.940190000000000000e+05
1.100260000000000000e+06
6.240700000000000000e+05
0.000000000000000000e+00
8.605290000000000000e+05
1.023417000000000000e+06
7.790590000000000000e+05
7.763000000000000000e+05
9.889490000000000000e+05
7.179980000000000000e+05
0.000000000000000000e+00
1.091112000000000000e+06
1.059803000000000000e+06
9.243500000000000000e+05
9.144810000000000000e+05
1.133885000000000000e+06
9.260310000000000000e+05
0.000000000000000000e+00
1.374416000000000000e+06
1.287911000000000000e+06
1.554995000000000000e+06
1.212728000000000000e+06
1.088650000000000000e+06
8.592260000000000000e+05
0.000000000000000000e+00
1.195348000000000000e+06
1.107502000000000000e+06
7.951380000000000000e+05
1.180685000000000000e+06
8.541660000000000000e+05
1.075547000000000000e+06
0.000000000000000000e+00
6.208870000000000000e+05
1.239251000000000000e+06
1.257971000000000000e+06
1.195318000000000000e+06
1.262904000000000000e+06
7.029890000000000000e+05
0.000000000000000000e+00
9.097770000000000000e+05
1.240112000000000000e+06
1.140635000000000000e+06
1.173155000000000000e+06
8.555300000000000000e+05
7.550270000000000000e+05
0.000000000000000000e+00
1.543387000000000000e+06
1.053657000000000000e+06
7.390460000000000000e+05
1.164497000000000000e+06
1.222074000000000000e+06
7.089640000000000000e+05
0.000000000000000000e+00
1.506839000000000000e+06
1.235294000000000000e+06
1.108577000000000000e+06
9.100720000000000000e+05
1.104181000000000000e+06
4.717870000000000000e+05
0.000000000000000000e+00
1.246865000000000000e+06
7.962330000000000000e+05
8.511530000000000000e+05
1.182236000000000000e+06
1.278609000000000000e+06
7.998140000000000000e+05
0.000000000000000000e+00
1.112195000000000000e+06
7.410650000000000000e+05
8.680290000000000000e+05
1.006980000000000000e+06
9.460700000000000000e+05
4.510930000000000000e+05
0.000000000000000000e+00
1.449613000000000000e+06
1.297862000000000000e+06
9.422980000000000000e+05
9.385410000000000000e+05
9.353950000000000000e+05
1.346640000000000000e+05
0.000000000000000000e+00
1.338851000000000000e+06
1.064317000000000000e+06
1.144585000000000000e+06
1.128500000000000000e+06
8.891240000000000000e+05
9.977140000000000000e+05
0.000000000000000000e+00
1.306228000000000000e+06
1.112958000000000000e+06
8.240420000000000000e+05
1.186741000000000000e+06
1.150750000000000000e+06
9.268500000000000000e+05
0.000000000000000000e+00
1.006365000000000000e+06
1.067840000000000000e+06
1.105726000000000000e+06
9.556600000000000000e+05
9.658070000000000000e+05
6.891710000000000000e+05
0.000000000000000000e+00
1.081744000000000000e+06
1.119431000000000000e+06
1.124731000000000000e+06
1.020007000000000000e+06
7.632370000000000000e+05
7.604750000000000000e+05
0.000000000000000000e+00
1.441114000000000000e+06
1.279573000000000000e+06
1.144725000000000000e+06
8.956260000000000000e+05
6.981790000000000000e+05
1.104419000000000000e+06
0.000000000000000000e+00
9.750200000000000000e+05
5.408390000000000000e+05
1.181780000000000000e+06
1.302284000000000000e+06
1.156804000000000000e+06
9.680760000000000000e+05
0.000000000000000000e+00
1.221527000000000000e+06
1.341383000000000000e+06
1.532768000000000000e+06
1.459121000000000000e+06
1.624507000000000000e+06
1.346087000000000000e+06
1.959000000000000000e+03
2.046279000000000000e+06
1.757452000000000000e+06
2.007463000000000000e+06
1.856955000000000000e+06
1.880087000000000000e+06
1.661087000000000000e+06
2.539600000000000000e+04
2.405040000000000000e+06
2.064173000000000000e+06
2.590640000000000000e+05
0.000000000000000000e+00
0.000000000000000000e+00
0.000000000000000000e+00
0.000000000000000000e+00
1.965223000000000000e+06
1.784369000000000000e+06
1.672858000000000000e+06
1.588120000000000000e+06
1.591815000000000000e+06
1.054154000000000000e+06
0.000000000000000000e+00
2.092964000000000000e+06
1.623858000000000000e+06
1.720867000000000000e+06
1.715335000000000000e+06
1.208708000000000000e+06
1.249884000000000000e+06
0.000000000000000000e+00
1.955827000000000000e+06
1.843020000000000000e+06
1.781517000000000000e+06
1.842436000000000000e+06
1.803209000000000000e+06
1.300875000000000000e+06
0.000000000000000000e+00
1.905497000000000000e+06
1.736670000000000000e+06
1.838428000000000000e+06
1.795599000000000000e+06
1.534871000000000000e+06
1.472050000000000000e+06
0.000000000000000000e+00
1.792398000000000000e+06
2.015918000000000000e+06
1.884528000000000000e+06
1.685401000000000000e+06
2.051413000000000000e+06
2.042133000000000000e+06
0.000000000000000000e+00
2.848514000000000000e+06
2.255113000000000000e+06
2.605665000000000000e+06
3.832567000000000000e+06
3.087928000000000000e+06
3.186575000000000000e+06
0.000000000000000000e+00
4.104627000000000000e+06
3.555600000000000000e+06
3.167662000000000000e+06
2.965483000000000000e+06
2.089657000000000000e+06
4.081737000000000000e+06
0.000000000000000000e+00
4.637415000000000000e+06
3.730433000000000000e+06
3.756729000000000000e+06
3.862596000000000000e+06
4.832426000000000000e+06
3.719393000000000000e+06
0.000000000000000000e+00
3.554044000000000000e+06
2.409388000000000000e+06
2.101907000000000000e+06
1.999858000000000000e+06
2.780894000000000000e+06
2.301398000000000000e+06
0.000000000000000000e+00
2.491899000000000000e+06
1.809893000000000000e+06
1.504623000000000000e+06
1.271220000000000000e+06
1.846140000000000000e+06
1.606708000000000000e+06
0.000000000000000000e+00
1.616632000000000000e+06
8.538900000000000000e+05
4.805900000000000000e+05
4.670150000000000000e+05
7.999790000000000000e+05
6.431750000000000000e+05
0.000000000000000000e+00
1.410372000000000000e+06
1.138779000000000000e+06
1.134494000000000000e+06
8.718220000000000000e+05
9.439670000000000000e+05
4.901440000000000000e+05
0.000000000000000000e+00
8.879390000000000000e+05
7.015210000000000000e+05
1.034271000000000000e+06
2.888470000000000000e+05
