0.000000000000000000e+00
8.449100000000000000e+04
7.706380000000000000e+05
8.319340000000000000e+05
7.937310000000000000e+05
8.636810000000000000e+05
8.827680000000000000e+05
0.000000000000000000e+00
8.052540000000000000e+05
5.425370000000000000e+05
8.257280000000000000e+05
8.693270000000000000e+05
8.828320000000000000e+05
8.276370000000000000e+05
0.000000000000000000e+00
8.329910000000000000e+05
7.377190000000000000e+05
7.801020000000000000e+05
6.815430000000000000e+05
7.330240000000000000e+05
5.918810000000000000e+05
2.384000000000000000e+03
6.673890000000000000e+05
6.489750000000000000e+05
0.000000000000000000e+00
0.000000000000000000e+00
0.000000000000000000e+00
0.000000000000000000e+00
0.000000000000000000e+00
0.000000000000000000e+00
0.000000000000000000e+00
7.258900000000000000e+05
6.840250000000000000e+05
7.824860000000000000e+05
8.483430000000000000e+05
0.000000000000000000e+00
8.005680000000000000e+05
7.774620000000000000e+05
7.892750000000000000e+05
8.559850000000000000e+05
8.076570000000000000e+05
4.797040000000000000e+05
0.000000000000000000e+00
6.570800000000000000e+05
7.790480000000000000e+05
8.125850000000000000e+05
7.584780000000000000e+05
7.566490000000000000e+05
7.401230000000000000e+05
0.000000000000000000e+00
7.248770000000000000e+05
6.837560000000000000e+05
6.197280000000000000e+05
6.075500000000000000e+05
5.078980000000000000e+05
5.972430000000000000e+05
0.000000000000000000e+00
1.014828000000000000e+06
8.571500000000000000e+05
8.832500000000000000e+05
8.373760000000000000e+05
7.804280000000000000e+05
8.272940000000000000e+05
0.000000000000000000e+00
1.050267000000000000e+06
9.375740000000000000e+05
8.097090000000000000e+05
7.624280000000000000e+05
8.049400000000000000e+05
8.247610000000000000e+05
0.000000000000000000e+00
7.383840000000000000e+05
7.653000000000000000e+05
7.446210000000000000e+05
7.311520000000000000e+05
8.326240000000000000e+05
6.410860000000000000e+05
0.000000000000000000e+00
7.663650000000000000e+05
7.357080000000000000e+05
7.306170000000000000e+05
8.297590000000000000e+05
8.498050000000000000e+05
6.872030000000000000e+05
0.000000000000000000e+00
9.695050000000000000e+05
9.476360000000000000e+05
8.821040000000000000e+05
9.535070000000000000e+05
8.654150000000000000e+05
9.063950000000000000e+05
0.000000000000000000e+00
8.651810000000000000e+05
7.938880000000000000e+05
8.041430000000000000e+05
7.278160000000000000e+05
6.882590000000000000e+05
5.506970000000000000e+05
0.000000000000000000e+00
9.526550000000000000e+05
9.139450000000000000e+05
8.818470000000000000e+05
8.026600000000000000e+05
9.011330000000000000e+05
7.927130000000000000e+05
0.000000000000000000e+00
7.881550000000000000e+05
8.956700000000000000e+05
5.774800000000000000e+05
8.092410000000000000e+05
7.804500000000000000e+05
6.845000000000000000e+05
0.000000000000000000e+00
7.567890000000000000e+05
7.179000000000000000e+05
7.037390000000000000e+05
6.609490000000000000e+05
6.252570000000000000e+05
7.148270000000000000e+05
0.000000000000000000e+00
8.411260000000000000e+05
7.553540000000000000e+05
7.396680000000000000e+05
7.723360000000000000e+05
6.271870000000000000e+05
5.747880000000000000e+05
0.000000000000000000e+00
8.598230000000000000e+05
9.458480000000000000e+05
7.234550000000000000e+05
6.975660000000000000e+05
8.048560000000000000e+05
7.227880000000000000e+05
0.000000000000000000e+00
8.683830000000000000e+05
9.035070000000000000e+05
8.647050000000000000e+05
7.360020000000000000e+05
8.003650000000000000e+05
6.479760000000000000e+05
0.000000000000000000e+00
8.255830000000000000e+05
8.757220000000000000e+05
8.274760000000000000e+05
7.327100000000000000e+05
7.972210000000000000e+05
6.129960000000000000e+05
0.000000000000000000e+00
7.387310000000000000e+05
6.054140000000000000e+05
6.597610000000000000e+05
8.012300000000000000e+05
7.817360000000000000e+05
6.578170000000000000e+05
0.000000000000000000e+00
8.990320000000000000e+05
8.133000000000000000e+05
7.329600000000000000e+05
6.630880000000000000e+05
7.102710000000000000e+05
6.173100000000000000e+05
0.000000000000000000e+00
7.875440000000000000e+05
8.884250000000000000e+05
8.135510000000000000e+05
8.017190000000000000e+05
6.944650000000000000e+05
4.595460000000000000e+05
0.000000000000000000e+00
8.145630000000000000e+05
6.868750000000000000e+05
6.673220000000000000e+05
6.906150000000000000e+05
6.778270000000000000e+05
6.175480000000000000e+05
0.000000000000000000e+00
7.939590000000000000e+05
7.118000000000000000e+05
6.834280000000000000e+05
5.958880000000000000e+05
5.905860000000000000e+05
6.018000000000000000e+05
0.000000000000000000e+00
8.117620000000000000e+05
7.347370000000000000e+05
7.137960000000000000e+05
7.057240000000000000e+05
6.549100000000000000e+05
4.650740000000000000e+05
0.000000000000000000e+00
7.800140000000000000e+05
5.640090000000000000e+05
5.772530000000000000e+05
6.507370000000000000e+05
6.070000000000000000e+05
4.709620000000000000e+05
0.000000000000000000e+00
7.053590000000000000e+05
6.373420000000000000e+05
6.336710000000000000e+05
5.848510000000000000e+05
6.199870000000000000e+05
6.073350000000000000e+05
0.000000000000000000e+00
7.033220000000000000e+05
6.282410000000000000e+05
5.980060000000000000e+05
6.735020000000000000e+05
6.854750000000000000e+05
5.266780000000000000e+05
0.000000000000000000e+00
7.354030000000000000e+05
6.827850000000000000e+05
6.656020000000000000e+05
7.210660000000000000e+05
8.983150000000000000e+05
1.542850000000000000e+05
0.000000000000000000e+00
8.288020000000000000e+05
6.995190000000000000e+05
6.506640000000000000e+05
6.436700000000000000e+05
5.618060000000000000e+05
5.006230000000000000e+05
0.000000000000000000e+00
7.878600000000000000e+05
7.048530000000000000e+05
6.635250000000000000e+05
7.362210000000000000e+05
7.463400000000000000e+05
7.232290000000000000e+05
0.000000000000000000e+00
8.261850000000000000e+05
7.374690000000000000e+05
7.197180000000000000e+05
6.500010000000000000e+05
5.752880000000000000e+05
6.375250000000000000e+05
0.000000000000000000e+00
7.958120000000000000e+05
8.843590000000000000e+05
8.141240000000000000e+05
8.210080000000000000e+05
8.022250000000000000e+05
6.544180000000000000e+05
0.000000000000000000e+00
8.749540000000000000e+05
7.750780000000000000e+05
7.723760000000000000e+05
7.991020000000000000e+05
7.214120000000000000e+05
7.402070000000000000e+05
0.000000000000000000e+00
8.757030000000000000e+05
6.642340000000000000e+05
8.272380000000000000e+05
7.441780000000000000e+05
8.242710000000000000e+05
7.269920000000000000e+05
0.000000000000000000e+00
8.947900000000000000e+05
8.553150000000000000e+05
8.266810000000000000e+05
7.708640000000000000e+05
7.412750000000000000e+05
6.178630000000000000e+05
0.000000000000000000e+00
8.995860000000000000e+05
8.086690000000000000e+05
7.176540000000000000e+05
6.171750000000000000e+05
7.186380000000000000e+05
7.256710000000000000e+05
3.360600000000000000e+04
9.891330000000000000e+05
1.431330000000000000e+05
0.000000000000000000e+00
0.000000000000000000e+00
0.000000000000000000e+00
4.206100000000000000e+04
0.000000000000000000e+00
9.509610000000000000e+05
7.924530000000000000e+05
9.078050000000000000e+05
7.445750000000000000e+05
8.189420000000000000e+05
7.922880000000000000e+05
0.000000000000000000e+00
1.102948000000000000e+06
8.155900000000000000e+05
7.815280000000000000e+05
8.196570000000000000e+05
7.818250000000000000e+05
6.267200000000000000e+05
0.000000000000000000e+00
7.951370000000000000e+05
8.490200000000000000e+05
7.129390000000000000e+05
7.182090000000000000e+05
7.056050000000000000e+05
6.424350000000000000e+05
0.000000000000000000e+00
8.518960000000000000e+05
6.336070000000000000e+05
6.915870000000000000e+05
8.111560000000000000e+05
7.807320000000000000e+05
5.302840000000000000e+05
0.000000000000000000e+00
6.293470000000000000e+05
6.474410000000000000e+05
6.850300000000000000e+05
7.279350000000000000e+05
6.889620000000000000e+05
6.070490000000000000e+05
0.000000000000000000e+00
7.769190000000000000e+05
6.073780000000000000e+05
6.128280000000000000e+05
6.182480000000000000e+05
6.074760000000000000e+05
6.356420000000000000e+05
0.000000000000000000e+00
7.095340000000000000e+05
6.184460000000000000e+05
6.945020000000000000e+05
6.586370000000000000e+05
6.108100000000000000e+05
5.396850000000000000e+05
0.000000000000000000e+00
7.409580000000000000e+05
6.504490000000000000e+05
5.920340000000000000e+05
7.061390000000000000e+05
6.455400000000000000e+05
5.220360000000000000e+05
0.000000000000000000e+00
8.208260000000000000e+05
7.029120000000000000e+05
6.059380000000000000e+05
5.893060000000000000e+05
7.152310000000000000e+05
5.649660000000000000e+05
0.000000000000000000e+00
7.406690000000000000e+05
6.295720000000000000e+05
4.673670000000000000e+05
5.053180000000000000e+05
5.861460000000000000e+05
5.927490000000000000e+05
0.000000000000000000e+00
8.192650000000000000e+05
6.422350000000000000e+05
7.200900000000000000e+05
6.788420000000000000e+05
7.261990000000000000e+05
6.930540000000000000e+05
0.000000000000000000e+00
8.261200000000000000e+05
5.584720000000000000e+05
7.071380000000000000e+05
8.391910000000000000e+05
6.994050000000000000e+05
6.758050000000000000e+05
0.000000000000000000e+00
0.000000000000000000e+00
1.268340000000000000e+05
1.002534000000000000e+06
9.389650000000000000e+05
9.016400000000000000e+05
7.538020000000000000e+05
0.000000000000000000e+00
8.746260000000000000e+05
7.085650000000000000e+05
6.629440000000000000e+05
5.955830000000000000e+05
5.209130000000000000e+05
3.466180000000000000e+05
0.000000000000000000e+00
7.226470000000000000e+05
9.056390000000000000e+05
7.956740000000000000e+05
6.996340000000000000e+05
8.661230000000000000e+05
9.175520000000000000e+05
0.000000000000000000e+00
9.595300000000000000e+05
8.599910000000000000e+05
7.866870000000000000e+05
6.543460000000000000e+05
5.098000000000000000e+05
3.283020000000000000e+05
0.000000000000000000e+00
6.638540000000000000e+05
7.722880000000000000e+05
7.788250000000000000e+05
7.347880000000000000e+05
9.560340000000000000e+05
8.601370000000000000e+05
3.411000000000000000e+03
9.034340000000000000e+05
6.431850000000000000e+05
6.806290000000000000e+05
6.307180000000000000e+05
8.054980000000000000e+05
7.792880000000000000e+05
1.252200000000000000e+04
1.134051000000000000e+06
8.737560000000000000e+05
7.809670000000000000e+05
2.359900000000000000e+04
0.000000000000000000e+00
0.000000000000000000e+00
0.000000000000000000e+00
6.625580000000000000e+05
5.595980000000000000e+05
6.345220000000000000e+05
6.803980000000000000e+05
8.328710000000000000e+05
5.808770000000000000e+05
0.000000000000000000e+00
7.611060000000000000e+05
6.905360000000000000e+05
8.170350000000000000e+05
6.780000000000000000e+05
5.292450000000000000e+05
6.402130000000000000e+05
0.000000000000000000e+00
8.382060000000000000e+05
7.002250000000000000e+05
5.989060000000000000e+05
7.204270000000000000e+05
6.775310000000000000e+05
5.509520000000000000e+05
0.000000000000000000e+00
7.119670000000000000e+05
5.802730000000000000e+05
6.644900000000000000e+05
7.388920000000000000e+05
6.893980000000000000e+05
4.193930000000000000e+05
0.000000000000000000e+00
8.096720000000000000e+05
7.311740000000000000e+05
6.973760000000000000e+05
2.619230000000000000e+05
8.935370000000000000e+05
7.979800000000000000e+05
0.000000000000000000e+00
1.145602000000000000e+06
8.711250000000000000e+05
8.543770000000000000e+05
8.207460000000000000e+05
7.777590000000000000e+05
8.491610000000000000e+05
0.000000000000000000e+00
6.770760000000000000e+05
6.166780000000000000e+05
7.961620000000000000e+05
7.678410000000000000e+05
6.369560000000000000e+05
6.102560000000000000e+05
0.000000000000000000e+00
7.674020000000000000e+05
7.518160000000000000e+05
8.314910000000000000e+05
8.666840000000000000e+05
7.874220000000000000e+05
5.479620000000000000e+05
0.000000000000000000e+00
4.902660000000000000e+05
7.722150000000000000e+05
8.533070000000000000e+05
8.293340000000000000e+05
8.691640000000000000e+05
6.525800000000000000e+05
0.000000000000000000e+00
8.659660000000000000e+05
5.814640000000000000e+05
5.266290000000000000e+05
5.695040000000000000e+05
6.558240000000000000e+05
5.841090000000000000e+05
0.000000000000000000e+00
9.112380000000000000e+05
7.502440000000000000e+05
7.543550000000000000e+05
8.016200000000000000e+05
6.721000000000000000e+05
6.491270000000000000e+05
0.000000000000000000e+00
7.294100000000000000e+05
7.898840000000000000e+05
7.490230000000000000e+05
7.056670000000000000e+05
7.034150000000000000e+05
6.177190000000000000e+05
0.000000000000000000e+00
8.515160000000000000e+05
8.081830000000000000e+05
7.439260000000000000e+05
6.187730000000000000e+05
5.737780000000000000e+05
4.660640000000000000e+05
0.000000000000000000e+00
7.575560000000000000e+05
6.378160000000000000e+05
5.958780000000000000e+05
5.865620000000000000e+05
7.523560000000000000e+05
5.300100000000000000e+05
0.000000000000000000e+00
7.805050000000000000e+05
7.547690000000000000e+05
7.053200000000000000e+05
7.692030000000000000e+05
8.290750000000000000e+05
6.524690000000000000e+05
0.000000000000000000e+00
9.456810000000000000e+05
7.727490000000000000e+05
7.346540000000000000e+05
7.256540000000000000e+05
7.835350000000000000e+05
6.289260000000000000e+05
0.000000000000000000e+00
8.445230000000000000e+05
7.380560000000000000e+05
7.484750000000000000e+05
7.420590000000000000e+05
7.434710000000000000e+05
5.316700000000000000e+05
0.000000000000000000e+00
8.238830000000000000e+05
7.274710000000000000e+05
7.803950000000000000e+05
6.534260000000000000e+05
6.199350000000000000e+05
5.966330000000000000e+05
0.000000000000000000e+00
7.928150000000000000e+05
8.058320000000000000e+05
6.408570000000000000e+05
5.368750000000000000e+05
7.155980000000000000e+05
6.719000000000000000e+05
0.000000000000000000e+00
7.492580000000000000e+05
6.457530000000000000e+05
6.495850000000000000e+05
6.657760000000000000e+05
6.626240000000000000e+05
4.807730000000000000e+05
0.000000000000000000e+00
7.149720000000000000e+05
6.134030000000000000e+05
5.545420000000000000e+05
7.603430000000000000e+05
5.678630000000000000e+05
5.059980000000000000e+05
0.000000000000000000e+00
6.166400000000000000e+05
6.441540000000000000e+05
5.635160000000000000e+05
5.823260000000000000e+05
5.901960000000000000e+05
4.086850000000000000e+05
0.000000000000000000e+00
5.839200000000000000e+05
5.819490000000000000e+05
5.374500000000000000e+05
5.794980000000000000e+05
5.446680000000000000e+05
4.347760000000000000e+05
0.000000000000000000e+00
5.745990000000000000e+05
5.832530000000000000e+05
7.370380000000000000e+05
6.303030000000000000e+05
5.462760000000000000e+05
6.547600000000000000e+04
0.000000000000000000e+00
7.109040000000000000e+05
6.264000000000000000e+05
6.125800000000000000e+05
6.409660000000000000e+05
5.736730000000000000e+05
5.608740000000000000e+05
0.000000000000000000e+00
7.332700000000000000e+05
7.233880000000000000e+05
7.458890000000000000e+05
6.712800000000000000e+05
5.148430000000000000e+05
0.000000000000000000e+00
0.000000000000000000e+00
8.160740000000000000e+05
7.521700000000000000e+05
7.242190000000000000e+05
7.609400000000000000e+05
5.479390000000000000e+05
4.457020000000000000e+05
0.000000000000000000e+00
9.115610000000000000e+05
7.536690000000000000e+05
7.032380000000000000e+05
6.477570000000000000e+05
7.112970000000000000e+05
6.389900000000000000e+05
0.000000000000000000e+00
8.388020000000000000e+05
8.673660000000000000e+05
8.608300000000000000e+05
9.235780000000000000e+05
9.332470000000000000e+05
6.968690000000000000e+05
0.000000000000000000e+00
8.925840000000000000e+05
8.727770000000000000e+05
8.233940000000000000e+05
7.790070000000000000e+05
7.832880000000000000e+05
6.561580000000000000e+05
2.096000000000000000e+03
7.605530000000000000e+05
7.582240000000000000e+05
8.639430000000000000e+05
8.746010000000000000e+05
7.017820000000000000e+05
4.228260000000000000e+05
2.490000000000000000e+03
0.000000000000000000e+00
0.000000000000000000e+00
0.000000000000000000e+00
5.529070000000000000e+05
8.485900000000000000e+05
7.309540000000000000e+05
0.000000000000000000e+00
9.677490000000000000e+05
9.215620000000000000e+05
7.339230000000000000e+05
7.725600000000000000e+05
7.190070000000000000e+05
3.676720000000000000e+05
0.000000000000000000e+00
6.741240000000000000e+05
6.641010000000000000e+05
7.413590000000000000e+05
6.727170000000000000e+05
7.293410000000000000e+05
6.337410000000000000e+05
0.000000000000000000e+00
7.627150000000000000e+05
6.118540000000000000e+05
6.314930000000000000e+05
6.630110000000000000e+05
6.745590000000000000e+05
5.581840000000000000e+05
0.000000000000000000e+00
8.020500000000000000e+05
7.456850000000000000e+05
6.750650000000000000e+05
7.214480000000000000e+05
6.633060000000000000e+05
4.777380000000000000e+05
0.000000000000000000e+00
7.025370000000000000e+05
6.728550000000000000e+05
6.998190000000000000e+05
7.037440000000000000e+05
6.957130000000000000e+05
5.439410000000000000e+05
0.000000000000000000e+00
7.403530000000000000e+05
6.216700000000000000e+05
6.269930000000000000e+05
5.688580000000000000e+05
4.894460000000000000e+05
5.517770000000000000e+05
0.000000000000000000e+00
8.811330000000000000e+05
6.829220000000000000e+05
6.228200000000000000e+05
6.526260000000000000e+05
6.850010000000000000e+05
5.791950000000000000e+05
0.000000000000000000e+00
8.538310000000000000e+05
7.068030000000000000e+05
6.961510000000000000e+05
6.207370000000000000e+05
6.745350000000000000e+05
5.575680000000000000e+05
0.000000000000000000e+00
7.073410000000000000e+05
6.526190000000000000e+05
6.279390000000000000e+05
6.535170000000000000e+05
5.895380000000000000e+05
5.476030000000000000e+05
0.000000000000000000e+00
8.934460000000000000e+05
7.012190000000000000e+05
6.679330000000000000e+05
6.187530000000000000e+05
6.482750000000000000e+05
5.469810000000000000e+05
0.000000000000000000e+00
4.536300000000000000e+05
4.600100000000000000e+05
5.901010000000000000e+05
7.151070000000000000e+05
6.808700000000000000e+05
7.158030000000000000e+05
0.000000000000000000e+00
9.138570000000000000e+05
7.804010000000000000e+05
7.325900000000000000e+05
7.533070000000000000e+05
7.421360000000000000e+05
5.495680000000000000e+05
0.000000000000000000e+00
7.591630000000000000e+05
6.011110000000000000e+05
6.711610000000000000e+05
7.206530000000000000e+05
7.298890000000000000e+05
4.082350000000000000e+05
0.000000000000000000e+00
2.514370000000000000e+05
0.000000000000000000e+00
1.077830000000000000e+05
1.165192000000000000e+06
9.059760000000000000e+05
7.721710000000000000e+05
0.000000000000000000e+00
9.928680000000000000e+05
8.318870000000000000e+05
8.892500000000000000e+05
7.881230000000000000e+05
7.370800000000000000e+05
5.586620000000000000e+05
0.000000000000000000e+00
7.990780000000000000e+05
8.092710000000000000e+05
7.000620000000000000e+05
6.743110000000000000e+05
6.568760000000000000e+05
5.128850000000000000e+05
0.000000000000000000e+00
8.098630000000000000e+05
7.257060000000000000e+05
8.857350000000000000e+05
6.924220000000000000e+05
7.900060000000000000e+05
6.207940000000000000e+05
0.000000000000000000e+00
8.292190000000000000e+05
8.932980000000000000e+05
7.899560000000000000e+05
8.056940000000000000e+05
8.109890000000000000e+05
5.005720000000000000e+05
0.000000000000000000e+00
3.963400000000000000e+04
0.000000000000000000e+00
0.000000000000000000e+00
8.689200000000000000e+04
4.539000000000000000e+05
7.760030000000000000e+05
0.000000000000000000e+00
8.745090000000000000e+05
9.204180000000000000e+05
8.910730000000000000e+05
7.911070000000000000e+05
7.670280000000000000e+05
7.116480000000000000e+05
0.000000000000000000e+00
7.873500000000000000e+05
6.407930000000000000e+05
6.833010000000000000e+05
6.056630000000000000e+05
6.723110000000000000e+05
6.464500000000000000e+05
0.000000000000000000e+00
6.911690000000000000e+05
6.493410000000000000e+05
6.106690000000000000e+05
5.652530000000000000e+05
6.829750000000000000e+05
4.522910000000000000e+05
0.000000000000000000e+00
3.553740000000000000e+05
8.489460000000000000e+05
7.705330000000000000e+05
6.458710000000000000e+05
8.100030000000000000e+05
7.219980000000000000e+05
0.000000000000000000e+00
8.101530000000000000e+05
7.358250000000000000e+05
7.294990000000000000e+05
4.927830000000000000e+05
8.043370000000000000e+05
7.709700000000000000e+05
0.000000000000000000e+00
8.590780000000000000e+05
8.384680000000000000e+05
6.433830000000000000e+05
6.119950000000000000e+05
5.759370000000000000e+05
6.306850000000000000e+05
0.000000000000000000e+00
6.949410000000000000e+05
5.827450000000000000e+05
5.500030000000000000e+05
3.619850000000000000e+05
6.763420000000000000e+05
6.318390000000000000e+05
0.000000000000000000e+00
7.454030000000000000e+05
7.719130000000000000e+05
7.518620000000000000e+05
5.360730000000000000e+05
1.006296000000000000e+06
7.235910000000000000e+05
0.000000000000000000e+00
7.201890000000000000e+05
8.117860000000000000e+05
5.996740000000000000e+05
4.277050000000000000e+05
5.971780000000000000e+05
7.129440000000000000e+05
0.000000000000000000e+00
7.246080000000000000e+05
6.804520000000000000e+05
6.627860000000000000e+05
6.219190000000000000e+05
5.504780000000000000e+05
4.725080000000000000e+05
0.000000000000000000e+00
4.427530000000000000e+05
5.169050000000000000e+05
5.497270000000000000e+05
5.701580000000000000e+05
5.252920000000000000e+05
5.987700000000000000e+05
0.000000000000000000e+00
7.485840000000000000e+05
5.705340000000000000e+05
5.843570000000000000e+05
5.818360000000000000e+05
7.164540000000000000e+05
5.541560000000000000e+05
0.000000000000000000e+00
6.630210000000000000e+05
6.708860000000000000e+05
6.296910000000000000e+05
5.753620000000000000e+05
6.388150000000000000e+05
4.995600000000000000e+05
0.000000000000000000e+00
6.782010000000000000e+05
6.876480000000000000e+05
5.802380000000000000e+05
5.670750000000000000e+05
5.883650000000000000e+05
5.494500000000000000e+05
0.000000000000000000e+00
5.667490000000000000e+05
5.771260000000000000e+05
6.939280000000000000e+05
6.288550000000000000e+05
6.381550000000000000e+05
5.826820000000000000e+05
0.000000000000000000e+00
7.441660000000000000e+05
6.281980000000000000e+05
6.105500000000000000e+05
6.151920000000000000e+05
6.207300000000000000e+05
5.753360000000000000e+05
0.000000000000000000e+00
8.461600000000000000e+05
7.017820000000000000e+05
6.469260000000000000e+05
5.738040000000000000e+05
7.118770000000000000e+05
3.505910000000000000e+05
0.000000000000000000e+00
8.121660000000000000e+05
6.774560000000000000e+05
6.405960000000000000e+05
6.173520000000000000e+05
5.565440000000000000e+05
4.452990000000000000e+05
0.000000000000000000e+00
5.982120000000000000e+05
6.808640000000000000e+05
4.919140000000000000e+05
5.539730000000000000e+05
5.531350000000000000e+05
6.262950000000000000e+05
0.000000000000000000e+00
6.992810000000000000e+05
6.183100000000000000e+05
6.975230000000000000e+05
6.132680000000000000e+05
5.389070000000000000e+05
5.504060000000000000e+05
0.000000000000000000e+00
6.780930000000000000e+05
7.274860000000000000e+05
7.518090000000000000e+05
6.863160000000000000e+05
5.880720000000000000e+05
4.428110000000000000e+05
0.000000000000000000e+00
6.565550000000000000e+05
6.398100000000000000e+05
6.656980000000000000e+05
5.890310000000000000e+05
4.273420000000000000e+05
4.675660000000000000e+05
0.000000000000000000e+00
7.113410000000000000e+05
7.076940000000000000e+05
6.390120000000000000e+05
5.791190000000000000e+05
5.612740000000000000e+05
4.857880000000000000e+05
0.000000000000000000e+00
4.679790000000000000e+05
5.707770000000000000e+05
6.242660000000000000e+05
6.369880000000000000e+05
4.562550000000000000e+05
3.868570000000000000e+05
0.000000000000000000e+00
6.526260000000000000e+05
5.692000000000000000e+05
5.132740000000000000e+05
6.858720000000000000e+05
6.109500000000000000e+05
8.828800000000000000e+04
0.000000000000000000e+00
8.780240000000000000e+05
7.853730000000000000e+05
6.697300000000000000e+05
4.353320000000000000e+05
6.955390000000000000e+05
6.058460000000000000e+05
0.000000000000000000e+00
8.506800000000000000e+05
7.086330000000000000e+05
6.729380000000000000e+05
6.433780000000000000e+05
5.235670000000000000e+05
3.837470000000000000e+05
0.000000000000000000e+00
9.128480000000000000e+05
9.593640000000000000e+05
8.392180000000000000e+05
6.487990000000000000e+05
6.996780000000000000e+05
5.941540000000000000e+05
0.000000000000000000e+00
8.040230000000000000e+05
7.523510000000000000e+05
7.398560000000000000e+05
6.585720000000000000e+05
6.866470000000000000e+05
5.947020000000000000e+05
9.010000000000000000e+02
8.307990000000000000e+05
7.861740000000000000e+05
8.136560000000000000e+05
7.105510000000000000e+05
9.242420000000000000e+05
5.332110000000000000e+05
1.199000000000000000e+03
7.813780000000000000e+05
7.731960000000000000e+05
6.512600000000000000e+05
4.348700000000000000e+04
0.000000000000000000e+00
0.000000000000000000e+00
0.000000000000000000e+00
7.343710000000000000e+05
7.250580000000000000e+05
6.374430000000000000e+05
7.141020000000000000e+05
6.648230000000000000e+05
5.946090000000000000e+05
0.000000000000000000e+00
5.285160000000000000e+05
5.158050000000000000e+05
6.638230000000000000e+05
6.868670000000000000e+05
6.844930000000000000e+05
5.530930000000000000e+05
0.000000000000000000e+00
7.036590000000000000e+05
6.668440000000000000e+05
5.997630000000000000e+05
4.900810000000000000e+05
3.804470000000000000e+05
6.048280000000000000e+05
0.000000000000000000e+00
6.448150000000000000e+05
5.722780000000000000e+05
5.229520000000000000e+05
6.373770000000000000e+05
7.234210000000000000e+05
6.351950000000000000e+05
0.000000000000000000e+00
8.623240000000000000e+05
6.773390000000000000e+05
6.871570000000000000e+05
6.243050000000000000e+05
7.946100000000000000e+05
4.582570000000000000e+05
0.000000000000000000e+00
7.542340000000000000e+05
6.933970000000000000e+05
7.043040000000000000e+05
6.581760000000000000e+05
6.461610000000000000e+05
5.137680000000000000e+05
0.000000000000000000e+00
7.407030000000000000e+05
5.997060000000000000e+05
6.619930000000000000e+05
6.375120000000000000e+05
6.824700000000000000e+05
7.235770000000000000e+05
0.000000000000000000e+00
7.818700000000000000e+05
6.594160000000000000e+05
6.683940000000000000e+05
6.232130000000000000e+05
6.654170000000000000e+05
6.434430000000000000e+05
0.000000000000000000e+00
7.498680000000000000e+05
6.089380000000000000e+05
6.985450000000000000e+05
6.219270000000000000e+05
5.089710000000000000e+05
4.520300000000000000e+05
0.000000000000000000e+00
6.371390000000000000e+05
5.770240000000000000e+05
4.926720000000000000e+05
5.616690000000000000e+05
5.432570000000000000e+05
5.215420000000000000e+05
0.000000000000000000e+00
7.046540000000000000e+05
5.928140000000000000e+05
6.420970000000000000e+05
6.040930000000000000e+05
6.424030000000000000e+05
4.539030000000000000e+05
0.000000000000000000e+00
6.622700000000000000e+05
6.511240000000000000e+05
5.802540000000000000e+05
5.554880000000000000e+05
4.992520000000000000e+05
4.993370000000000000e+05
0.000000000000000000e+00
7.319210000000000000e+05
5.890760000000000000e+05
7.265400000000000000e+05
6.199510000000000000e+05
6.184300000000000000e+05
5.089840000000000000e+05
0.000000000000000000e+00
6.941510000000000000e+05
6.030520000000000000e+05
5.218730000000000000e+05
5.274220000000000000e+05
5.624940000000000000e+05
6.207350000000000000e+05
0.000000000000000000e+00
7.556880000000000000e+05
7.032820000000000000e+05
6.634700000000000000e+05
5.932570000000000000e+05
5.872800000000000000e+05
5.225130000000000000e+05
0.000000000000000000e+00
7.701710000000000000e+05
5.864240000000000000e+05
0.000000000000000000e+00
9.943300000000000000e+04
7.660900000000000000e+05
5.846080000000000000e+05
0.000000000000000000e+00
9.943130000000000000e+05
7.685350000000000000e+05
5.898510000000000000e+05
5.273020000000000000e+05
6.384480000000000000e+05
5.405500000000000000e+05
5.760000000000000000e+02
8.632990000000000000e+05
7.335550000000000000e+05
7.680090000000000000e+05
6.080870000000000000e+05
6.597700000000000000e+05
6.330190000000000000e+05
8.000000000000000000e+02
8.906100000000000000e+05
6.319870000000000000e+05
6.479850000000000000e+05
4.758170000000000000e+05
1.271000000000000000e+04
0.000000000000000000e+00
0.000000000000000000e+00
0.000000000000000000e+00
4.181320000000000000e+05
5.464020000000000000e+05
5.382700000000000000e+05
6.189620000000000000e+05
6.454690000000000000e+05
0.000000000000000000e+00
8.317020000000000000e+05
8.159170000000000000e+05
7.882170000000000000e+05
6.934730000000000000e+05
6.605440000000000000e+05
3.480800000000000000e+05
0.000000000000000000e+00
6.779610000000000000e+05
6.136040000000000000e+05
6.311920000000000000e+05
5.767640000000000000e+05
4.560350000000000000e+05
5.695990000000000000e+05
0.000000000000000000e+00
7.731630000000000000e+05
6.821990000000000000e+05
5.829580000000000000e+05
6.362500000000000000e+05
6.830540000000000000e+05
6.918870000000000000e+05
0.000000000000000000e+00
7.886810000000000000e+05
6.452250000000000000e+05
5.903670000000000000e+05
5.111020000000000000e+05
5.027680000000000000e+05
5.093110000000000000e+05
0.000000000000000000e+00
6.344050000000000000e+05
6.947790000000000000e+05
7.180470000000000000e+05
6.782540000000000000e+05
7.142770000000000000e+05
6.507390000000000000e+05
0.000000000000000000e+00
6.720710000000000000e+05
6.015400000000000000e+05
5.114930000000000000e+05
4.287650000000000000e+05
5.658660000000000000e+05
6.132700000000000000e+05
0.000000000000000000e+00
7.089330000000000000e+05
6.805890000000000000e+05
6.096180000000000000e+05
6.501070000000000000e+05
5.883130000000000000e+05
5.580120000000000000e+05
0.000000000000000000e+00
6.294930000000000000e+05
5.725460000000000000e+05
6.401100000000000000e+05
6.384740000000000000e+05
5.282170000000000000e+05
4.117990000000000000e+05
0.000000000000000000e+00
4.976950000000000000e+05
5.633390000000000000e+05
6.308700000000000000e+05
5.781310000000000000e+05
5.341910000000000000e+05
4.966340000000000000e+05
0.000000000000000000e+00
5.620160000000000000e+05
6.085970000000000000e+05
5.149930000000000000e+05
5.326160000000000000e+05
4.184310000000000000e+05
3.898700000000000000e+05
0.000000000000000000e+00
5.556720000000000000e+05
4.213410000000000000e+05
5.351410000000000000e+05
4.666340000000000000e+05
4.565740000000000000e+05
4.181830000000000000e+05
0.000000000000000000e+00
5.287370000000000000e+05
4.167690000000000000e+05
4.284220000000000000e+05
4.409460000000000000e+05
3.690020000000000000e+05
4.156500000000000000e+05
0.000000000000000000e+00
5.209360000000000000e+05
3.975030000000000000e+05
5.369630000000000000e+05
4.826350000000000000e+05
5.072510000000000000e+05
4.280190000000000000e+05
0.000000000000000000e+00
6.186480000000000000e+05
5.342020000000000000e+05
6.682980000000000000e+05
7.178920000000000000e+05
5.020100000000000000e+05
4.662230000000000000e+05
0.000000000000000000e+00
6.809090000000000000e+05
7.354450000000000000e+05
6.981380000000000000e+05
7.388820000000000000e+05
6.295410000000000000e+05
4.448960000000000000e+05
0.000000000000000000e+00
5.798230000000000000e+05
6.374540000000000000e+05
5.698850000000000000e+05
5.874240000000000000e+05
6.138840000000000000e+05
5.408900000000000000e+05
0.000000000000000000e+00
7.747460000000000000e+05
7.098560000000000000e+05
6.734960000000000000e+05
7.260000000000000000e+05
6.881670000000000000e+05
5.875080000000000000e+05
0.000000000000000000e+00
7.961750000000000000e+05
8.385830000000000000e+05
9.309670000000000000e+05
6.821340000000000000e+05
6.039750000000000000e+05
5.309580000000000000e+05
0.000000000000000000e+00
7.836700000000000000e+05
6.679460000000000000e+05
4.307640000000000000e+05
5.635510000000000000e+05
5.953980000000000000e+05
5.896200000000000000e+05
0.000000000000000000e+00
5.419190000000000000e+05
6.305100000000000000e+05
6.612000000000000000e+05
6.434140000000000000e+05
5.092170000000000000e+05
3.451760000000000000e+05
0.000000000000000000e+00
6.325370000000000000e+05
6.663330000000000000e+05
6.653010000000000000e+05
6.649810000000000000e+05
6.650020000000000000e+05
6.046070000000000000e+05
0.000000000000000000e+00
7.486590000000000000e+05
4.548250000000000000e+05
5.633500000000000000e+05
5.172380000000000000e+05
8.684720000000000000e+05
5.183460000000000000e+05
0.000000000000000000e+00
8.039180000000000000e+05
7.743840000000000000e+05
6.909730000000000000e+05
5.991460000000000000e+05
5.832540000000000000e+05
4.329180000000000000e+05
0.000000000000000000e+00
6.361070000000000000e+05
4.788540000000000000e+05
5.106830000000000000e+05
5.769920000000000000e+05
6.618010000000000000e+05
4.761780000000000000e+05
0.000000000000000000e+00
6.522770000000000000e+05
6.452750000000000000e+05
4.036330000000000000e+05
5.972150000000000000e+05
5.087630000000000000e+05
3.202860000000000000e+05
0.000000000000000000e+00
6.193910000000000000e+05
5.641200000000000000e+05
5.447410000000000000e+05
4.825140000000000000e+05
5.992610000000000000e+05
5.727600000000000000e+04
0.000000000000000000e+00
6.452300000000000000e+05
6.575310000000000000e+05
7.247380000000000000e+05
5.008800000000000000e+05
5.395440000000000000e+05
5.464230000000000000e+05
0.000000000000000000e+00
7.542530000000000000e+05
6.899990000000000000e+05
4.143530000000000000e+05
5.809270000000000000e+05
6.007700000000000000e+05
5.413380000000000000e+05
0.000000000000000000e+00
5.911340000000000000e+05
7.043520000000000000e+05
6.496250000000000000e+05
6.288730000000000000e+05
6.558780000000000000e+05
5.604370000000000000e+05
0.000000000000000000e+00
6.343310000000000000e+05
6.220650000000000000e+05
6.248040000000000000e+05
5.634910000000000000e+05
5.974850000000000000e+05
5.709170000000000000e+05
0.000000000000000000e+00
6.222940000000000000e+05
7.298570000000000000e+05
7.323340000000000000e+05
6.638420000000000000e+05
3.826710000000000000e+05
6.279470000000000000e+05
0.000000000000000000e+00
5.476730000000000000e+05
7.067550000000000000e+05
5.388910000000000000e+05
5.791600000000000000e+05
6.269720000000000000e+05
6.265760000000000000e+05
0.000000000000000000e+00
6.537170000000000000e+05
6.333600000000000000e+05
6.527830000000000000e+05
7.274920000000000000e+05
6.853820000000000000e+05
6.199040000000000000e+05
0.000000000000000000e+00
7.760910000000000000e+05
6.826910000000000000e+05
6.707190000000000000e+05
6.564990000000000000e+05
7.168010000000000000e+05
5.026720000000000000e+05
1.657300000000000000e+04
7.320050000000000000e+05
7.238900000000000000e+05
2.446250000000000000e+05
0.000000000000000000e+00
0.000000000000000000e+00
0.000000000000000000e+00
0.000000000000000000e+00
7.125970000000000000e+05
8.460510000000000000e+05
6.998760000000000000e+05
6.682630000000000000e+05
6.133770000000000000e+05
5.480430000000000000e+05
0.000000000000000000e+00
7.069040000000000000e+05
4.737480000000000000e+05
5.631820000000000000e+05
5.526220000000000000e+05
4.660680000000000000e+05
5.218630000000000000e+05
0.000000000000000000e+00
7.864310000000000000e+05
7.728820000000000000e+05
6.799710000000000000e+05
7.427300000000000000e+05
6.226320000000000000e+05
5.269490000000000000e+05
0.000000000000000000e+00
7.748080000000000000e+05
6.046790000000000000e+05
5.734990000000000000e+05
5.862620000000000000e+05
4.937590000000000000e+05
4.720420000000000000e+05
0.000000000000000000e+00
6.705910000000000000e+05
8.201160000000000000e+05
6.620960000000000000e+05
6.132300000000000000e+05
6.398630000000000000e+05
5.729870000000000000e+05
0.000000000000000000e+00
7.943100000000000000e+05
6.478390000000000000e+05
6.738030000000000000e+05
5.864670000000000000e+05
6.264800000000000000e+05
5.198290000000000000e+05
0.000000000000000000e+00
8.500240000000000000e+05
6.450670000000000000e+05
6.013410000000000000e+05
5.670330000000000000e+05
4.608350000000000000e+05
5.274400000000000000e+05
0.000000000000000000e+00
7.701830000000000000e+05
7.174710000000000000e+05
7.399970000000000000e+05
7.039260000000000000e+05
6.282170000000000000e+05
5.822970000000000000e+05
0.000000000000000000e+00
7.329900000000000000e+05
6.977380000000000000e+05
6.893690000000000000e+05
8.483510000000000000e+05
7.217120000000000000e+05
6.499930000000000000e+05
0.000000000000000000e+00
7.770070000000000000e+05
6.876420000000000000e+05
5.450690000000000000e+05
3.403220000000000000e+05
5.890710000000000000e+05
5.392950000000000000e+05
0.000000000000000000e+00
7.142940000000000000e+05
4.321830000000000000e+05
3.651470000000000000e+05
5.642520000000000000e+05
5.306980000000000000e+05
6.009280000000000000e+05
0.000000000000000000e+00
9.658440000000000000e+05
7.586030000000000000e+05
7.593030000000000000e+05
6.544250000000000000e+05
5.637310000000000000e+05
4.851900000000000000e+05
0.000000000000000000e+00
7.780040000000000000e+05
6.802690000000000000e+05
6.381340000000000000e+05
4.654880000000000000e+05
