0.000000000000000000e+00
3.611700000000000000e+04
2.482330000000000000e+05
2.200630000000000000e+05
2.204520000000000000e+05
2.222770000000000000e+05
2.443040000000000000e+05
0.000000000000000000e+00
2.658010000000000000e+05
2.275060000000000000e+05
2.354060000000000000e+05
2.256200000000000000e+05
2.345060000000000000e+05
2.223820000000000000e+05
0.000000000000000000e+00
2.163340000000000000e+05
1.912410000000000000e+05
1.943430000000000000e+05
2.035040000000000000e+05
2.123400000000000000e+05
2.226800000000000000e+05
8.020000000000000000e+02
3.005680000000000000e+05
2.334060000000000000e+05
0.000000000000000000e+00
0.000000000000000000e+00
0.000000000000000000e+00
0.000000000000000000e+00
0.000000000000000000e+00
0.000000000000000000e+00
0.000000000000000000e+00
2.533250000000000000e+05
2.081390000000000000e+05
2.122170000000000000e+05
2.319810000000000000e+05
0.000000000000000000e+00
2.717500000000000000e+05
2.207750000000000000e+05
2.178900000000000000e+05
2.037870000000000000e+05
1.996390000000000000e+05
1.775340000000000000e+05
0.000000000000000000e+00
1.901690000000000000e+05
1.843580000000000000e+05
2.001470000000000000e+05
1.986880000000000000e+05
2.144310000000000000e+05
2.337890000000000000e+05
0.000000000000000000e+00
2.794270000000000000e+05
2.362140000000000000e+05
2.296900000000000000e+05
2.121460000000000000e+05
2.325060000000000000e+05
2.298330000000000000e+05
0.000000000000000000e+00
2.415020000000000000e+05
2.167670000000000000e+05
2.173360000000000000e+05
2.340100000000000000e+05
2.626110000000000000e+05
2.701960000000000000e+05
0.000000000000000000e+00
3.166400000000000000e+05
2.688340000000000000e+05
2.645830000000000000e+05
2.644510000000000000e+05
2.577280000000000000e+05
2.674500000000000000e+05
0.000000000000000000e+00
2.712900000000000000e+05
2.500950000000000000e+05
2.620490000000000000e+05
2.536620000000000000e+05
2.624570000000000000e+05
2.663820000000000000e+05
0.000000000000000000e+00
2.865280000000000000e+05
2.413190000000000000e+05
2.598570000000000000e+05
1.856570000000000000e+05
2.611930000000000000e+05
2.606510000000000000e+05
0.000000000000000000e+00
2.870940000000000000e+05
2.635800000000000000e+05
2.636360000000000000e+05
2.599670000000000000e+05
2.612940000000000000e+05
2.588260000000000000e+05
0.000000000000000000e+00
2.976680000000000000e+05
2.648870000000000000e+05
2.597080000000000000e+05
2.453300000000000000e+05
2.692710000000000000e+05
2.846250000000000000e+05
0.000000000000000000e+00
2.898970000000000000e+05
2.696200000000000000e+05
2.694130000000000000e+05
2.624170000000000000e+05
2.614650000000000000e+05
2.651210000000000000e+05
0.000000000000000000e+00
3.152200000000000000e+05
2.714480000000000000e+05
2.782520000000000000e+05
2.650040000000000000e+05
2.514810000000000000e+05
2.416170000000000000e+05
0.000000000000000000e+00
2.675930000000000000e+05
2.440480000000000000e+05
2.381900000000000000e+05
2.593640000000000000e+05
2.693630000000000000e+05
2.936600000000000000e+05
0.000000000000000000e+00
3.107540000000000000e+05
2.884790000000000000e+05
2.668870000000000000e+05
2.783100000000000000e+05
2.755970000000000000e+05
3.063770000000000000e+05
0.000000000000000000e+00
3.494930000000000000e+05
2.852440000000000000e+05
2.675460000000000000e+05
2.606830000000000000e+05
2.806930000000000000e+05
2.949990000000000000e+05
0.000000000000000000e+00
2.992170000000000000e+05
2.559420000000000000e+05
2.429540000000000000e+05
2.282750000000000000e+05
2.275580000000000000e+05
2.287810000000000000e+05
0.000000000000000000e+00
2.601480000000000000e+05
2.431010000000000000e+05
2.467480000000000000e+05
2.188890000000000000e+05
2.564710000000000000e+05
2.795730000000000000e+05
0.000000000000000000e+00
3.003630000000000000e+05
2.601230000000000000e+05
2.667540000000000000e+05
2.393110000000000000e+05
2.256660000000000000e+05
2.533610000000000000e+05
0.000000000000000000e+00
2.789320000000000000e+05
2.348680000000000000e+05
2.186510000000000000e+05
1.636860000000000000e+05
2.199290000000000000e+05
2.692120000000000000e+05
0.000000000000000000e+00
2.889250000000000000e+05
2.480400000000000000e+05
2.358360000000000000e+05
2.179150000000000000e+05
2.297540000000000000e+05
2.559510000000000000e+05
0.000000000000000000e+00
2.673640000000000000e+05
2.238260000000000000e+05
2.388440000000000000e+05
2.310670000000000000e+05
2.449800000000000000e+05
2.533970000000000000e+05
0.000000000000000000e+00
2.532920000000000000e+05
2.250340000000000000e+05
2.234480000000000000e+05
2.194160000000000000e+05
2.303470000000000000e+05
2.342050000000000000e+05
0.000000000000000000e+00
2.289120000000000000e+05
2.064040000000000000e+05
1.940360000000000000e+05
1.812510000000000000e+05
1.988310000000000000e+05
1.805680000000000000e+05
0.000000000000000000e+00
1.952520000000000000e+05
1.688420000000000000e+05
1.553250000000000000e+05
1.410760000000000000e+05
1.511490000000000000e+05
1.608590000000000000e+05
0.000000000000000000e+00
1.900960000000000000e+05
1.788820000000000000e+05
1.698210000000000000e+05
1.638710000000000000e+05
1.750050000000000000e+05
1.808330000000000000e+05
0.000000000000000000e+00
1.924680000000000000e+05
1.737600000000000000e+05
1.558000000000000000e+05
1.560160000000000000e+05
1.518860000000000000e+05
1.570560000000000000e+05
0.000000000000000000e+00
1.985430000000000000e+05
1.672300000000000000e+05
1.489460000000000000e+05
1.633410000000000000e+05
2.157510000000000000e+05
5.558900000000000000e+04
0.000000000000000000e+00
1.948500000000000000e+05
1.636500000000000000e+05
1.583630000000000000e+05
1.466850000000000000e+05
1.621360000000000000e+05
1.850710000000000000e+05
0.000000000000000000e+00
2.055320000000000000e+05
1.673690000000000000e+05
1.650470000000000000e+05
1.560010000000000000e+05
1.633050000000000000e+05
1.617950000000000000e+05
0.000000000000000000e+00
1.793940000000000000e+05
1.556610000000000000e+05
1.491700000000000000e+05
1.423790000000000000e+05
1.461740000000000000e+05
1.529780000000000000e+05
0.000000000000000000e+00
1.699360000000000000e+05
1.575590000000000000e+05
1.521930000000000000e+05
1.518550000000000000e+05
1.619280000000000000e+05
1.767290000000000000e+05
0.000000000000000000e+00
2.213570000000000000e+05
2.066460000000000000e+05
1.891740000000000000e+05
1.952040000000000000e+05
2.100870000000000000e+05
2.418040000000000000e+05
0.000000000000000000e+00
2.599510000000000000e+05
2.102730000000000000e+05
2.202970000000000000e+05
2.098410000000000000e+05
2.128610000000000000e+05
2.069660000000000000e+05
0.000000000000000000e+00
2.361740000000000000e+05
2.362250000000000000e+05
2.370820000000000000e+05
2.354740000000000000e+05
2.453810000000000000e+05
2.652120000000000000e+05
0.000000000000000000e+00
2.922580000000000000e+05
2.759330000000000000e+05
2.655810000000000000e+05
2.387430000000000000e+05
2.460220000000000000e+05
2.549290000000000000e+05
1.138500000000000000e+04
3.527790000000000000e+05
1.566970000000000000e+05
0.000000000000000000e+00
0.000000000000000000e+00
4.280000000000000000e+02
1.915830000000000000e+05
0.000000000000000000e+00
4.116330000000000000e+05
3.016630000000000000e+05
2.539190000000000000e+05
2.155680000000000000e+05
2.105520000000000000e+05
2.213620000000000000e+05
0.000000000000000000e+00
2.400290000000000000e+05
1.981680000000000000e+05
2.082950000000000000e+05
2.077530000000000000e+05
2.413920000000000000e+05
2.555910000000000000e+05
0.000000000000000000e+00
2.678460000000000000e+05
2.471000000000000000e+05
2.407730000000000000e+05
2.313590000000000000e+05
2.374310000000000000e+05
2.382950000000000000e+05
0.000000000000000000e+00
2.730220000000000000e+05
2.351220000000000000e+05
2.161480000000000000e+05
2.206080000000000000e+05
2.305890000000000000e+05
2.240880000000000000e+05
0.000000000000000000e+00
2.467940000000000000e+05
2.082750000000000000e+05
2.065550000000000000e+05
2.189440000000000000e+05
2.211040000000000000e+05
2.234030000000000000e+05
0.000000000000000000e+00
2.218470000000000000e+05
1.976900000000000000e+05
1.983840000000000000e+05
1.840820000000000000e+05
1.732440000000000000e+05
1.657610000000000000e+05
0.000000000000000000e+00
1.735320000000000000e+05
1.616920000000000000e+05
1.636140000000000000e+05
1.608040000000000000e+05
1.678520000000000000e+05
1.736950000000000000e+05
0.000000000000000000e+00
2.005910000000000000e+05
1.888280000000000000e+05
1.890160000000000000e+05
1.752400000000000000e+05
1.841710000000000000e+05
1.792820000000000000e+05
0.000000000000000000e+00
1.947590000000000000e+05
1.749320000000000000e+05
1.633280000000000000e+05
1.546750000000000000e+05
1.729000000000000000e+05
1.776900000000000000e+05
0.000000000000000000e+00
1.813530000000000000e+05
1.609400000000000000e+05
1.529290000000000000e+05
1.566670000000000000e+05
1.602620000000000000e+05
1.601200000000000000e+05
0.000000000000000000e+00
1.838910000000000000e+05
1.631430000000000000e+05
1.709620000000000000e+05
1.633650000000000000e+05
1.843380000000000000e+05
1.972460000000000000e+05
0.000000000000000000e+00
2.101110000000000000e+05
1.903760000000000000e+05
1.872830000000000000e+05
1.989490000000000000e+05
2.379300000000000000e+05
2.486900000000000000e+05
0.000000000000000000e+00
0.000000000000000000e+00
5.331800000000000000e+04
2.422640000000000000e+05
1.894940000000000000e+05
1.930370000000000000e+05
2.101310000000000000e+05
0.000000000000000000e+00
2.161390000000000000e+05
1.840880000000000000e+05
1.763810000000000000e+05
1.686020000000000000e+05
1.608290000000000000e+05
1.520330000000000000e+05
0.000000000000000000e+00
1.871500000000000000e+05
1.651810000000000000e+05
1.680260000000000000e+05
1.666330000000000000e+05
1.883810000000000000e+05
1.925430000000000000e+05
0.000000000000000000e+00
2.142970000000000000e+05
1.804980000000000000e+05
1.671440000000000000e+05
1.506060000000000000e+05
1.392910000000000000e+05
1.390940000000000000e+05
0.000000000000000000e+00
1.777130000000000000e+05
1.621260000000000000e+05
1.739420000000000000e+05
1.674220000000000000e+05
1.830420000000000000e+05
1.868000000000000000e+05
1.060000000000000000e+02
2.049680000000000000e+05
1.642740000000000000e+05
1.555620000000000000e+05
1.573610000000000000e+05
1.744460000000000000e+05
2.019800000000000000e+05
1.972000000000000000e+03
2.705250000000000000e+05
2.218680000000000000e+05
2.406660000000000000e+05
1.280380000000000000e+05
0.000000000000000000e+00
0.000000000000000000e+00
0.000000000000000000e+00
1.728490000000000000e+05
2.177610000000000000e+05
2.072060000000000000e+05
2.012200000000000000e+05
2.041270000000000000e+05
2.120990000000000000e+05
0.000000000000000000e+00
2.291060000000000000e+05
1.933380000000000000e+05
1.927580000000000000e+05
1.847920000000000000e+05
2.027950000000000000e+05
2.034070000000000000e+05
0.000000000000000000e+00
2.526110000000000000e+05
2.215430000000000000e+05
2.363830000000000000e+05
2.246980000000000000e+05
2.291100000000000000e+05
2.479020000000000000e+05
0.000000000000000000e+00
2.543930000000000000e+05
2.164420000000000000e+05
2.182230000000000000e+05
2.228810000000000000e+05
2.556530000000000000e+05
2.775630000000000000e+05
0.000000000000000000e+00
2.817460000000000000e+05
2.541820000000000000e+05
2.444080000000000000e+05
2.118160000000000000e+05
2.239830000000000000e+05
2.178520000000000000e+05
0.000000000000000000e+00
2.379020000000000000e+05
2.236970000000000000e+05
2.481910000000000000e+05
2.699420000000000000e+05
2.908220000000000000e+05
3.109310000000000000e+05
0.000000000000000000e+00
3.308030000000000000e+05
2.956140000000000000e+05
2.898780000000000000e+05
2.826300000000000000e+05
2.870570000000000000e+05
2.944770000000000000e+05
0.000000000000000000e+00
2.835610000000000000e+05
2.404750000000000000e+05
2.249020000000000000e+05
2.268930000000000000e+05
2.419630000000000000e+05
2.448590000000000000e+05
0.000000000000000000e+00
3.058940000000000000e+05
2.567350000000000000e+05
2.422400000000000000e+05
2.276220000000000000e+05
2.417880000000000000e+05
2.708060000000000000e+05
0.000000000000000000e+00
3.186990000000000000e+05
2.834920000000000000e+05
2.987180000000000000e+05
2.655650000000000000e+05
2.632970000000000000e+05
2.778230000000000000e+05
0.000000000000000000e+00
2.991640000000000000e+05
2.632680000000000000e+05
2.561620000000000000e+05
2.727950000000000000e+05
3.078410000000000000e+05
3.272180000000000000e+05
0.000000000000000000e+00
2.902560000000000000e+05
2.674170000000000000e+05
2.633960000000000000e+05
2.556580000000000000e+05
2.600590000000000000e+05
2.743880000000000000e+05
0.000000000000000000e+00
2.970750000000000000e+05
2.648630000000000000e+05
2.526400000000000000e+05
2.260680000000000000e+05
2.207970000000000000e+05
2.297090000000000000e+05
0.000000000000000000e+00
2.746380000000000000e+05
2.139820000000000000e+05
2.177740000000000000e+05
2.004070000000000000e+05
2.220100000000000000e+05
2.491170000000000000e+05
0.000000000000000000e+00
2.848180000000000000e+05
2.562870000000000000e+05
2.601230000000000000e+05
2.414050000000000000e+05
2.457080000000000000e+05
2.772120000000000000e+05
0.000000000000000000e+00
3.159750000000000000e+05
2.739240000000000000e+05
2.399350000000000000e+05
2.347900000000000000e+05
2.344540000000000000e+05
2.512300000000000000e+05
0.000000000000000000e+00
2.599600000000000000e+05
2.213150000000000000e+05
2.188060000000000000e+05
2.300880000000000000e+05
2.367020000000000000e+05
2.409460000000000000e+05
0.000000000000000000e+00
2.726140000000000000e+05
2.333690000000000000e+05
2.208640000000000000e+05
1.964660000000000000e+05
2.195130000000000000e+05
2.311360000000000000e+05
0.000000000000000000e+00
2.588460000000000000e+05
2.227310000000000000e+05
1.968300000000000000e+05
2.039260000000000000e+05
2.340090000000000000e+05
2.364610000000000000e+05
0.000000000000000000e+00
2.192930000000000000e+05
1.959870000000000000e+05
1.829300000000000000e+05
1.719430000000000000e+05
1.687480000000000000e+05
1.851400000000000000e+05
0.000000000000000000e+00
2.376170000000000000e+05
2.037380000000000000e+05
2.005600000000000000e+05
2.031510000000000000e+05
2.166290000000000000e+05
2.398780000000000000e+05
0.000000000000000000e+00
2.727600000000000000e+05
2.461310000000000000e+05
2.246280000000000000e+05
2.097560000000000000e+05
2.136550000000000000e+05
2.272380000000000000e+05
0.000000000000000000e+00
2.530660000000000000e+05
2.387680000000000000e+05
2.307480000000000000e+05
2.010700000000000000e+05
2.092870000000000000e+05
2.113970000000000000e+05
0.000000000000000000e+00
2.511190000000000000e+05
2.364750000000000000e+05
2.007220000000000000e+05
1.988150000000000000e+05
2.312930000000000000e+05
6.024000000000000000e+04
0.000000000000000000e+00
2.650530000000000000e+05
2.354930000000000000e+05
2.083200000000000000e+05
1.850280000000000000e+05
1.968680000000000000e+05
1.913040000000000000e+05
0.000000000000000000e+00
2.282320000000000000e+05
1.843900000000000000e+05
1.667510000000000000e+05
1.599090000000000000e+05
1.407300000000000000e+05
0.000000000000000000e+00
0.000000000000000000e+00
2.043700000000000000e+05
1.839920000000000000e+05
1.810220000000000000e+05
1.691000000000000000e+05
1.459510000000000000e+05
1.740760000000000000e+05
0.000000000000000000e+00
2.180530000000000000e+05
1.578260000000000000e+05
1.533710000000000000e+05
1.378680000000000000e+05
1.314160000000000000e+05
1.220800000000000000e+05
0.000000000000000000e+00
1.378650000000000000e+05
1.183780000000000000e+05
1.144890000000000000e+05
1.112160000000000000e+05
1.141480000000000000e+05
1.339560000000000000e+05
0.000000000000000000e+00
1.578180000000000000e+05
1.405770000000000000e+05
1.320420000000000000e+05
1.273730000000000000e+05
1.546560000000000000e+05
1.791540000000000000e+05
0.000000000000000000e+00
2.125910000000000000e+05
1.866600000000000000e+05
1.770790000000000000e+05
1.643220000000000000e+05
1.963550000000000000e+05
1.946480000000000000e+05
8.129000000000000000e+03
0.000000000000000000e+00
0.000000000000000000e+00
0.000000000000000000e+00
1.868270000000000000e+05
2.291220000000000000e+05
2.195680000000000000e+05
0.000000000000000000e+00
2.408250000000000000e+05
1.864300000000000000e+05
1.767680000000000000e+05
1.874680000000000000e+05
1.939100000000000000e+05
1.887510000000000000e+05
0.000000000000000000e+00
2.410840000000000000e+05
2.206920000000000000e+05
1.994130000000000000e+05
1.729790000000000000e+05
1.856540000000000000e+05
1.840670000000000000e+05
0.000000000000000000e+00
1.988540000000000000e+05
1.838270000000000000e+05
1.906320000000000000e+05
1.944310000000000000e+05
2.053510000000000000e+05
2.284370000000000000e+05
0.000000000000000000e+00
2.327470000000000000e+05
2.205000000000000000e+05
2.169490000000000000e+05
2.334050000000000000e+05
2.430760000000000000e+05
2.522710000000000000e+05
0.000000000000000000e+00
2.505690000000000000e+05
2.208740000000000000e+05
2.033160000000000000e+05
1.920310000000000000e+05
1.829630000000000000e+05
1.980900000000000000e+05
0.000000000000000000e+00
2.043230000000000000e+05
2.079110000000000000e+05
2.309890000000000000e+05
2.170690000000000000e+05
2.340300000000000000e+05
2.527610000000000000e+05
0.000000000000000000e+00
2.242630000000000000e+05
2.026260000000000000e+05
1.953640000000000000e+05
1.821350000000000000e+05
1.787450000000000000e+05
1.824150000000000000e+05
0.000000000000000000e+00
1.982510000000000000e+05
1.910910000000000000e+05
1.840990000000000000e+05
1.786970000000000000e+05
1.712210000000000000e+05
1.681130000000000000e+05
0.000000000000000000e+00
2.053620000000000000e+05
1.811980000000000000e+05
1.758520000000000000e+05
1.684490000000000000e+05
1.747000000000000000e+05
1.815950000000000000e+05
0.000000000000000000e+00
1.916960000000000000e+05
1.863640000000000000e+05
1.959170000000000000e+05
1.999060000000000000e+05
2.067350000000000000e+05
1.971320000000000000e+05
0.000000000000000000e+00
1.857350000000000000e+05
1.592620000000000000e+05
1.542450000000000000e+05
1.556630000000000000e+05
1.595900000000000000e+05
1.643250000000000000e+05
0.000000000000000000e+00
1.723230000000000000e+05
1.732930000000000000e+05
1.788410000000000000e+05
1.896140000000000000e+05
2.039010000000000000e+05
2.160100000000000000e+05
0.000000000000000000e+00
2.432280000000000000e+05
2.100320000000000000e+05
1.875380000000000000e+05
1.940180000000000000e+05
1.988910000000000000e+05
2.090900000000000000e+05
0.000000000000000000e+00
2.789830000000000000e+05
0.000000000000000000e+00
3.091600000000000000e+04
2.381180000000000000e+05
1.976040000000000000e+05
2.224940000000000000e+05
0.000000000000000000e+00
2.665040000000000000e+05
2.080030000000000000e+05
1.926690000000000000e+05
1.744740000000000000e+05
1.835010000000000000e+05
1.894900000000000000e+05
0.000000000000000000e+00
1.947270000000000000e+05
1.890020000000000000e+05
1.888510000000000000e+05
1.825180000000000000e+05
1.946500000000000000e+05
2.090300000000000000e+05
0.000000000000000000e+00
2.421790000000000000e+05
2.029920000000000000e+05
2.029320000000000000e+05
2.063020000000000000e+05
2.022580000000000000e+05
2.180260000000000000e+05
0.000000000000000000e+00
2.397490000000000000e+05
2.104270000000000000e+05
2.123170000000000000e+05
2.282550000000000000e+05
2.296420000000000000e+05
2.540950000000000000e+05
2.421400000000000000e+04
1.635970000000000000e+05
0.000000000000000000e+00
0.000000000000000000e+00
9.544000000000000000e+03
2.454110000000000000e+05
2.493460000000000000e+05
0.000000000000000000e+00
2.815630000000000000e+05
2.221170000000000000e+05
2.053250000000000000e+05
1.845310000000000000e+05
1.804890000000000000e+05
2.001900000000000000e+05
0.000000000000000000e+00
2.151970000000000000e+05
1.738380000000000000e+05
1.732330000000000000e+05
1.995160000000000000e+05
2.021960000000000000e+05
2.109420000000000000e+05
0.000000000000000000e+00
2.308060000000000000e+05
2.065160000000000000e+05
2.054590000000000000e+05
2.105860000000000000e+05
2.276390000000000000e+05
2.493380000000000000e+05
0.000000000000000000e+00
2.983030000000000000e+05
2.476340000000000000e+05
2.428880000000000000e+05
2.406440000000000000e+05
2.510820000000000000e+05
2.578810000000000000e+05
0.000000000000000000e+00
2.539470000000000000e+05
2.340890000000000000e+05
2.366750000000000000e+05
2.314310000000000000e+05
2.243220000000000000e+05
2.306400000000000000e+05
0.000000000000000000e+00
2.393960000000000000e+05
2.246070000000000000e+05
2.206600000000000000e+05
2.070850000000000000e+05
2.287530000000000000e+05
2.501770000000000000e+05
0.000000000000000000e+00
2.600960000000000000e+05
2.332330000000000000e+05
2.222100000000000000e+05
2.161670000000000000e+05
2.213400000000000000e+05
2.435700000000000000e+05
0.000000000000000000e+00
2.830140000000000000e+05
2.495550000000000000e+05
2.338390000000000000e+05
2.285630000000000000e+05
2.212240000000000000e+05
2.298940000000000000e+05
0.000000000000000000e+00
2.476130000000000000e+05
2.517000000000000000e+05
2.380930000000000000e+05
2.435510000000000000e+05
2.428580000000000000e+05
2.498590000000000000e+05
0.000000000000000000e+00
2.605070000000000000e+05
2.386190000000000000e+05
2.281870000000000000e+05
2.287330000000000000e+05
2.335410000000000000e+05
2.769050000000000000e+05
0.000000000000000000e+00
2.940590000000000000e+05
2.641070000000000000e+05
2.452420000000000000e+05
2.544060000000000000e+05
2.459850000000000000e+05
2.607590000000000000e+05
0.000000000000000000e+00
2.602290000000000000e+05
2.179380000000000000e+05
2.149410000000000000e+05
2.020760000000000000e+05
2.225820000000000000e+05
2.612000000000000000e+05
0.000000000000000000e+00
2.900850000000000000e+05
2.480550000000000000e+05
2.268940000000000000e+05
2.112630000000000000e+05
2.286340000000000000e+05
2.566430000000000000e+05
0.000000000000000000e+00
2.919560000000000000e+05
2.533480000000000000e+05
2.653210000000000000e+05
2.602930000000000000e+05
2.492680000000000000e+05
2.599450000000000000e+05
0.000000000000000000e+00
2.909690000000000000e+05
2.486880000000000000e+05
2.463170000000000000e+05
2.297310000000000000e+05
2.215290000000000000e+05
2.219390000000000000e+05
0.000000000000000000e+00
2.652850000000000000e+05
1.803650000000000000e+05
2.144450000000000000e+05
2.131610000000000000e+05
2.158350000000000000e+05
2.207380000000000000e+05
0.000000000000000000e+00
2.671500000000000000e+05
2.311610000000000000e+05
2.223100000000000000e+05
2.155180000000000000e+05
2.212210000000000000e+05
1.958680000000000000e+05
0.000000000000000000e+00
2.802200000000000000e+05
2.123120000000000000e+05
2.128380000000000000e+05
2.009400000000000000e+05
2.078500000000000000e+05
2.168410000000000000e+05
0.000000000000000000e+00
2.397730000000000000e+05
2.123080000000000000e+05
1.990850000000000000e+05
1.831430000000000000e+05
2.072390000000000000e+05
2.348400000000000000e+05
0.000000000000000000e+00
2.380090000000000000e+05
2.109370000000000000e+05
2.109710000000000000e+05
2.081090000000000000e+05
2.034350000000000000e+05
2.537230000000000000e+05
0.000000000000000000e+00
2.621610000000000000e+05
2.212340000000000000e+05
2.130190000000000000e+05
2.031340000000000000e+05
2.122010000000000000e+05
1.995720000000000000e+05
0.000000000000000000e+00
2.161410000000000000e+05
1.978690000000000000e+05
2.089900000000000000e+05
2.049280000000000000e+05
2.178840000000000000e+05
2.493240000000000000e+05
0.000000000000000000e+00
3.000720000000000000e+05
2.399690000000000000e+05
2.205800000000000000e+05
1.933760000000000000e+05
2.046360000000000000e+05
2.185820000000000000e+05
0.000000000000000000e+00
2.349380000000000000e+05
2.154890000000000000e+05
2.098020000000000000e+05
1.900950000000000000e+05
1.849150000000000000e+05
1.680020000000000000e+05
0.000000000000000000e+00
2.012590000000000000e+05
1.766180000000000000e+05
1.722220000000000000e+05
1.739050000000000000e+05
2.028830000000000000e+05
5.387200000000000000e+04
0.000000000000000000e+00
2.171800000000000000e+05
1.927010000000000000e+05
1.906630000000000000e+05
1.750180000000000000e+05
2.024090000000000000e+05
2.249130000000000000e+05
0.000000000000000000e+00
2.513350000000000000e+05
2.059910000000000000e+05
1.972380000000000000e+05
1.911760000000000000e+05
1.699160000000000000e+05
1.828170000000000000e+05
0.000000000000000000e+00
2.363400000000000000e+05
2.234620000000000000e+05
2.119160000000000000e+05
1.775970000000000000e+05
1.821300000000000000e+05
2.148430000000000000e+05
0.000000000000000000e+00
2.585760000000000000e+05
2.213890000000000000e+05
2.095500000000000000e+05
2.041440000000000000e+05
2.131510000000000000e+05
2.485830000000000000e+05
0.000000000000000000e+00
2.465380000000000000e+05
2.092660000000000000e+05
2.024460000000000000e+05
2.000930000000000000e+05
2.059940000000000000e+05
2.210470000000000000e+05
6.060000000000000000e+02
2.199020000000000000e+05
2.102140000000000000e+05
2.333090000000000000e+05
1.478880000000000000e+05
0.000000000000000000e+00
0.000000000000000000e+00
0.000000000000000000e+00
1.601430000000000000e+05
2.019410000000000000e+05
1.898140000000000000e+05
1.860320000000000000e+05
1.885280000000000000e+05
1.968120000000000000e+05
0.000000000000000000e+00
2.018430000000000000e+05
1.886070000000000000e+05
1.842050000000000000e+05
1.720080000000000000e+05
1.741200000000000000e+05
1.875380000000000000e+05
0.000000000000000000e+00
2.232530000000000000e+05
2.123710000000000000e+05
2.147660000000000000e+05
1.816660000000000000e+05
1.687730000000000000e+05
1.942590000000000000e+05
0.000000000000000000e+00
2.232480000000000000e+05
1.682280000000000000e+05
1.723280000000000000e+05
1.646170000000000000e+05
1.565470000000000000e+05
1.620440000000000000e+05
0.000000000000000000e+00
1.951850000000000000e+05
1.753640000000000000e+05
1.650110000000000000e+05
1.550860000000000000e+05
1.651720000000000000e+05
1.913460000000000000e+05
0.000000000000000000e+00
2.225930000000000000e+05
1.914320000000000000e+05
1.868700000000000000e+05
1.841940000000000000e+05
2.090010000000000000e+05
2.232550000000000000e+05
0.000000000000000000e+00
2.317580000000000000e+05
1.863790000000000000e+05
1.855100000000000000e+05
1.734710000000000000e+05
1.846930000000000000e+05
2.049430000000000000e+05
0.000000000000000000e+00
2.333840000000000000e+05
2.162840000000000000e+05
2.173720000000000000e+05
2.085590000000000000e+05
2.154390000000000000e+05
2.043880000000000000e+05
0.000000000000000000e+00
2.030460000000000000e+05
1.892920000000000000e+05
1.949940000000000000e+05
1.916700000000000000e+05
1.915220000000000000e+05
1.899280000000000000e+05
0.000000000000000000e+00
2.108870000000000000e+05
1.876860000000000000e+05
1.758730000000000000e+05
1.538380000000000000e+05
1.487630000000000000e+05
1.531080000000000000e+05
0.000000000000000000e+00
1.832280000000000000e+05
1.794300000000000000e+05
1.957460000000000000e+05
1.952790000000000000e+05
1.953990000000000000e+05
1.970600000000000000e+05
0.000000000000000000e+00
1.988640000000000000e+05
1.746310000000000000e+05
1.604650000000000000e+05
1.574810000000000000e+05
1.607060000000000000e+05
1.649140000000000000e+05
0.000000000000000000e+00
1.949660000000000000e+05
1.645370000000000000e+05
1.709380000000000000e+05
1.678260000000000000e+05
1.818900000000000000e+05
1.904160000000000000e+05
0.000000000000000000e+00
2.129140000000000000e+05
1.888980000000000000e+05
1.874370000000000000e+05
1.892920000000000000e+05
2.000530000000000000e+05
2.158900000000000000e+05
0.000000000000000000e+00
2.206230000000000000e+05
1.874490000000000000e+05
1.837710000000000000e+05
1.690220000000000000e+05
1.764880000000000000e+05
2.047210000000000000e+05
0.000000000000000000e+00
2.740820000000000000e+05
2.405290000000000000e+05
0.000000000000000000e+00
3.389800000000000000e+04
2.265720000000000000e+05
2.024150000000000000e+05
0.000000000000000000e+00
2.313630000000000000e+05
1.747450000000000000e+05
1.684430000000000000e+05
1.583800000000000000e+05
1.717360000000000000e+05
1.689620000000000000e+05
0.000000000000000000e+00
1.812480000000000000e+05
1.555990000000000000e+05
1.573820000000000000e+05
1.625030000000000000e+05
1.751890000000000000e+05
1.974120000000000000e+05
1.532000000000000000e+03
2.537140000000000000e+05
2.130660000000000000e+05
2.128640000000000000e+05
2.281570000000000000e+05
1.369750000000000000e+05
0.000000000000000000e+00
0.000000000000000000e+00
1.112000000000000000e+03
1.685910000000000000e+05
1.981680000000000000e+05
1.858840000000000000e+05
1.957140000000000000e+05
2.027390000000000000e+05
0.000000000000000000e+00
2.354030000000000000e+05
1.817930000000000000e+05
1.760360000000000000e+05
1.726340000000000000e+05
1.681370000000000000e+05
1.651110000000000000e+05
0.000000000000000000e+00
1.925410000000000000e+05
1.785460000000000000e+05
1.839190000000000000e+05
1.853720000000000000e+05
2.125000000000000000e+05
2.182000000000000000e+05
0.000000000000000000e+00
2.335990000000000000e+05
1.917800000000000000e+05
1.898220000000000000e+05
1.909830000000000000e+05
1.989130000000000000e+05
2.031700000000000000e+05
0.000000000000000000e+00
2.202940000000000000e+05
2.093230000000000000e+05
2.082730000000000000e+05
2.243000000000000000e+05
2.135700000000000000e+05
2.187210000000000000e+05
0.000000000000000000e+00
2.599050000000000000e+05
2.014350000000000000e+05
1.899960000000000000e+05
1.952580000000000000e+05
2.003310000000000000e+05
2.057160000000000000e+05
0.000000000000000000e+00
2.429220000000000000e+05
2.101680000000000000e+05
2.197360000000000000e+05
2.332780000000000000e+05
2.375630000000000000e+05
2.392960000000000000e+05
0.000000000000000000e+00
2.695170000000000000e+05
2.260690000000000000e+05
2.151490000000000000e+05
2.099720000000000000e+05
2.177240000000000000e+05
2.405290000000000000e+05
0.000000000000000000e+00
2.633960000000000000e+05
2.405410000000000000e+05
2.491030000000000000e+05
2.420910000000000000e+05
2.411770000000000000e+05
2.843540000000000000e+05
0.000000000000000000e+00
3.399590000000000000e+05
2.854510000000000000e+05
2.567130000000000000e+05
2.485090000000000000e+05
2.392180000000000000e+05
2.476970000000000000e+05
0.000000000000000000e+00
2.884050000000000000e+05
2.679780000000000000e+05
2.679800000000000000e+05
2.666790000000000000e+05
2.645320000000000000e+05
2.714350000000000000e+05
0.000000000000000000e+00
3.122650000000000000e+05
2.742560000000000000e+05
2.654990000000000000e+05
2.524140000000000000e+05
1.989890000000000000e+05
2.885610000000000000e+05
0.000000000000000000e+00
3.630340000000000000e+05
3.177740000000000000e+05
2.943950000000000000e+05
2.753070000000000000e+05
2.227080000000000000e+05
2.534460000000000000e+05
0.000000000000000000e+00
2.762570000000000000e+05
2.542850000000000000e+05
2.697700000000000000e+05
2.667390000000000000e+05
2.756960000000000000e+05
2.988500000000000000e+05
0.000000000000000000e+00
3.675690000000000000e+05
3.153990000000000000e+05
2.948000000000000000e+05
2.760680000000000000e+05
1.935940000000000000e+05
2.432480000000000000e+05
0.000000000000000000e+00
2.953030000000000000e+05
2.611560000000000000e+05
2.359060000000000000e+05
2.328470000000000000e+05
2.341070000000000000e+05
2.299760000000000000e+05
0.000000000000000000e+00
2.543360000000000000e+05
2.589130000000000000e+05
2.081400000000000000e+05
2.185990000000000000e+05
2.440450000000000000e+05
2.624040000000000000e+05
0.000000000000000000e+00
2.913650000000000000e+05
2.704400000000000000e+05
2.718880000000000000e+05
2.469700000000000000e+05
2.597860000000000000e+05
2.567690000000000000e+05
0.000000000000000000e+00
2.940680000000000000e+05
2.634720000000000000e+05
2.526200000000000000e+05
2.250500000000000000e+05
2.334020000000000000e+05
2.572440000000000000e+05
0.000000000000000000e+00
2.783810000000000000e+05
2.397170000000000000e+05
1.774050000000000000e+05
2.007350000000000000e+05
1.915880000000000000e+05
2.141110000000000000e+05
0.000000000000000000e+00
1.698290000000000000e+05
2.181010000000000000e+05
2.289640000000000000e+05
2.056230000000000000e+05
1.914780000000000000e+05
1.673870000000000000e+05
0.000000000000000000e+00
2.207030000000000000e+05
2.094180000000000000e+05
2.011330000000000000e+05
1.781690000000000000e+05
1.753720000000000000e+05
2.182130000000000000e+05
0.000000000000000000e+00
2.699900000000000000e+05
1.622790000000000000e+05
1.699100000000000000e+05
1.437470000000000000e+05
1.809170000000000000e+05
1.693950000000000000e+05
0.000000000000000000e+00
2.216390000000000000e+05
1.931750000000000000e+05
1.799010000000000000e+05
1.571730000000000000e+05
1.865410000000000000e+05
1.742890000000000000e+05
0.000000000000000000e+00
2.315210000000000000e+05
1.924640000000000000e+05
1.839490000000000000e+05
1.797920000000000000e+05
2.020680000000000000e+05
1.946070000000000000e+05
0.000000000000000000e+00
2.294790000000000000e+05
1.903710000000000000e+05
1.408150000000000000e+05
1.752090000000000000e+05
1.833320000000000000e+05
1.876670000000000000e+05
0.000000000000000000e+00
2.221860000000000000e+05
1.903990000000000000e+05
1.697950000000000000e+05
1.955460000000000000e+05
2.037260000000000000e+05
4.494400000000000000e+04
0.000000000000000000e+00
2.248670000000000000e+05
1.845300000000000000e+05
1.713360000000000000e+05
1.669490000000000000e+05
1.694440000000000000e+05
1.910760000000000000e+05
0.000000000000000000e+00
1.949530000000000000e+05
1.593070000000000000e+05
1.115620000000000000e+05
1.268610000000000000e+05
1.203110000000000000e+05
1.296140000000000000e+05
0.000000000000000000e+00
1.528040000000000000e+05
1.383030000000000000e+05
1.310090000000000000e+05
1.370360000000000000e+05
1.457530000000000000e+05
1.829080000000000000e+05
0.000000000000000000e+00
2.206990000000000000e+05
1.988780000000000000e+05
1.900360000000000000e+05
1.632050000000000000e+05
1.736110000000000000e+05
2.049040000000000000e+05
0.000000000000000000e+00
2.182730000000000000e+05
1.779570000000000000e+05
1.645580000000000000e+05
1.485640000000000000e+05
1.405920000000000000e+05
1.631200000000000000e+05
0.000000000000000000e+00
1.433560000000000000e+05
1.454320000000000000e+05
1.608090000000000000e+05
1.560040000000000000e+05
1.574700000000000000e+05
1.729330000000000000e+05
0.000000000000000000e+00
2.244650000000000000e+05
1.901900000000000000e+05
1.763940000000000000e+05
1.854290000000000000e+05
2.035070000000000000e+05
2.277600000000000000e+05
0.000000000000000000e+00
2.740980000000000000e+05
2.254840000000000000e+05
2.125470000000000000e+05
2.065240000000000000e+05
2.184380000000000000e+05
2.477150000000000000e+05
3.600000000000000000e+02
3.633520000000000000e+05
3.180690000000000000e+05
2.124710000000000000e+05
0.000000000000000000e+00
0.000000000000000000e+00
8.160000000000000000e+02
0.000000000000000000e+00
4.657790000000000000e+05
3.002010000000000000e+05
2.608960000000000000e+05
2.275500000000000000e+05
2.321970000000000000e+05
2.343060000000000000e+05
0.000000000000000000e+00
2.529820000000000000e+05
1.838490000000000000e+05
2.325470000000000000e+05
2.310830000000000000e+05
1.873150000000000000e+05
2.211360000000000000e+05
0.000000000000000000e+00
2.322900000000000000e+05
2.281430000000000000e+05
2.318670000000000000e+05
2.413850000000000000e+05
2.570460000000000000e+05
2.496970000000000000e+05
0.000000000000000000e+00
2.560650000000000000e+05
2.223500000000000000e+05
2.262530000000000000e+05
2.268780000000000000e+05
1.963750000000000000e+05
2.220480000000000000e+05
0.000000000000000000e+00
2.558830000000000000e+05
2.468340000000000000e+05
2.314870000000000000e+05
1.994510000000000000e+05
2.017870000000000000e+05
2.126980000000000000e+05
0.000000000000000000e+00
2.380760000000000000e+05
1.983910000000000000e+05
1.970740000000000000e+05
1.914580000000000000e+05
2.029130000000000000e+05
2.096610000000000000e+05
0.000000000000000000e+00
2.384180000000000000e+05
2.231000000000000000e+05
2.321200000000000000e+05
2.306550000000000000e+05
2.307500000000000000e+05
2.111890000000000000e+05
0.000000000000000000e+00
1.991390000000000000e+05
1.580480000000000000e+05
1.637920000000000000e+05
1.578910000000000000e+05
1.646780000000000000e+05
1.575890000000000000e+05
0.000000000000000000e+00
1.641780000000000000e+05
1.511570000000000000e+05
1.533360000000000000e+05
1.534800000000000000e+05
1.594290000000000000e+05
1.537390000000000000e+05
0.000000000000000000e+00
1.842670000000000000e+05
1.644430000000000000e+05
1.512990000000000000e+05
1.546840000000000000e+05
1.536030000000000000e+05
1.728940000000000000e+05
0.000000000000000000e+00
1.895430000000000000e+05
1.527680000000000000e+05
1.416960000000000000e+05
1.307260000000000000e+05
1.365490000000000000e+05
1.498430000000000000e+05
0.000000000000000000e+00
1.834480000000000000e+05
1.546610000000000000e+05
1.619650000000000000e+05
1.649690000000000000e+05
1.666430000000000000e+05
1.703340000000000000e+05
0.000000000000000000e+00
2.224580000000000000e+05
1.968410000000000000e+05
2.109610000000000000e+05
2.180420000000000000e+05
