0.000000000000000000e+00
1.557000000000000000e+03
6.460500000000000000e+04
6.553100000000000000e+04
6.230000000000000000e+04
6.071400000000000000e+04
5.352600000000000000e+04
0.000000000000000000e+00
6.787600000000000000e+04
5.667000000000000000e+04
4.385300000000000000e+04
5.095800000000000000e+04
5.764700000000000000e+04
5.148000000000000000e+04
0.000000000000000000e+00
5.090200000000000000e+04
5.371500000000000000e+04
6.237200000000000000e+04
7.064100000000000000e+04
6.243800000000000000e+04
5.861300000000000000e+04
0.000000000000000000e+00
7.424700000000000000e+04
7.123400000000000000e+04
0.000000000000000000e+00
0.000000000000000000e+00
0.000000000000000000e+00
0.000000000000000000e+00
0.000000000000000000e+00
0.000000000000000000e+00
0.000000000000000000e+00
6.566500000000000000e+04
6.790800000000000000e+04
7.309300000000000000e+04
7.522100000000000000e+04
0.000000000000000000e+00
8.056300000000000000e+04
9.378200000000000000e+04
9.888200000000000000e+04
9.118600000000000000e+04
8.995600000000000000e+04
5.686700000000000000e+04
0.000000000000000000e+00
7.632100000000000000e+04
7.658300000000000000e+04
7.997600000000000000e+04
8.343600000000000000e+04
9.338000000000000000e+04
8.613000000000000000e+04
0.000000000000000000e+00
1.120380000000000000e+05
1.206610000000000000e+05
1.191180000000000000e+05
1.127100000000000000e+05
1.182420000000000000e+05
1.036810000000000000e+05
0.000000000000000000e+00
1.432220000000000000e+05
1.478930000000000000e+05
1.509320000000000000e+05
1.515640000000000000e+05
1.626970000000000000e+05
1.380720000000000000e+05
0.000000000000000000e+00
1.674830000000000000e+05
1.714840000000000000e+05
1.780210000000000000e+05
1.577480000000000000e+05
1.739240000000000000e+05
1.495560000000000000e+05
0.000000000000000000e+00
1.905580000000000000e+05
1.952790000000000000e+05
1.748550000000000000e+05
1.795610000000000000e+05
1.931130000000000000e+05
1.890190000000000000e+05
0.000000000000000000e+00
2.259480000000000000e+05
2.238640000000000000e+05
2.262240000000000000e+05
1.978600000000000000e+05
2.252790000000000000e+05
2.190130000000000000e+05
0.000000000000000000e+00
2.673840000000000000e+05
2.578480000000000000e+05
2.627190000000000000e+05
2.332290000000000000e+05
2.488180000000000000e+05
2.498050000000000000e+05
0.000000000000000000e+00
3.124510000000000000e+05
2.845950000000000000e+05
2.946550000000000000e+05
2.671140000000000000e+05
2.846730000000000000e+05
2.848530000000000000e+05
0.000000000000000000e+00
3.350690000000000000e+05
3.461180000000000000e+05
3.356900000000000000e+05
3.104700000000000000e+05
2.921690000000000000e+05
2.720890000000000000e+05
0.000000000000000000e+00
3.333750000000000000e+05
3.451460000000000000e+05
3.571120000000000000e+05
3.720380000000000000e+05
3.188790000000000000e+05
2.824390000000000000e+05
0.000000000000000000e+00
3.129350000000000000e+05
3.151070000000000000e+05
3.269320000000000000e+05
3.183930000000000000e+05
3.325240000000000000e+05
3.233440000000000000e+05
0.000000000000000000e+00
3.426960000000000000e+05
3.461370000000000000e+05
3.214750000000000000e+05
3.142650000000000000e+05
3.330230000000000000e+05
3.278470000000000000e+05
0.000000000000000000e+00
3.471550000000000000e+05
3.599680000000000000e+05
3.476700000000000000e+05
3.494970000000000000e+05
3.444550000000000000e+05
3.150350000000000000e+05
0.000000000000000000e+00
3.375300000000000000e+05
3.403870000000000000e+05
3.130680000000000000e+05
2.954150000000000000e+05
2.731030000000000000e+05
2.556780000000000000e+05
0.000000000000000000e+00
2.723210000000000000e+05
2.867020000000000000e+05
2.864630000000000000e+05
3.074240000000000000e+05
3.049330000000000000e+05
3.187060000000000000e+05
0.000000000000000000e+00
3.195760000000000000e+05
3.552710000000000000e+05
3.581970000000000000e+05
3.089640000000000000e+05
3.381390000000000000e+05
3.368180000000000000e+05
0.000000000000000000e+00
3.415040000000000000e+05
2.962940000000000000e+05
2.905440000000000000e+05
3.178040000000000000e+05
3.242800000000000000e+05
3.215880000000000000e+05
0.000000000000000000e+00
3.411610000000000000e+05
3.040000000000000000e+05
2.910200000000000000e+05
2.919120000000000000e+05
2.987940000000000000e+05
2.908620000000000000e+05
0.000000000000000000e+00
3.265410000000000000e+05
2.854840000000000000e+05
3.378780000000000000e+05
3.515030000000000000e+05
3.511920000000000000e+05
3.209400000000000000e+05
0.000000000000000000e+00
3.805910000000000000e+05
3.735250000000000000e+05
3.712800000000000000e+05
3.479650000000000000e+05
3.223830000000000000e+05
2.993190000000000000e+05
0.000000000000000000e+00
3.213190000000000000e+05
3.093760000000000000e+05
3.080480000000000000e+05
2.376780000000000000e+05
2.982890000000000000e+05
2.486680000000000000e+05
0.000000000000000000e+00
3.066540000000000000e+05
2.694590000000000000e+05
2.455640000000000000e+05
2.498340000000000000e+05
2.588540000000000000e+05
2.417360000000000000e+05
0.000000000000000000e+00
2.876750000000000000e+05
2.608710000000000000e+05
2.652330000000000000e+05
2.751450000000000000e+05
2.721940000000000000e+05
2.527890000000000000e+05
0.000000000000000000e+00
2.788660000000000000e+05
2.735230000000000000e+05
2.655880000000000000e+05
2.628480000000000000e+05
2.160260000000000000e+05
2.033510000000000000e+05
0.000000000000000000e+00
3.023040000000000000e+05
2.967270000000000000e+05
2.738960000000000000e+05
2.685610000000000000e+05
2.640000000000000000e+05
8.239100000000000000e+04
0.000000000000000000e+00
3.005100000000000000e+05
2.967700000000000000e+05
2.994180000000000000e+05
3.175560000000000000e+05
3.431940000000000000e+05
3.451770000000000000e+05
0.000000000000000000e+00
4.127880000000000000e+05
3.722010000000000000e+05
3.530570000000000000e+05
3.746380000000000000e+05
3.791710000000000000e+05
3.464660000000000000e+05
0.000000000000000000e+00
3.941980000000000000e+05
4.124490000000000000e+05
3.843890000000000000e+05
3.375380000000000000e+05
3.522350000000000000e+05
3.065300000000000000e+05
0.000000000000000000e+00
3.485800000000000000e+05
3.436220000000000000e+05
3.215810000000000000e+05
3.550500000000000000e+05
3.497420000000000000e+05
3.482720000000000000e+05
0.000000000000000000e+00
3.983450000000000000e+05
4.187490000000000000e+05
3.613960000000000000e+05
3.706860000000000000e+05
3.821000000000000000e+05
3.663660000000000000e+05
0.000000000000000000e+00
3.393820000000000000e+05
3.132520000000000000e+05
3.220160000000000000e+05
2.926870000000000000e+05
3.200900000000000000e+05
2.762130000000000000e+05
0.000000000000000000e+00
3.049890000000000000e+05
3.226430000000000000e+05
2.832350000000000000e+05
3.152660000000000000e+05
3.099260000000000000e+05
3.028470000000000000e+05
4.300000000000000000e+02
3.285030000000000000e+05
3.266260000000000000e+05
2.884950000000000000e+05
2.657400000000000000e+05
2.359240000000000000e+05
1.895840000000000000e+05
8.477000000000000000e+03
1.407300000000000000e+05
8.510800000000000000e+04
0.000000000000000000e+00
0.000000000000000000e+00
0.000000000000000000e+00
1.066700000000000000e+05
0.000000000000000000e+00
1.909200000000000000e+05
1.996610000000000000e+05
2.110620000000000000e+05
1.583940000000000000e+05
2.147850000000000000e+05
1.744310000000000000e+05
0.000000000000000000e+00
1.982930000000000000e+05
1.939440000000000000e+05
1.727480000000000000e+05
1.467350000000000000e+05
1.417790000000000000e+05
1.530470000000000000e+05
0.000000000000000000e+00
1.446130000000000000e+05
1.627330000000000000e+05
1.533890000000000000e+05
1.395090000000000000e+05
1.335370000000000000e+05
1.400660000000000000e+05
0.000000000000000000e+00
1.358440000000000000e+05
1.309410000000000000e+05
1.250350000000000000e+05
1.560460000000000000e+05
1.333340000000000000e+05
8.801900000000000000e+04
0.000000000000000000e+00
1.140000000000000000e+05
1.270460000000000000e+05
1.222940000000000000e+05
1.285230000000000000e+05
9.428200000000000000e+04
6.723500000000000000e+04
0.000000000000000000e+00
9.760500000000000000e+04
1.086180000000000000e+05
9.695500000000000000e+04
7.105000000000000000e+04
4.888100000000000000e+04
4.247400000000000000e+04
0.000000000000000000e+00
4.250000000000000000e+04
3.813900000000000000e+04
4.130000000000000000e+04
5.387300000000000000e+04
3.201600000000000000e+04
3.215000000000000000e+04
0.000000000000000000e+00
6.499800000000000000e+04
5.570700000000000000e+04
6.395000000000000000e+04
4.933100000000000000e+04
3.853900000000000000e+04
2.921700000000000000e+04
0.000000000000000000e+00
4.322600000000000000e+04
3.857600000000000000e+04
3.510600000000000000e+04
3.774100000000000000e+04
4.769100000000000000e+04
4.514200000000000000e+04
0.000000000000000000e+00
4.115400000000000000e+04
4.058100000000000000e+04
3.357100000000000000e+04
2.861600000000000000e+04
4.204800000000000000e+04
2.632600000000000000e+04
0.000000000000000000e+00
3.962900000000000000e+04
4.341200000000000000e+04
3.856300000000000000e+04
3.684300000000000000e+04
5.289500000000000000e+04
5.149700000000000000e+04
0.000000000000000000e+00
3.029700000000000000e+04
4.359900000000000000e+04
4.100600000000000000e+04
4.184700000000000000e+04
4.218900000000000000e+04
3.728200000000000000e+04
0.000000000000000000e+00
0.000000000000000000e+00
3.800000000000000000e+03
6.722300000000000000e+04
5.053000000000000000e+04
5.351400000000000000e+04
4.854300000000000000e+04
0.000000000000000000e+00
5.236100000000000000e+04
5.583800000000000000e+04
5.377400000000000000e+04
5.071500000000000000e+04
4.096300000000000000e+04
2.665500000000000000e+04
0.000000000000000000e+00
4.751500000000000000e+04
5.291000000000000000e+04
5.418400000000000000e+04
5.184400000000000000e+04
5.751400000000000000e+04
4.482900000000000000e+04
0.000000000000000000e+00
7.059100000000000000e+04
5.973700000000000000e+04
4.672100000000000000e+04
3.749300000000000000e+04
3.832900000000000000e+04
3.225300000000000000e+04
0.000000000000000000e+00
5.791200000000000000e+04
5.988600000000000000e+04
6.029300000000000000e+04
5.358800000000000000e+04
5.405100000000000000e+04
4.721500000000000000e+04
0.000000000000000000e+00
5.877400000000000000e+04
5.948700000000000000e+04
5.822100000000000000e+04
6.877900000000000000e+04
7.679100000000000000e+04
7.954900000000000000e+04
1.472000000000000000e+03
9.313300000000000000e+04
6.943900000000000000e+04
5.855600000000000000e+04
1.954900000000000000e+04
0.000000000000000000e+00
0.000000000000000000e+00
0.000000000000000000e+00
4.733000000000000000e+04
7.368500000000000000e+04
8.341300000000000000e+04
8.989400000000000000e+04
1.024900000000000000e+05
9.494900000000000000e+04
0.000000000000000000e+00
1.086800000000000000e+05
1.170840000000000000e+05
1.204230000000000000e+05
1.150710000000000000e+05
1.012260000000000000e+05
8.161100000000000000e+04
0.000000000000000000e+00
1.415190000000000000e+05
1.430950000000000000e+05
1.490190000000000000e+05
1.653350000000000000e+05
1.652670000000000000e+05
1.625750000000000000e+05
0.000000000000000000e+00
1.951200000000000000e+05
1.959760000000000000e+05
1.980700000000000000e+05
1.993080000000000000e+05
1.932250000000000000e+05
2.212830000000000000e+05
0.000000000000000000e+00
2.352160000000000000e+05
2.283800000000000000e+05
2.061330000000000000e+05
2.039460000000000000e+05
2.057530000000000000e+05
1.660230000000000000e+05
0.000000000000000000e+00
2.098330000000000000e+05
2.047120000000000000e+05
2.294100000000000000e+05
2.175850000000000000e+05
2.553680000000000000e+05
2.717070000000000000e+05
0.000000000000000000e+00
3.335440000000000000e+05
3.631990000000000000e+05
3.351980000000000000e+05
3.416800000000000000e+05
3.341540000000000000e+05
3.114980000000000000e+05
0.000000000000000000e+00
2.624640000000000000e+05
2.893290000000000000e+05
2.773300000000000000e+05
2.764410000000000000e+05
2.651060000000000000e+05
2.384000000000000000e+05
0.000000000000000000e+00
2.757630000000000000e+05
2.740260000000000000e+05
2.566640000000000000e+05
2.312970000000000000e+05
2.593120000000000000e+05
2.576800000000000000e+05
0.000000000000000000e+00
3.072140000000000000e+05
2.653320000000000000e+05
3.124480000000000000e+05
3.072510000000000000e+05
3.267290000000000000e+05
3.205590000000000000e+05
0.000000000000000000e+00
3.628280000000000000e+05
3.622890000000000000e+05
4.008130000000000000e+05
3.486400000000000000e+05
4.078390000000000000e+05
3.523520000000000000e+05
0.000000000000000000e+00
3.294750000000000000e+05
3.811330000000000000e+05
4.068650000000000000e+05
3.893150000000000000e+05
3.508390000000000000e+05
3.408970000000000000e+05
0.000000000000000000e+00
4.004710000000000000e+05
3.910810000000000000e+05
3.794060000000000000e+05
3.303250000000000000e+05
3.259050000000000000e+05
3.016860000000000000e+05
0.000000000000000000e+00
3.603510000000000000e+05
3.169150000000000000e+05
2.597110000000000000e+05
3.027790000000000000e+05
3.344450000000000000e+05
3.060520000000000000e+05
0.000000000000000000e+00
3.588450000000000000e+05
3.645450000000000000e+05
3.247080000000000000e+05
3.539940000000000000e+05
3.586430000000000000e+05
3.583530000000000000e+05
0.000000000000000000e+00
3.823890000000000000e+05
3.843640000000000000e+05
3.465580000000000000e+05
3.734560000000000000e+05
3.721350000000000000e+05
3.567280000000000000e+05
0.000000000000000000e+00
4.091240000000000000e+05
3.691380000000000000e+05
3.453400000000000000e+05
3.341020000000000000e+05
3.192600000000000000e+05
3.143720000000000000e+05
0.000000000000000000e+00
3.591050000000000000e+05
3.506160000000000000e+05
3.266590000000000000e+05
3.156930000000000000e+05
3.521600000000000000e+05
3.287210000000000000e+05
0.000000000000000000e+00
3.682790000000000000e+05
3.860300000000000000e+05
3.711390000000000000e+05
3.568470000000000000e+05
4.002510000000000000e+05
3.474020000000000000e+05
0.000000000000000000e+00
3.466440000000000000e+05
2.880820000000000000e+05
2.798750000000000000e+05
2.754080000000000000e+05
2.734450000000000000e+05
2.640750000000000000e+05
0.000000000000000000e+00
3.065230000000000000e+05
2.938120000000000000e+05
2.835360000000000000e+05
2.817720000000000000e+05
3.207770000000000000e+05
2.827250000000000000e+05
0.000000000000000000e+00
3.224120000000000000e+05
3.179970000000000000e+05
2.953750000000000000e+05
2.776610000000000000e+05
3.333100000000000000e+05
3.159120000000000000e+05
0.000000000000000000e+00
3.945480000000000000e+05
3.943430000000000000e+05
3.676470000000000000e+05
3.480740000000000000e+05
3.650110000000000000e+05
2.973090000000000000e+05
0.000000000000000000e+00
3.785330000000000000e+05
3.667190000000000000e+05
3.202600000000000000e+05
3.099130000000000000e+05
3.184230000000000000e+05
6.758400000000000000e+04
0.000000000000000000e+00
3.756730000000000000e+05
3.463750000000000000e+05
3.151650000000000000e+05
2.997820000000000000e+05
2.815300000000000000e+05
2.825500000000000000e+05
0.000000000000000000e+00
3.397520000000000000e+05
2.921910000000000000e+05
2.876980000000000000e+05
3.037200000000000000e+05
2.924910000000000000e+05
0.000000000000000000e+00
0.000000000000000000e+00
3.604560000000000000e+05
3.746310000000000000e+05
3.838830000000000000e+05
3.461530000000000000e+05
2.618280000000000000e+05
2.826090000000000000e+05
0.000000000000000000e+00
3.822200000000000000e+05
3.497750000000000000e+05
3.133010000000000000e+05
2.794330000000000000e+05
2.673540000000000000e+05
2.558300000000000000e+05
0.000000000000000000e+00
3.424680000000000000e+05
2.650850000000000000e+05
2.739530000000000000e+05
2.498220000000000000e+05
2.757380000000000000e+05
2.634390000000000000e+05
0.000000000000000000e+00
3.507030000000000000e+05
3.638030000000000000e+05
3.402110000000000000e+05
3.541390000000000000e+05
3.410390000000000000e+05
3.645110000000000000e+05
5.560000000000000000e+02
4.398510000000000000e+05
3.725280000000000000e+05
3.304130000000000000e+05
2.688470000000000000e+05
2.192140000000000000e+05
1.623440000000000000e+05
2.408000000000000000e+03
0.000000000000000000e+00
0.000000000000000000e+00
0.000000000000000000e+00
2.362870000000000000e+05
2.894060000000000000e+05
2.602880000000000000e+05
0.000000000000000000e+00
2.851270000000000000e+05
2.771440000000000000e+05
2.224730000000000000e+05
2.304190000000000000e+05
2.246370000000000000e+05
1.829730000000000000e+05
0.000000000000000000e+00
2.303590000000000000e+05
2.407000000000000000e+05
2.148910000000000000e+05
2.311160000000000000e+05
2.098390000000000000e+05
1.891780000000000000e+05
0.000000000000000000e+00
2.103330000000000000e+05
1.986570000000000000e+05
1.893810000000000000e+05
1.942920000000000000e+05
1.764370000000000000e+05
1.611070000000000000e+05
0.000000000000000000e+00
1.553290000000000000e+05
1.789740000000000000e+05
1.328630000000000000e+05
1.776780000000000000e+05
1.740790000000000000e+05
8.822400000000000000e+04
0.000000000000000000e+00
1.134260000000000000e+05
1.626100000000000000e+05
1.623790000000000000e+05
1.568920000000000000e+05
1.463440000000000000e+05
1.129020000000000000e+05
0.000000000000000000e+00
1.323130000000000000e+05
1.310460000000000000e+05
1.432000000000000000e+05
1.014320000000000000e+05
8.215300000000000000e+04
8.363100000000000000e+04
0.000000000000000000e+00
1.416190000000000000e+05
1.180620000000000000e+05
9.457100000000000000e+04
7.551900000000000000e+04
7.475400000000000000e+04
5.807300000000000000e+04
0.000000000000000000e+00
7.830300000000000000e+04
7.493600000000000000e+04
7.413000000000000000e+04
5.532700000000000000e+04
3.825300000000000000e+04
3.349900000000000000e+04
0.000000000000000000e+00
7.126500000000000000e+04
6.669400000000000000e+04
6.148800000000000000e+04
6.013200000000000000e+04
3.838600000000000000e+04
3.660700000000000000e+04
0.000000000000000000e+00
4.097800000000000000e+04
3.626100000000000000e+04
4.420000000000000000e+04
5.276900000000000000e+04
4.701100000000000000e+04
2.901300000000000000e+04
0.000000000000000000e+00
3.857400000000000000e+04
5.191300000000000000e+04
5.027100000000000000e+04
4.499300000000000000e+04
4.300200000000000000e+04
3.502100000000000000e+04
0.000000000000000000e+00
4.072000000000000000e+04
4.808800000000000000e+04
4.731800000000000000e+04
3.806800000000000000e+04
3.724100000000000000e+04
3.218600000000000000e+04
0.000000000000000000e+00
5.307500000000000000e+04
4.278400000000000000e+04
4.950900000000000000e+04
4.875300000000000000e+04
5.693700000000000000e+04
2.635100000000000000e+04
0.000000000000000000e+00
3.505000000000000000e+04
0.000000000000000000e+00
2.511000000000000000e+03
4.539900000000000000e+04
4.440200000000000000e+04
5.207800000000000000e+04
0.000000000000000000e+00
6.358300000000000000e+04
6.281800000000000000e+04
5.320900000000000000e+04
4.629200000000000000e+04
3.864700000000000000e+04
3.158200000000000000e+04
0.000000000000000000e+00
5.520900000000000000e+04
3.908600000000000000e+04
5.061200000000000000e+04
5.479900000000000000e+04
5.333400000000000000e+04
4.656900000000000000e+04
0.000000000000000000e+00
5.249900000000000000e+04
6.398700000000000000e+04
6.434300000000000000e+04
6.087300000000000000e+04
6.553200000000000000e+04
5.004300000000000000e+04
7.600000000000000000e+01
7.759900000000000000e+04
6.880200000000000000e+04
7.469200000000000000e+04
7.388000000000000000e+04
7.206600000000000000e+04
5.782700000000000000e+04
1.760000000000000000e+03
1.741200000000000000e+04
0.000000000000000000e+00
0.000000000000000000e+00
6.110000000000000000e+02
6.638400000000000000e+04
6.543000000000000000e+04
0.000000000000000000e+00
9.758300000000000000e+04
1.017420000000000000e+05
1.028500000000000000e+05
8.873900000000000000e+04
9.302300000000000000e+04
6.448400000000000000e+04
0.000000000000000000e+00
9.486100000000000000e+04
8.284800000000000000e+04
7.623200000000000000e+04
8.761800000000000000e+04
9.707700000000000000e+04
8.833700000000000000e+04
0.000000000000000000e+00
1.046980000000000000e+05
1.121910000000000000e+05
1.159830000000000000e+05
1.360950000000000000e+05
1.332250000000000000e+05
1.205290000000000000e+05
0.000000000000000000e+00
1.726900000000000000e+05
1.703400000000000000e+05
1.639540000000000000e+05
1.809160000000000000e+05
1.742750000000000000e+05
1.534830000000000000e+05
0.000000000000000000e+00
1.706230000000000000e+05
1.903950000000000000e+05
1.874200000000000000e+05
1.712240000000000000e+05
1.706790000000000000e+05
1.636920000000000000e+05
0.000000000000000000e+00
2.087380000000000000e+05
1.986050000000000000e+05
1.964810000000000000e+05
1.834670000000000000e+05
2.056880000000000000e+05
1.859080000000000000e+05
0.000000000000000000e+00
2.090080000000000000e+05
1.938620000000000000e+05
2.003440000000000000e+05
1.949110000000000000e+05
1.924610000000000000e+05
1.812080000000000000e+05
0.000000000000000000e+00
2.169070000000000000e+05
2.162060000000000000e+05
2.170340000000000000e+05
2.105300000000000000e+05
2.182350000000000000e+05
2.085210000000000000e+05
0.000000000000000000e+00
2.259390000000000000e+05
2.601700000000000000e+05
2.441850000000000000e+05
2.354390000000000000e+05
2.545900000000000000e+05
2.566340000000000000e+05
0.000000000000000000e+00
3.156310000000000000e+05
2.989590000000000000e+05
2.741930000000000000e+05
2.929480000000000000e+05
2.984350000000000000e+05
2.881030000000000000e+05
0.000000000000000000e+00
3.321790000000000000e+05
3.578020000000000000e+05
3.056780000000000000e+05
3.119430000000000000e+05
2.884810000000000000e+05
2.846870000000000000e+05
0.000000000000000000e+00
3.062870000000000000e+05
3.000460000000000000e+05
2.987760000000000000e+05
2.690140000000000000e+05
2.982200000000000000e+05
3.197150000000000000e+05
0.000000000000000000e+00
3.032830000000000000e+05
3.343420000000000000e+05
3.011020000000000000e+05
2.949320000000000000e+05
3.146820000000000000e+05
3.051820000000000000e+05
0.000000000000000000e+00
3.242730000000000000e+05
3.294490000000000000e+05
3.406650000000000000e+05
3.436420000000000000e+05
3.406630000000000000e+05
3.141330000000000000e+05
0.000000000000000000e+00
3.189630000000000000e+05
3.021120000000000000e+05
3.090160000000000000e+05
2.881850000000000000e+05
3.060260000000000000e+05
2.789730000000000000e+05
0.000000000000000000e+00
2.966090000000000000e+05
2.777210000000000000e+05
2.891720000000000000e+05
2.915060000000000000e+05
2.951830000000000000e+05
2.881250000000000000e+05
0.000000000000000000e+00
3.133000000000000000e+05
3.120120000000000000e+05
3.260720000000000000e+05
3.021260000000000000e+05
2.900390000000000000e+05
2.814440000000000000e+05
0.000000000000000000e+00
3.537980000000000000e+05
3.370380000000000000e+05
3.485460000000000000e+05
3.101620000000000000e+05
2.931780000000000000e+05
2.739030000000000000e+05
0.000000000000000000e+00
3.075270000000000000e+05
3.193720000000000000e+05
2.981020000000000000e+05
3.037140000000000000e+05
2.914830000000000000e+05
2.922520000000000000e+05
0.000000000000000000e+00
3.191140000000000000e+05
3.088920000000000000e+05
3.122630000000000000e+05
2.840120000000000000e+05
3.093840000000000000e+05
3.017740000000000000e+05
0.000000000000000000e+00
3.508530000000000000e+05
3.261790000000000000e+05
3.054640000000000000e+05
2.814200000000000000e+05
2.987100000000000000e+05
2.780140000000000000e+05
0.000000000000000000e+00
3.246460000000000000e+05
3.131610000000000000e+05
3.253950000000000000e+05
3.119550000000000000e+05
3.142880000000000000e+05
3.290060000000000000e+05
0.000000000000000000e+00
3.793260000000000000e+05
3.624160000000000000e+05
3.236720000000000000e+05
2.969520000000000000e+05
3.125500000000000000e+05
2.801790000000000000e+05
0.000000000000000000e+00
2.985360000000000000e+05
3.006110000000000000e+05
2.968550000000000000e+05
2.683140000000000000e+05
2.510730000000000000e+05
1.830250000000000000e+05
0.000000000000000000e+00
2.635420000000000000e+05
2.269800000000000000e+05
2.191480000000000000e+05
2.126200000000000000e+05
2.286980000000000000e+05
5.596300000000000000e+04
0.000000000000000000e+00
2.605590000000000000e+05
2.382960000000000000e+05
2.397710000000000000e+05
2.184860000000000000e+05
2.491060000000000000e+05
2.337260000000000000e+05
0.000000000000000000e+00
3.047590000000000000e+05
2.581800000000000000e+05
2.575380000000000000e+05
2.547900000000000000e+05
2.493750000000000000e+05
2.501790000000000000e+05
0.000000000000000000e+00
3.066340000000000000e+05
2.889690000000000000e+05
3.013800000000000000e+05
2.713130000000000000e+05
2.781740000000000000e+05
2.917150000000000000e+05
0.000000000000000000e+00
3.291260000000000000e+05
3.093220000000000000e+05
3.192860000000000000e+05
3.240790000000000000e+05
3.402180000000000000e+05
3.198780000000000000e+05
1.100000000000000000e+02
3.522090000000000000e+05
3.448510000000000000e+05
3.231970000000000000e+05
3.116520000000000000e+05
2.891140000000000000e+05
2.579190000000000000e+05
3.180000000000000000e+03
2.447720000000000000e+05
2.173190000000000000e+05
1.708290000000000000e+05
7.504800000000000000e+04
0.000000000000000000e+00
0.000000000000000000e+00
0.000000000000000000e+00
1.479280000000000000e+05
1.939930000000000000e+05
2.072100000000000000e+05
1.901780000000000000e+05
1.787100000000000000e+05
1.588470000000000000e+05
0.000000000000000000e+00
1.839170000000000000e+05
1.962190000000000000e+05
1.962310000000000000e+05
1.774040000000000000e+05
1.826760000000000000e+05
1.631290000000000000e+05
0.000000000000000000e+00
1.910310000000000000e+05
1.936200000000000000e+05
1.747190000000000000e+05
1.334890000000000000e+05
1.360800000000000000e+05
1.532990000000000000e+05
0.000000000000000000e+00
1.825910000000000000e+05
1.372770000000000000e+05
1.504480000000000000e+05
1.519400000000000000e+05
1.503830000000000000e+05
1.409840000000000000e+05
0.000000000000000000e+00
1.748820000000000000e+05
1.979090000000000000e+05
1.707100000000000000e+05
1.785860000000000000e+05
1.829620000000000000e+05
1.792450000000000000e+05
0.000000000000000000e+00
2.000470000000000000e+05
2.094910000000000000e+05
1.845560000000000000e+05
1.846680000000000000e+05
2.044930000000000000e+05
2.015810000000000000e+05
0.000000000000000000e+00
2.120160000000000000e+05
2.096040000000000000e+05
1.771010000000000000e+05
1.638010000000000000e+05
1.587350000000000000e+05
1.581890000000000000e+05
0.000000000000000000e+00
1.506610000000000000e+05
1.620460000000000000e+05
1.573450000000000000e+05
1.302450000000000000e+05
1.219300000000000000e+05
9.492800000000000000e+04
0.000000000000000000e+00
1.205120000000000000e+05
1.144260000000000000e+05
1.036760000000000000e+05
7.684000000000000000e+04
6.002700000000000000e+04
3.795000000000000000e+04
0.000000000000000000e+00
6.737600000000000000e+04
9.299700000000000000e+04
6.850600000000000000e+04
4.809800000000000000e+04
4.705300000000000000e+04
4.193400000000000000e+04
0.000000000000000000e+00
6.101000000000000000e+04
5.985000000000000000e+04
5.757200000000000000e+04
5.508600000000000000e+04
4.090000000000000000e+04
3.736100000000000000e+04
0.000000000000000000e+00
4.623300000000000000e+04
5.363400000000000000e+04
5.177100000000000000e+04
5.123700000000000000e+04
4.580400000000000000e+04
3.708500000000000000e+04
0.000000000000000000e+00
4.300300000000000000e+04
4.667200000000000000e+04
4.719900000000000000e+04
5.009300000000000000e+04
4.812000000000000000e+04
4.482600000000000000e+04
0.000000000000000000e+00
5.366800000000000000e+04
5.134600000000000000e+04
4.264600000000000000e+04
4.503300000000000000e+04
4.595600000000000000e+04
4.278700000000000000e+04
0.000000000000000000e+00
5.185700000000000000e+04
5.304900000000000000e+04
4.106100000000000000e+04
3.598800000000000000e+04
5.096900000000000000e+04
4.235500000000000000e+04
0.000000000000000000e+00
3.945800000000000000e+04
4.386200000000000000e+04
0.000000000000000000e+00
2.952000000000000000e+03
6.142700000000000000e+04
5.670200000000000000e+04
0.000000000000000000e+00
6.593300000000000000e+04
5.270500000000000000e+04
4.318200000000000000e+04
4.311700000000000000e+04
5.086800000000000000e+04
4.286300000000000000e+04
1.820000000000000000e+02
6.048300000000000000e+04
4.608700000000000000e+04
4.946300000000000000e+04
4.698800000000000000e+04
5.140700000000000000e+04
5.184700000000000000e+04
0.000000000000000000e+00
7.850700000000000000e+04
7.506200000000000000e+04
6.859600000000000000e+04
5.836000000000000000e+04
1.840000000000000000e+04
0.000000000000000000e+00
0.000000000000000000e+00
0.000000000000000000e+00
4.679400000000000000e+04
5.564400000000000000e+04
6.366800000000000000e+04
6.945200000000000000e+04
6.736000000000000000e+04
0.000000000000000000e+00
8.737700000000000000e+04
8.199400000000000000e+04
7.601000000000000000e+04
6.876400000000000000e+04
5.667900000000000000e+04
5.233100000000000000e+04
0.000000000000000000e+00
5.934900000000000000e+04
6.690500000000000000e+04
7.417700000000000000e+04
7.938700000000000000e+04
9.243600000000000000e+04
8.526800000000000000e+04
0.000000000000000000e+00
1.024190000000000000e+05
8.736100000000000000e+04
9.216000000000000000e+04
9.057200000000000000e+04
1.085300000000000000e+05
9.366000000000000000e+04
0.000000000000000000e+00
1.197930000000000000e+05
1.230000000000000000e+05
1.072290000000000000e+05
1.064270000000000000e+05
1.071600000000000000e+05
9.974900000000000000e+04
0.000000000000000000e+00
1.176120000000000000e+05
1.243260000000000000e+05
1.266270000000000000e+05
1.252790000000000000e+05
1.300910000000000000e+05
1.288440000000000000e+05
0.000000000000000000e+00
1.623160000000000000e+05
1.472010000000000000e+05
1.300450000000000000e+05
1.373940000000000000e+05
1.510670000000000000e+05
1.542830000000000000e+05
0.000000000000000000e+00
1.958660000000000000e+05
1.831820000000000000e+05
1.731960000000000000e+05
1.661440000000000000e+05
1.711940000000000000e+05
1.744730000000000000e+05
0.000000000000000000e+00
2.374140000000000000e+05
2.214870000000000000e+05
2.205410000000000000e+05
2.301790000000000000e+05
2.342310000000000000e+05
2.504860000000000000e+05
0.000000000000000000e+00
2.911710000000000000e+05
2.858500000000000000e+05
2.528160000000000000e+05
2.534900000000000000e+05
2.544320000000000000e+05
2.354910000000000000e+05
0.000000000000000000e+00
2.763200000000000000e+05
2.809680000000000000e+05
2.738320000000000000e+05
2.605190000000000000e+05
2.648310000000000000e+05
2.580720000000000000e+05
0.000000000000000000e+00
3.084560000000000000e+05
2.919930000000000000e+05
2.682060000000000000e+05
2.584560000000000000e+05
2.168010000000000000e+05
2.701410000000000000e+05
0.000000000000000000e+00
3.524180000000000000e+05
3.514850000000000000e+05
3.270390000000000000e+05
2.802420000000000000e+05
2.482610000000000000e+05
2.507500000000000000e+05
0.000000000000000000e+00
2.743550000000000000e+05
2.816150000000000000e+05
2.922260000000000000e+05
2.715580000000000000e+05
2.609690000000000000e+05
2.486760000000000000e+05
0.000000000000000000e+00
3.651910000000000000e+05
3.442880000000000000e+05
3.259440000000000000e+05
3.373930000000000000e+05
2.661530000000000000e+05
2.912490000000000000e+05
0.000000000000000000e+00
3.302110000000000000e+05
3.259310000000000000e+05
3.095600000000000000e+05
2.982490000000000000e+05
2.851970000000000000e+05
2.554020000000000000e+05
0.000000000000000000e+00
2.734250000000000000e+05
2.983860000000000000e+05
2.828370000000000000e+05
2.618530000000000000e+05
2.817320000000000000e+05
2.617170000000000000e+05
0.000000000000000000e+00
3.145960000000000000e+05
3.103520000000000000e+05
2.900020000000000000e+05
2.774650000000000000e+05
2.761290000000000000e+05
2.876460000000000000e+05
0.000000000000000000e+00
3.005990000000000000e+05
2.829830000000000000e+05
2.655540000000000000e+05
2.859100000000000000e+05
2.881380000000000000e+05
2.849110000000000000e+05
0.000000000000000000e+00
3.290020000000000000e+05
3.187500000000000000e+05
2.553860000000000000e+05
3.193330000000000000e+05
3.034300000000000000e+05
2.882960000000000000e+05
0.000000000000000000e+00
2.547910000000000000e+05
3.074790000000000000e+05
3.007450000000000000e+05
3.043000000000000000e+05
2.905730000000000000e+05
2.379490000000000000e+05
0.000000000000000000e+00
2.925500000000000000e+05
3.343230000000000000e+05
3.023420000000000000e+05
2.772250000000000000e+05
2.982010000000000000e+05
2.751980000000000000e+05
0.000000000000000000e+00
3.119890000000000000e+05
2.480560000000000000e+05
3.094070000000000000e+05
2.619790000000000000e+05
3.028250000000000000e+05
2.530520000000000000e+05
0.000000000000000000e+00
3.270650000000000000e+05
3.193650000000000000e+05
3.153290000000000000e+05
2.620150000000000000e+05
3.036370000000000000e+05
2.722780000000000000e+05
0.000000000000000000e+00
3.285430000000000000e+05
3.287420000000000000e+05
3.522480000000000000e+05
3.413220000000000000e+05
3.133740000000000000e+05
2.734150000000000000e+05
0.000000000000000000e+00
3.623910000000000000e+05
3.129060000000000000e+05
2.446160000000000000e+05
3.107880000000000000e+05
3.035580000000000000e+05
2.214170000000000000e+05
0.000000000000000000e+00
3.281520000000000000e+05
3.068910000000000000e+05
3.045930000000000000e+05
3.009240000000000000e+05
2.463200000000000000e+05
7.690700000000000000e+04
0.000000000000000000e+00
2.871960000000000000e+05
2.599610000000000000e+05
2.399390000000000000e+05
2.568100000000000000e+05
2.257600000000000000e+05
1.975860000000000000e+05
0.000000000000000000e+00
2.264070000000000000e+05
2.131340000000000000e+05
1.610960000000000000e+05
1.769870000000000000e+05
1.937820000000000000e+05
1.745490000000000000e+05
0.000000000000000000e+00
1.956760000000000000e+05
1.819550000000000000e+05
1.831310000000000000e+05
1.956940000000000000e+05
2.137480000000000000e+05
2.077480000000000000e+05
0.000000000000000000e+00
2.643660000000000000e+05
2.541540000000000000e+05
2.357530000000000000e+05
2.048600000000000000e+05
2.061930000000000000e+05
2.343070000000000000e+05
0.000000000000000000e+00
2.772980000000000000e+05
2.697120000000000000e+05
2.289610000000000000e+05
2.058940000000000000e+05
2.077620000000000000e+05
2.154670000000000000e+05
0.000000000000000000e+00
1.939620000000000000e+05
2.159400000000000000e+05
2.481190000000000000e+05
2.402960000000000000e+05
2.490710000000000000e+05
2.273510000000000000e+05
0.000000000000000000e+00
2.787750000000000000e+05
2.679590000000000000e+05
2.460700000000000000e+05
2.487220000000000000e+05
2.653570000000000000e+05
2.562780000000000000e+05
2.640000000000000000e+02
3.324370000000000000e+05
3.074110000000000000e+05
3.157420000000000000e+05
2.829650000000000000e+05
2.898130000000000000e+05
2.593850000000000000e+05
6.286000000000000000e+03
2.524400000000000000e+05
2.062720000000000000e+05
9.897700000000000000e+04
0.000000000000000000e+00
0.000000000000000000e+00
0.000000000000000000e+00
0.000000000000000000e+00
2.595370000000000000e+05
2.355700000000000000e+05
2.034530000000000000e+05
2.069340000000000000e+05
2.140290000000000000e+05
1.891440000000000000e+05
0.000000000000000000e+00
2.320170000000000000e+05
1.966810000000000000e+05
2.158820000000000000e+05
2.023930000000000000e+05
1.600370000000000000e+05
1.707350000000000000e+05
0.000000000000000000e+00
1.968430000000000000e+05
2.055660000000000000e+05
1.940550000000000000e+05
1.902320000000000000e+05
1.898390000000000000e+05
1.553710000000000000e+05
0.000000000000000000e+00
1.625860000000000000e+05
1.587190000000000000e+05
1.406470000000000000e+05
1.306990000000000000e+05
1.287630000000000000e+05
1.211950000000000000e+05
0.000000000000000000e+00
1.339650000000000000e+05
1.420050000000000000e+05
1.373590000000000000e+05
1.037040000000000000e+05
1.169050000000000000e+05
9.894600000000000000e+04
0.000000000000000000e+00
1.323880000000000000e+05
9.851800000000000000e+04
9.083100000000000000e+04
7.053400000000000000e+04
6.374300000000000000e+04
6.612800000000000000e+04
0.000000000000000000e+00
8.947000000000000000e+04
9.112500000000000000e+04
8.268400000000000000e+04
5.716400000000000000e+04
4.915600000000000000e+04
5.374000000000000000e+04
0.000000000000000000e+00
6.921800000000000000e+04
6.429800000000000000e+04
5.413300000000000000e+04
4.971400000000000000e+04
4.665300000000000000e+04
4.024300000000000000e+04
0.000000000000000000e+00
4.162400000000000000e+04
3.798100000000000000e+04
3.830600000000000000e+04
4.257300000000000000e+04
4.885700000000000000e+04
3.076000000000000000e+04
0.000000000000000000e+00
4.221000000000000000e+04
3.453900000000000000e+04
2.915200000000000000e+04
3.764100000000000000e+04
3.469100000000000000e+04
3.420700000000000000e+04
0.000000000000000000e+00
3.138100000000000000e+04
3.294800000000000000e+04
2.635900000000000000e+04
2.203100000000000000e+04
2.539500000000000000e+04
2.165300000000000000e+04
0.000000000000000000e+00
4.252100000000000000e+04
4.334600000000000000e+04
4.221100000000000000e+04
3.798700000000000000e+04
2.833200000000000000e+04
2.754500000000000000e+04
0.000000000000000000e+00
4.754900000000000000e+04
4.219500000000000000e+04
3.739800000000000000e+04
3.860200000000000000e+04
