0.000000000000000000e+00
3.506600000000000000e+04
3.832590000000000000e+05
3.863200000000000000e+05
3.716100000000000000e+05
3.619970000000000000e+05
3.506950000000000000e+05
0.000000000000000000e+00
3.886540000000000000e+05
3.704500000000000000e+05
3.745120000000000000e+05
3.943300000000000000e+05
3.810180000000000000e+05
3.398860000000000000e+05
0.000000000000000000e+00
3.853330000000000000e+05
3.561390000000000000e+05
3.910890000000000000e+05
3.939520000000000000e+05
4.255060000000000000e+05
3.782160000000000000e+05
3.366000000000000000e+03
6.021600000000000000e+05
5.331980000000000000e+05
0.000000000000000000e+00
0.000000000000000000e+00
0.000000000000000000e+00
0.000000000000000000e+00
0.000000000000000000e+00
0.000000000000000000e+00
0.000000000000000000e+00
3.130920000000000000e+05
2.489330000000000000e+05
2.886040000000000000e+05
3.223130000000000000e+05
0.000000000000000000e+00
4.209410000000000000e+05
3.716120000000000000e+05
4.090550000000000000e+05
4.092740000000000000e+05
4.152390000000000000e+05
1.724630000000000000e+05
0.000000000000000000e+00
2.501040000000000000e+05
2.441570000000000000e+05
2.874590000000000000e+05
2.911510000000000000e+05
2.935960000000000000e+05
2.592090000000000000e+05
0.000000000000000000e+00
3.423790000000000000e+05
2.823430000000000000e+05
3.035430000000000000e+05
2.484420000000000000e+05
2.541160000000000000e+05
2.866070000000000000e+05
0.000000000000000000e+00
3.532480000000000000e+05
3.108000000000000000e+05
3.071740000000000000e+05
2.827600000000000000e+05
3.136880000000000000e+05
3.052970000000000000e+05
0.000000000000000000e+00
4.146700000000000000e+05
3.441290000000000000e+05
3.447520000000000000e+05
3.032450000000000000e+05
2.964140000000000000e+05
2.639680000000000000e+05
0.000000000000000000e+00
3.181800000000000000e+05
2.569820000000000000e+05
2.847190000000000000e+05
2.664390000000000000e+05
2.693540000000000000e+05
2.591160000000000000e+05
0.000000000000000000e+00
3.164410000000000000e+05
2.582800000000000000e+05
2.627080000000000000e+05
2.008300000000000000e+05
2.656590000000000000e+05
2.404670000000000000e+05
0.000000000000000000e+00
2.917650000000000000e+05
2.226350000000000000e+05
2.524120000000000000e+05
2.454260000000000000e+05
2.520380000000000000e+05
1.958670000000000000e+05
0.000000000000000000e+00
2.610180000000000000e+05
2.396380000000000000e+05
2.248390000000000000e+05
2.060290000000000000e+05
2.042580000000000000e+05
2.142070000000000000e+05
0.000000000000000000e+00
2.450810000000000000e+05
2.235590000000000000e+05
2.024430000000000000e+05
1.859430000000000000e+05
1.951090000000000000e+05
1.855920000000000000e+05
0.000000000000000000e+00
1.919280000000000000e+05
1.689420000000000000e+05
1.722370000000000000e+05
1.769150000000000000e+05
1.766610000000000000e+05
1.659760000000000000e+05
0.000000000000000000e+00
1.934290000000000000e+05
1.715650000000000000e+05
1.523770000000000000e+05
1.683630000000000000e+05
1.564020000000000000e+05
1.631600000000000000e+05
0.000000000000000000e+00
1.748440000000000000e+05
1.693100000000000000e+05
1.385200000000000000e+05
1.333370000000000000e+05
1.234630000000000000e+05
1.240240000000000000e+05
0.000000000000000000e+00
1.393170000000000000e+05
1.307520000000000000e+05
1.340680000000000000e+05
1.391200000000000000e+05
1.553570000000000000e+05
1.662520000000000000e+05
0.000000000000000000e+00
1.990730000000000000e+05
1.720260000000000000e+05
1.733420000000000000e+05
1.581420000000000000e+05
1.520610000000000000e+05
1.469640000000000000e+05
0.000000000000000000e+00
1.371740000000000000e+05
1.244260000000000000e+05
1.257490000000000000e+05
1.196670000000000000e+05
1.274940000000000000e+05
1.348980000000000000e+05
0.000000000000000000e+00
1.586110000000000000e+05
1.516250000000000000e+05
1.567100000000000000e+05
1.284840000000000000e+05
1.549240000000000000e+05
1.349050000000000000e+05
0.000000000000000000e+00
1.471840000000000000e+05
1.267780000000000000e+05
1.258170000000000000e+05
1.185440000000000000e+05
1.268830000000000000e+05
1.190340000000000000e+05
0.000000000000000000e+00
1.496210000000000000e+05
1.289990000000000000e+05
1.290910000000000000e+05
1.279510000000000000e+05
1.375430000000000000e+05
1.208650000000000000e+05
0.000000000000000000e+00
1.482170000000000000e+05
1.128060000000000000e+05
1.392330000000000000e+05
1.309730000000000000e+05
1.305520000000000000e+05
1.192560000000000000e+05
0.000000000000000000e+00
1.318210000000000000e+05
1.302640000000000000e+05
1.408650000000000000e+05
1.291180000000000000e+05
1.222240000000000000e+05
9.713800000000000000e+04
0.000000000000000000e+00
1.092120000000000000e+05
1.112460000000000000e+05
1.152410000000000000e+05
7.830900000000000000e+04
9.220800000000000000e+04
7.380200000000000000e+04
0.000000000000000000e+00
7.917400000000000000e+04
7.624600000000000000e+04
7.155300000000000000e+04
6.142200000000000000e+04
5.459400000000000000e+04
4.601200000000000000e+04
0.000000000000000000e+00
5.627700000000000000e+04
5.234400000000000000e+04
4.928800000000000000e+04
4.339800000000000000e+04
4.371000000000000000e+04
4.619500000000000000e+04
0.000000000000000000e+00
3.979000000000000000e+04
4.404000000000000000e+04
3.875100000000000000e+04
4.151700000000000000e+04
3.122500000000000000e+04
2.484100000000000000e+04
0.000000000000000000e+00
4.335900000000000000e+04
3.097200000000000000e+04
3.127300000000000000e+04
2.396300000000000000e+04
2.083600000000000000e+04
2.209000000000000000e+03
0.000000000000000000e+00
2.555800000000000000e+04
2.700100000000000000e+04
2.332700000000000000e+04
2.070600000000000000e+04
2.082800000000000000e+04
1.850700000000000000e+04
0.000000000000000000e+00
2.344400000000000000e+04
2.184200000000000000e+04
2.401500000000000000e+04
2.515200000000000000e+04
2.493100000000000000e+04
2.029400000000000000e+04
0.000000000000000000e+00
2.782100000000000000e+04
3.031700000000000000e+04
3.019100000000000000e+04
2.992500000000000000e+04
3.476300000000000000e+04
2.954900000000000000e+04
0.000000000000000000e+00
3.812200000000000000e+04
3.537900000000000000e+04
3.660500000000000000e+04
4.168800000000000000e+04
4.240200000000000000e+04
4.556100000000000000e+04
0.000000000000000000e+00
5.562600000000000000e+04
5.783100000000000000e+04
5.717000000000000000e+04
6.370200000000000000e+04
7.014800000000000000e+04
6.925900000000000000e+04
0.000000000000000000e+00
8.992400000000000000e+04
9.245100000000000000e+04
9.211500000000000000e+04
9.665100000000000000e+04
1.055850000000000000e+05
1.014050000000000000e+05
0.000000000000000000e+00
1.242460000000000000e+05
1.388910000000000000e+05
1.380920000000000000e+05
1.357630000000000000e+05
1.364310000000000000e+05
1.405000000000000000e+05
4.700000000000000000e+01
1.914550000000000000e+05
2.125810000000000000e+05
2.240090000000000000e+05
2.463860000000000000e+05
2.951880000000000000e+05
3.515780000000000000e+05
1.559100000000000000e+04
5.333470000000000000e+05
1.981000000000000000e+05
0.000000000000000000e+00
0.000000000000000000e+00
6.400000000000000000e+01
1.207060000000000000e+05
0.000000000000000000e+00
2.226300000000000000e+05
2.103480000000000000e+05
1.925350000000000000e+05
1.867270000000000000e+05
1.845160000000000000e+05
1.749750000000000000e+05
0.000000000000000000e+00
2.066230000000000000e+05
1.936600000000000000e+05
1.986730000000000000e+05
1.856270000000000000e+05
2.027240000000000000e+05
1.845370000000000000e+05
0.000000000000000000e+00
1.834240000000000000e+05
1.875160000000000000e+05
1.866400000000000000e+05
1.854560000000000000e+05
2.002820000000000000e+05
1.867790000000000000e+05
0.000000000000000000e+00
1.895160000000000000e+05
1.843780000000000000e+05
1.956190000000000000e+05
1.915360000000000000e+05
2.090430000000000000e+05
1.920250000000000000e+05
0.000000000000000000e+00
2.501740000000000000e+05
2.316520000000000000e+05
2.434490000000000000e+05
2.424950000000000000e+05
2.476910000000000000e+05
2.098840000000000000e+05
0.000000000000000000e+00
2.676370000000000000e+05
2.276870000000000000e+05
2.569290000000000000e+05
2.363170000000000000e+05
2.283920000000000000e+05
2.021710000000000000e+05
0.000000000000000000e+00
2.641500000000000000e+05
2.249400000000000000e+05
2.695320000000000000e+05
2.442450000000000000e+05
2.522350000000000000e+05
2.255050000000000000e+05
0.000000000000000000e+00
2.894930000000000000e+05
2.582520000000000000e+05
2.850850000000000000e+05
2.610510000000000000e+05
2.590700000000000000e+05
2.447160000000000000e+05
0.000000000000000000e+00
2.837440000000000000e+05
2.509970000000000000e+05
2.662910000000000000e+05
2.404590000000000000e+05
2.681600000000000000e+05
2.478230000000000000e+05
0.000000000000000000e+00
3.062280000000000000e+05
2.363930000000000000e+05
2.560560000000000000e+05
2.456500000000000000e+05
2.681210000000000000e+05
2.696030000000000000e+05
0.000000000000000000e+00
2.474950000000000000e+05
2.837610000000000000e+05
2.931210000000000000e+05
2.976850000000000000e+05
3.282760000000000000e+05
3.470950000000000000e+05
0.000000000000000000e+00
2.145560000000000000e+05
3.134520000000000000e+05
3.215980000000000000e+05
3.158880000000000000e+05
3.371450000000000000e+05
3.407530000000000000e+05
0.000000000000000000e+00
0.000000000000000000e+00
5.793400000000000000e+04
4.267510000000000000e+05
3.407310000000000000e+05
3.494910000000000000e+05
3.498260000000000000e+05
0.000000000000000000e+00
4.012180000000000000e+05
2.940120000000000000e+05
3.059950000000000000e+05
2.511600000000000000e+05
2.800700000000000000e+05
2.007780000000000000e+05
0.000000000000000000e+00
3.213410000000000000e+05
3.030380000000000000e+05
3.129890000000000000e+05
3.158550000000000000e+05
3.619390000000000000e+05
3.793530000000000000e+05
0.000000000000000000e+00
4.705430000000000000e+05
3.899580000000000000e+05
3.878240000000000000e+05
3.482110000000000000e+05
2.865030000000000000e+05
2.054850000000000000e+05
0.000000000000000000e+00
2.821520000000000000e+05
2.569630000000000000e+05
2.821390000000000000e+05
3.178460000000000000e+05
3.437760000000000000e+05
3.848210000000000000e+05
0.000000000000000000e+00
4.143550000000000000e+05
3.216680000000000000e+05
3.147530000000000000e+05
3.437290000000000000e+05
3.651470000000000000e+05
4.147410000000000000e+05
1.078700000000000000e+04
6.665110000000000000e+05
5.726510000000000000e+05
6.266460000000000000e+05
1.738590000000000000e+05
0.000000000000000000e+00
0.000000000000000000e+00
0.000000000000000000e+00
1.356830000000000000e+05
3.070570000000000000e+05
2.766930000000000000e+05
3.230060000000000000e+05
3.383440000000000000e+05
3.168900000000000000e+05
0.000000000000000000e+00
4.060340000000000000e+05
3.518760000000000000e+05
3.813190000000000000e+05
3.157360000000000000e+05
2.495200000000000000e+05
1.673580000000000000e+05
0.000000000000000000e+00
3.463200000000000000e+05
2.744890000000000000e+05
3.353410000000000000e+05
3.201010000000000000e+05
2.898320000000000000e+05
3.292740000000000000e+05
0.000000000000000000e+00
3.830570000000000000e+05
2.886800000000000000e+05
2.960680000000000000e+05
2.937460000000000000e+05
2.615380000000000000e+05
2.498800000000000000e+05
0.000000000000000000e+00
2.999720000000000000e+05
2.436010000000000000e+05
2.261620000000000000e+05
1.986620000000000000e+05
2.236210000000000000e+05
2.243800000000000000e+05
0.000000000000000000e+00
3.002730000000000000e+05
2.550480000000000000e+05
2.278150000000000000e+05
2.097370000000000000e+05
3.097350000000000000e+05
1.897440000000000000e+05
0.000000000000000000e+00
2.052720000000000000e+05
1.857770000000000000e+05
1.935020000000000000e+05
1.910020000000000000e+05
1.891000000000000000e+05
1.952080000000000000e+05
0.000000000000000000e+00
2.069120000000000000e+05
1.780410000000000000e+05
1.711780000000000000e+05
1.578780000000000000e+05
1.482030000000000000e+05
1.335160000000000000e+05
0.000000000000000000e+00
1.538500000000000000e+05
1.487030000000000000e+05
1.526000000000000000e+05
1.461160000000000000e+05
1.436900000000000000e+05
1.288180000000000000e+05
0.000000000000000000e+00
1.747750000000000000e+05
1.374430000000000000e+05
1.568520000000000000e+05
1.555990000000000000e+05
1.678080000000000000e+05
1.544080000000000000e+05
0.000000000000000000e+00
1.734920000000000000e+05
1.502840000000000000e+05
1.505330000000000000e+05
1.480850000000000000e+05
1.656050000000000000e+05
1.686960000000000000e+05
0.000000000000000000e+00
1.527040000000000000e+05
1.804600000000000000e+05
1.799400000000000000e+05
1.707120000000000000e+05
1.752510000000000000e+05
1.726400000000000000e+05
0.000000000000000000e+00
1.722840000000000000e+05
1.657130000000000000e+05
1.719350000000000000e+05
1.428040000000000000e+05
1.533460000000000000e+05
1.470730000000000000e+05
0.000000000000000000e+00
1.900940000000000000e+05
1.513190000000000000e+05
1.349430000000000000e+05
1.341950000000000000e+05
1.387600000000000000e+05
1.284920000000000000e+05
0.000000000000000000e+00
1.575380000000000000e+05
1.514910000000000000e+05
1.482870000000000000e+05
1.417800000000000000e+05
1.319250000000000000e+05
1.338870000000000000e+05
0.000000000000000000e+00
1.459670000000000000e+05
1.367050000000000000e+05
1.344040000000000000e+05
1.445250000000000000e+05
1.265670000000000000e+05
1.248230000000000000e+05
0.000000000000000000e+00
1.407220000000000000e+05
1.378120000000000000e+05
1.251910000000000000e+05
1.271260000000000000e+05
1.359940000000000000e+05
1.299950000000000000e+05
0.000000000000000000e+00
1.337640000000000000e+05
1.328500000000000000e+05
1.141220000000000000e+05
1.199520000000000000e+05
1.068260000000000000e+05
9.863300000000000000e+04
0.000000000000000000e+00
1.055590000000000000e+05
1.104250000000000000e+05
1.055210000000000000e+05
9.871900000000000000e+04
1.040990000000000000e+05
9.800300000000000000e+04
0.000000000000000000e+00
1.024350000000000000e+05
1.008480000000000000e+05
9.434500000000000000e+04
8.244400000000000000e+04
9.077500000000000000e+04
7.169500000000000000e+04
0.000000000000000000e+00
7.822600000000000000e+04
7.232300000000000000e+04
6.880600000000000000e+04
7.235000000000000000e+04
6.955400000000000000e+04
5.763100000000000000e+04
0.000000000000000000e+00
6.217800000000000000e+04
5.594400000000000000e+04
5.573700000000000000e+04
6.167300000000000000e+04
5.303700000000000000e+04
4.748100000000000000e+04
0.000000000000000000e+00
5.254600000000000000e+04
4.316800000000000000e+04
4.424100000000000000e+04
3.959100000000000000e+04
3.502600000000000000e+04
2.857000000000000000e+04
0.000000000000000000e+00
3.226700000000000000e+04
3.697600000000000000e+04
2.658100000000000000e+04
2.062800000000000000e+04
1.845200000000000000e+04
1.962000000000000000e+03
0.000000000000000000e+00
1.571800000000000000e+04
2.088400000000000000e+04
1.242400000000000000e+04
1.076800000000000000e+04
1.553700000000000000e+04
8.771000000000000000e+03
0.000000000000000000e+00
9.251000000000000000e+03
7.856000000000000000e+03
6.159000000000000000e+03
4.631000000000000000e+03
5.460000000000000000e+03
0.000000000000000000e+00
0.000000000000000000e+00
5.841000000000000000e+03
5.810000000000000000e+03
6.497000000000000000e+03
5.187000000000000000e+03
5.244000000000000000e+03
6.905000000000000000e+03
0.000000000000000000e+00
8.054000000000000000e+03
8.596000000000000000e+03
1.082000000000000000e+04
1.267000000000000000e+04
1.170500000000000000e+04
7.676000000000000000e+03
0.000000000000000000e+00
1.325000000000000000e+04
1.387600000000000000e+04
1.883100000000000000e+04
1.864200000000000000e+04
1.587000000000000000e+04
1.869600000000000000e+04
0.000000000000000000e+00
3.303200000000000000e+04
2.942800000000000000e+04
3.815700000000000000e+04
4.194300000000000000e+04
5.029800000000000000e+04
5.507900000000000000e+04
0.000000000000000000e+00
1.122740000000000000e+05
1.337470000000000000e+05
1.789260000000000000e+05
2.467960000000000000e+05
3.801250000000000000e+05
3.776170000000000000e+05
8.604000000000000000e+03
0.000000000000000000e+00
0.000000000000000000e+00
0.000000000000000000e+00
1.232130000000000000e+05
1.144910000000000000e+05
1.080150000000000000e+05
0.000000000000000000e+00
1.521910000000000000e+05
1.152430000000000000e+05
1.196850000000000000e+05
1.141270000000000000e+05
1.125550000000000000e+05
1.065860000000000000e+05
0.000000000000000000e+00
1.569100000000000000e+05
1.381110000000000000e+05
1.230950000000000000e+05
1.422110000000000000e+05
1.457010000000000000e+05
1.471770000000000000e+05
0.000000000000000000e+00
1.575010000000000000e+05
1.498500000000000000e+05
1.408980000000000000e+05
1.506250000000000000e+05
1.541380000000000000e+05
1.529830000000000000e+05
0.000000000000000000e+00
1.835510000000000000e+05
1.836480000000000000e+05
2.250070000000000000e+05
1.801270000000000000e+05
1.793330000000000000e+05
1.962170000000000000e+05
0.000000000000000000e+00
2.269720000000000000e+05
2.102460000000000000e+05
2.003110000000000000e+05
1.919300000000000000e+05
1.900890000000000000e+05
1.844110000000000000e+05
0.000000000000000000e+00
2.176610000000000000e+05
2.097520000000000000e+05
2.235150000000000000e+05
1.891030000000000000e+05
1.924740000000000000e+05
1.949170000000000000e+05
0.000000000000000000e+00
2.886410000000000000e+05
2.665100000000000000e+05
2.860960000000000000e+05
2.804210000000000000e+05
2.784180000000000000e+05
2.467240000000000000e+05
0.000000000000000000e+00
2.587780000000000000e+05
2.774480000000000000e+05
2.930290000000000000e+05
2.305730000000000000e+05
2.456930000000000000e+05
2.205970000000000000e+05
0.000000000000000000e+00
2.655110000000000000e+05
2.541600000000000000e+05
2.974370000000000000e+05
2.857210000000000000e+05
3.005730000000000000e+05
2.458030000000000000e+05
0.000000000000000000e+00
2.887250000000000000e+05
2.603570000000000000e+05
2.749930000000000000e+05
2.579170000000000000e+05
2.841020000000000000e+05
2.449050000000000000e+05
0.000000000000000000e+00
3.303930000000000000e+05
2.828800000000000000e+05
2.881490000000000000e+05
3.087480000000000000e+05
3.380070000000000000e+05
3.457270000000000000e+05
0.000000000000000000e+00
3.770770000000000000e+05
3.220030000000000000e+05
3.259130000000000000e+05
2.653670000000000000e+05
3.718010000000000000e+05
3.237110000000000000e+05
0.000000000000000000e+00
3.933560000000000000e+05
2.198350000000000000e+05
2.964150000000000000e+05
3.419290000000000000e+05
3.514740000000000000e+05
3.230050000000000000e+05
0.000000000000000000e+00
2.895550000000000000e+05
0.000000000000000000e+00
3.701100000000000000e+04
3.769220000000000000e+05
3.632080000000000000e+05
3.386740000000000000e+05
0.000000000000000000e+00
4.545030000000000000e+05
3.819150000000000000e+05
3.647770000000000000e+05
3.293070000000000000e+05
3.416880000000000000e+05
2.850760000000000000e+05
0.000000000000000000e+00
3.592920000000000000e+05
3.094340000000000000e+05
3.379200000000000000e+05
3.118520000000000000e+05
3.366820000000000000e+05
3.161440000000000000e+05
0.000000000000000000e+00
4.039760000000000000e+05
3.678280000000000000e+05
3.649940000000000000e+05
3.660340000000000000e+05
3.883390000000000000e+05
3.750790000000000000e+05
3.890000000000000000e+02
4.790020000000000000e+05
4.521890000000000000e+05
4.643690000000000000e+05
4.589330000000000000e+05
4.913400000000000000e+05
5.533440000000000000e+05
2.901800000000000000e+04
2.031650000000000000e+05
0.000000000000000000e+00
0.000000000000000000e+00
9.326000000000000000e+03
3.205550000000000000e+05
2.673380000000000000e+05
0.000000000000000000e+00
3.908070000000000000e+05
3.135540000000000000e+05
3.282720000000000000e+05
3.265950000000000000e+05
3.488150000000000000e+05
3.966390000000000000e+05
0.000000000000000000e+00
3.622040000000000000e+05
2.705120000000000000e+05
1.999460000000000000e+05
2.153310000000000000e+05
2.283280000000000000e+05
2.389330000000000000e+05
0.000000000000000000e+00
3.112300000000000000e+05
2.782340000000000000e+05
2.638020000000000000e+05
2.618580000000000000e+05
2.608950000000000000e+05
2.320330000000000000e+05
0.000000000000000000e+00
3.275170000000000000e+05
2.798400000000000000e+05
2.668110000000000000e+05
2.294500000000000000e+05
2.382590000000000000e+05
2.436030000000000000e+05
0.000000000000000000e+00
2.732390000000000000e+05
2.247830000000000000e+05
2.132030000000000000e+05
2.008390000000000000e+05
2.446560000000000000e+05
2.400970000000000000e+05
0.000000000000000000e+00
2.896880000000000000e+05
2.203060000000000000e+05
2.164310000000000000e+05
1.881510000000000000e+05
1.968790000000000000e+05
1.823460000000000000e+05
0.000000000000000000e+00
2.187520000000000000e+05
1.954930000000000000e+05
1.805890000000000000e+05
1.939130000000000000e+05
1.600560000000000000e+05
1.754350000000000000e+05
0.000000000000000000e+00
1.781990000000000000e+05
1.743940000000000000e+05
1.720670000000000000e+05
1.810440000000000000e+05
1.656650000000000000e+05
1.708790000000000000e+05
0.000000000000000000e+00
1.873470000000000000e+05
1.673800000000000000e+05
1.657070000000000000e+05
1.591470000000000000e+05
1.775750000000000000e+05
1.773460000000000000e+05
0.000000000000000000e+00
1.978520000000000000e+05
1.809880000000000000e+05
1.830950000000000000e+05
1.669420000000000000e+05
1.645800000000000000e+05
1.517700000000000000e+05
0.000000000000000000e+00
1.770610000000000000e+05
1.617920000000000000e+05
1.575810000000000000e+05
1.672370000000000000e+05
1.742060000000000000e+05
1.715610000000000000e+05
0.000000000000000000e+00
2.004540000000000000e+05
1.619280000000000000e+05
1.568600000000000000e+05
1.604210000000000000e+05
1.604730000000000000e+05
1.528220000000000000e+05
0.000000000000000000e+00
1.478470000000000000e+05
1.425870000000000000e+05
1.357760000000000000e+05
1.215170000000000000e+05
1.335810000000000000e+05
1.524820000000000000e+05
0.000000000000000000e+00
1.432330000000000000e+05
1.353430000000000000e+05
1.425400000000000000e+05
1.343280000000000000e+05
1.391070000000000000e+05
1.339510000000000000e+05
0.000000000000000000e+00
1.576620000000000000e+05
1.524630000000000000e+05
1.445950000000000000e+05
1.409650000000000000e+05
1.408750000000000000e+05
1.207460000000000000e+05
0.000000000000000000e+00
1.326380000000000000e+05
1.147010000000000000e+05
1.176730000000000000e+05
1.202880000000000000e+05
1.150270000000000000e+05
1.101330000000000000e+05
0.000000000000000000e+00
1.321460000000000000e+05
1.217230000000000000e+05
1.174780000000000000e+05
1.139040000000000000e+05
1.080450000000000000e+05
1.066130000000000000e+05
0.000000000000000000e+00
1.256490000000000000e+05
1.238410000000000000e+05
1.395950000000000000e+05
1.320820000000000000e+05
1.277170000000000000e+05
1.079700000000000000e+05
0.000000000000000000e+00
1.213790000000000000e+05
1.183840000000000000e+05
1.200550000000000000e+05
1.085690000000000000e+05
1.110330000000000000e+05
1.010820000000000000e+05
0.000000000000000000e+00
1.215770000000000000e+05
1.119390000000000000e+05
1.096130000000000000e+05
1.022940000000000000e+05
9.777500000000000000e+04
8.701300000000000000e+04
0.000000000000000000e+00
9.745100000000000000e+04
9.316200000000000000e+04
9.301300000000000000e+04
8.475000000000000000e+04
8.486500000000000000e+04
7.492700000000000000e+04
0.000000000000000000e+00
7.734500000000000000e+04
8.001500000000000000e+04
7.710500000000000000e+04
7.390800000000000000e+04
7.557500000000000000e+04
6.927500000000000000e+04
0.000000000000000000e+00
7.583800000000000000e+04
7.460800000000000000e+04
7.505600000000000000e+04
6.629100000000000000e+04
6.872300000000000000e+04
5.491500000000000000e+04
0.000000000000000000e+00
7.263400000000000000e+04
6.632900000000000000e+04
6.024000000000000000e+04
5.646600000000000000e+04
5.499300000000000000e+04
4.510200000000000000e+04
0.000000000000000000e+00
4.899700000000000000e+04
4.129700000000000000e+04
3.517200000000000000e+04
3.181900000000000000e+04
3.912100000000000000e+04
4.474000000000000000e+03
0.000000000000000000e+00
2.859700000000000000e+04
2.367500000000000000e+04
2.627000000000000000e+04
1.909900000000000000e+04
2.295000000000000000e+04
1.361700000000000000e+04
0.000000000000000000e+00
2.904100000000000000e+04
1.606100000000000000e+04
1.697500000000000000e+04
1.797200000000000000e+04
1.578900000000000000e+04
1.306700000000000000e+04
0.000000000000000000e+00
1.831900000000000000e+04
2.056200000000000000e+04
1.521000000000000000e+04
1.487300000000000000e+04
1.745800000000000000e+04
1.566200000000000000e+04
0.000000000000000000e+00
2.599100000000000000e+04
3.189200000000000000e+04
2.761900000000000000e+04
3.365800000000000000e+04
3.451000000000000000e+04
3.117600000000000000e+04
0.000000000000000000e+00
4.780300000000000000e+04
5.036800000000000000e+04
5.532100000000000000e+04
6.766400000000000000e+04
8.739900000000000000e+04
9.564200000000000000e+04
2.520000000000000000e+02
1.546430000000000000e+05
1.970500000000000000e+05
2.733670000000000000e+05
1.337920000000000000e+05
0.000000000000000000e+00
0.000000000000000000e+00
0.000000000000000000e+00
5.735400000000000000e+04
5.958300000000000000e+04
6.488600000000000000e+04
6.593800000000000000e+04
7.773300000000000000e+04
6.422100000000000000e+04
0.000000000000000000e+00
7.862300000000000000e+04
8.264000000000000000e+04
8.231800000000000000e+04
7.530800000000000000e+04
8.317600000000000000e+04
8.520000000000000000e+04
0.000000000000000000e+00
1.128730000000000000e+05
1.201440000000000000e+05
1.159510000000000000e+05
1.195080000000000000e+05
1.333080000000000000e+05
1.236600000000000000e+05
0.000000000000000000e+00
1.507330000000000000e+05
1.369640000000000000e+05
1.464930000000000000e+05
1.414280000000000000e+05
1.343720000000000000e+05
1.328980000000000000e+05
0.000000000000000000e+00
1.476340000000000000e+05
1.458810000000000000e+05
1.323900000000000000e+05
1.375510000000000000e+05
1.478360000000000000e+05
1.416730000000000000e+05
0.000000000000000000e+00
1.624320000000000000e+05
1.588970000000000000e+05
1.586790000000000000e+05
1.568640000000000000e+05
1.696760000000000000e+05
1.673330000000000000e+05
0.000000000000000000e+00
1.992930000000000000e+05
1.839500000000000000e+05
1.959640000000000000e+05
1.901040000000000000e+05
1.944790000000000000e+05
1.828100000000000000e+05
0.000000000000000000e+00
2.174600000000000000e+05
2.195300000000000000e+05
2.159110000000000000e+05
2.269130000000000000e+05
2.290350000000000000e+05
2.142600000000000000e+05
0.000000000000000000e+00
2.596820000000000000e+05
2.371410000000000000e+05
2.418030000000000000e+05
2.188650000000000000e+05
2.209420000000000000e+05
2.199360000000000000e+05
0.000000000000000000e+00
2.768220000000000000e+05
2.367190000000000000e+05
2.511210000000000000e+05
2.639180000000000000e+05
2.521200000000000000e+05
2.408250000000000000e+05
0.000000000000000000e+00
2.960660000000000000e+05
2.565280000000000000e+05
2.879320000000000000e+05
2.600040000000000000e+05
2.710660000000000000e+05
2.417170000000000000e+05
0.000000000000000000e+00
2.819350000000000000e+05
2.373570000000000000e+05
2.536450000000000000e+05
2.787250000000000000e+05
3.096020000000000000e+05
2.942920000000000000e+05
0.000000000000000000e+00
3.605430000000000000e+05
3.043630000000000000e+05
3.285480000000000000e+05
3.011690000000000000e+05
3.000090000000000000e+05
2.824070000000000000e+05
0.000000000000000000e+00
3.567760000000000000e+05
2.982540000000000000e+05
2.963740000000000000e+05
3.093310000000000000e+05
3.272510000000000000e+05
3.033180000000000000e+05
0.000000000000000000e+00
4.033520000000000000e+05
3.661590000000000000e+05
2.384210000000000000e+05
3.156160000000000000e+05
3.046140000000000000e+05
3.082460000000000000e+05
0.000000000000000000e+00
4.321150000000000000e+05
2.743540000000000000e+05
0.000000000000000000e+00
3.493400000000000000e+04
4.399450000000000000e+05
3.806040000000000000e+05
0.000000000000000000e+00
4.727320000000000000e+05
3.455530000000000000e+05
3.215800000000000000e+05
2.585020000000000000e+05
3.867640000000000000e+05
3.502460000000000000e+05
0.000000000000000000e+00
5.097080000000000000e+05
4.267080000000000000e+05
4.450120000000000000e+05
3.999520000000000000e+05
4.241440000000000000e+05
4.200700000000000000e+05
1.580000000000000000e+03
6.205350000000000000e+05
5.748160000000000000e+05
5.725520000000000000e+05
5.894440000000000000e+05
1.903000000000000000e+05
0.000000000000000000e+00
0.000000000000000000e+00
8.080000000000000000e+02
1.530080000000000000e+05
2.808830000000000000e+05
2.467210000000000000e+05
2.771070000000000000e+05
2.794370000000000000e+05
0.000000000000000000e+00
4.247280000000000000e+05
3.529660000000000000e+05
4.137420000000000000e+05
2.824280000000000000e+05
4.145710000000000000e+05
2.302890000000000000e+05
0.000000000000000000e+00
2.884520000000000000e+05
2.682050000000000000e+05
2.754050000000000000e+05
2.311280000000000000e+05
2.588050000000000000e+05
2.341450000000000000e+05
0.000000000000000000e+00
2.765260000000000000e+05
2.162320000000000000e+05
2.725950000000000000e+05
2.290140000000000000e+05
2.771490000000000000e+05
2.819490000000000000e+05
0.000000000000000000e+00
3.408850000000000000e+05
2.582310000000000000e+05
2.529630000000000000e+05
2.401680000000000000e+05
2.350780000000000000e+05
2.158670000000000000e+05
0.000000000000000000e+00
2.998950000000000000e+05
2.448290000000000000e+05
2.564280000000000000e+05
2.427390000000000000e+05
2.416660000000000000e+05
2.171860000000000000e+05
0.000000000000000000e+00
2.620040000000000000e+05
2.041490000000000000e+05
1.660020000000000000e+05
2.099040000000000000e+05
1.920640000000000000e+05
2.089990000000000000e+05
0.000000000000000000e+00
2.464000000000000000e+05
1.911090000000000000e+05
1.908780000000000000e+05
1.782420000000000000e+05
1.483610000000000000e+05
1.859360000000000000e+05
0.000000000000000000e+00
2.090020000000000000e+05
1.711630000000000000e+05
1.784130000000000000e+05
1.702570000000000000e+05
1.615800000000000000e+05
1.520900000000000000e+05
0.000000000000000000e+00
2.402130000000000000e+05
1.892420000000000000e+05
1.881820000000000000e+05
1.768490000000000000e+05
1.712410000000000000e+05
1.516080000000000000e+05
0.000000000000000000e+00
1.842750000000000000e+05
1.611160000000000000e+05
1.412260000000000000e+05
1.387680000000000000e+05
1.322800000000000000e+05
1.284620000000000000e+05
0.000000000000000000e+00
1.665190000000000000e+05
1.487570000000000000e+05
1.550630000000000000e+05
1.432920000000000000e+05
2.983040000000000000e+05
1.383320000000000000e+05
0.000000000000000000e+00
1.675910000000000000e+05
1.522960000000000000e+05
1.466840000000000000e+05
1.541020000000000000e+05
1.356020000000000000e+05
1.481070000000000000e+05
0.000000000000000000e+00
1.554500000000000000e+05
1.470700000000000000e+05
1.360810000000000000e+05
1.327690000000000000e+05
1.205800000000000000e+05
1.182890000000000000e+05
0.000000000000000000e+00
1.395390000000000000e+05
1.345170000000000000e+05
1.326130000000000000e+05
1.405070000000000000e+05
1.156820000000000000e+05
1.268060000000000000e+05
0.000000000000000000e+00
1.551940000000000000e+05
1.437220000000000000e+05
1.436170000000000000e+05
1.381580000000000000e+05
1.302020000000000000e+05
1.088960000000000000e+05
0.000000000000000000e+00
1.337020000000000000e+05
1.262800000000000000e+05
1.150900000000000000e+05
1.173230000000000000e+05
1.341760000000000000e+05
1.257830000000000000e+05
0.000000000000000000e+00
1.424040000000000000e+05
1.229830000000000000e+05
1.203860000000000000e+05
1.273980000000000000e+05
1.286910000000000000e+05
1.125400000000000000e+05
0.000000000000000000e+00
1.384390000000000000e+05
1.225320000000000000e+05
1.102560000000000000e+05
1.235060000000000000e+05
1.210590000000000000e+05
1.022540000000000000e+05
0.000000000000000000e+00
1.393970000000000000e+05
1.183090000000000000e+05
8.596500000000000000e+04
1.103550000000000000e+05
9.412000000000000000e+04
8.425300000000000000e+04
0.000000000000000000e+00
8.027400000000000000e+04
8.815700000000000000e+04
8.191900000000000000e+04
7.675200000000000000e+04
7.989200000000000000e+04
5.877200000000000000e+04
0.000000000000000000e+00
7.752000000000000000e+04
7.727000000000000000e+04
7.104400000000000000e+04
6.267600000000000000e+04
6.351900000000000000e+04
6.194400000000000000e+04
0.000000000000000000e+00
7.899400000000000000e+04
5.798400000000000000e+04
5.684700000000000000e+04
5.469700000000000000e+04
5.859600000000000000e+04
4.600300000000000000e+04
0.000000000000000000e+00
6.806500000000000000e+04
6.409800000000000000e+04
5.295600000000000000e+04
5.039000000000000000e+04
5.538300000000000000e+04
5.003900000000000000e+04
0.000000000000000000e+00
6.342200000000000000e+04
6.296200000000000000e+04
6.381900000000000000e+04
5.606200000000000000e+04
6.208700000000000000e+04
5.038400000000000000e+04
0.000000000000000000e+00
5.848600000000000000e+04
6.342000000000000000e+04
4.311800000000000000e+04
4.967700000000000000e+04
5.574100000000000000e+04
4.625400000000000000e+04
0.000000000000000000e+00
5.607100000000000000e+04
4.737400000000000000e+04
4.710700000000000000e+04
5.231000000000000000e+04
5.137900000000000000e+04
5.967000000000000000e+03
0.000000000000000000e+00
5.164500000000000000e+04
3.949200000000000000e+04
3.553500000000000000e+04
3.704900000000000000e+04
3.315200000000000000e+04
3.188800000000000000e+04
0.000000000000000000e+00
3.665900000000000000e+04
3.341000000000000000e+04
2.171100000000000000e+04
2.538300000000000000e+04
2.164700000000000000e+04
2.134800000000000000e+04
0.000000000000000000e+00
2.269500000000000000e+04
2.007200000000000000e+04
2.161500000000000000e+04
2.185800000000000000e+04
2.290900000000000000e+04
2.230100000000000000e+04
0.000000000000000000e+00
3.034200000000000000e+04
2.741600000000000000e+04
2.663800000000000000e+04
2.258200000000000000e+04
2.031200000000000000e+04
2.185300000000000000e+04
0.000000000000000000e+00
2.724400000000000000e+04
2.614500000000000000e+04
2.227900000000000000e+04
2.281300000000000000e+04
2.240400000000000000e+04
2.476000000000000000e+04
0.000000000000000000e+00
2.004500000000000000e+04
2.536700000000000000e+04
2.633100000000000000e+04
2.495400000000000000e+04
2.483300000000000000e+04
2.247000000000000000e+04
0.000000000000000000e+00
2.854000000000000000e+04
2.723600000000000000e+04
3.007300000000000000e+04
3.168100000000000000e+04
3.423300000000000000e+04
3.445800000000000000e+04
0.000000000000000000e+00
5.470600000000000000e+04
5.435200000000000000e+04
6.041600000000000000e+04
6.984000000000000000e+04
8.931200000000000000e+04
1.242580000000000000e+05
9.710000000000000000e+02
2.931540000000000000e+05
3.189010000000000000e+05
1.703250000000000000e+05
0.000000000000000000e+00
0.000000000000000000e+00
0.000000000000000000e+00
0.000000000000000000e+00
1.690560000000000000e+05
1.291870000000000000e+05
1.201720000000000000e+05
1.258710000000000000e+05
1.227380000000000000e+05
1.132000000000000000e+05
0.000000000000000000e+00
1.385960000000000000e+05
1.090870000000000000e+05
1.206680000000000000e+05
1.311190000000000000e+05
1.173680000000000000e+05
1.376430000000000000e+05
0.000000000000000000e+00
1.595010000000000000e+05
1.488900000000000000e+05
1.500220000000000000e+05
1.556100000000000000e+05
1.617980000000000000e+05
1.554390000000000000e+05
0.000000000000000000e+00
1.983980000000000000e+05
1.753650000000000000e+05
1.809940000000000000e+05
1.746200000000000000e+05
1.707870000000000000e+05
1.687380000000000000e+05
0.000000000000000000e+00
2.353270000000000000e+05
2.166870000000000000e+05
2.162710000000000000e+05
2.236340000000000000e+05
2.395250000000000000e+05
2.248500000000000000e+05
0.000000000000000000e+00
3.067320000000000000e+05
2.654580000000000000e+05
2.579740000000000000e+05
2.497140000000000000e+05
2.386690000000000000e+05
2.137610000000000000e+05
0.000000000000000000e+00
2.834500000000000000e+05
2.579680000000000000e+05
2.680160000000000000e+05
2.319310000000000000e+05
1.948520000000000000e+05
2.108570000000000000e+05
0.000000000000000000e+00
2.907860000000000000e+05
2.729270000000000000e+05
3.112920000000000000e+05
2.566060000000000000e+05
3.506690000000000000e+05
2.908810000000000000e+05
0.000000000000000000e+00
3.144840000000000000e+05
2.686440000000000000e+05
2.570310000000000000e+05
2.418140000000000000e+05
2.638320000000000000e+05
2.483490000000000000e+05
0.000000000000000000e+00
3.285490000000000000e+05
2.877280000000000000e+05
2.921930000000000000e+05
2.902220000000000000e+05
2.830910000000000000e+05
2.677740000000000000e+05
0.000000000000000000e+00
3.239030000000000000e+05
2.494890000000000000e+05
2.482580000000000000e+05
2.358740000000000000e+05
2.345390000000000000e+05
2.239820000000000000e+05
0.000000000000000000e+00
3.511120000000000000e+05
3.088100000000000000e+05
3.136950000000000000e+05
3.142280000000000000e+05
3.276930000000000000e+05
1.672480000000000000e+05
0.000000000000000000e+00
3.629480000000000000e+05
3.044610000000000000e+05
3.177330000000000000e+05
2.072940000000000000e+05
