0.000000000000000000e+00
7.324000000000000000e+03
6.180100000000000000e+04
6.352200000000000000e+04
6.371200000000000000e+04
6.076800000000000000e+04
6.358400000000000000e+04
0.000000000000000000e+00
6.736800000000000000e+04
6.530600000000000000e+04
6.608200000000000000e+04
6.699500000000000000e+04
5.004900000000000000e+04
7.394200000000000000e+04
0.000000000000000000e+00
7.239700000000000000e+04
7.001500000000000000e+04
7.330400000000000000e+04
6.997000000000000000e+04
8.089800000000000000e+04
8.905000000000000000e+04
1.750000000000000000e+02
1.064110000000000000e+05
9.681100000000000000e+04
0.000000000000000000e+00
0.000000000000000000e+00
0.000000000000000000e+00
0.000000000000000000e+00
0.000000000000000000e+00
0.000000000000000000e+00
0.000000000000000000e+00
8.141900000000000000e+04
7.943800000000000000e+04
7.711300000000000000e+04
8.181600000000000000e+04
0.000000000000000000e+00
7.590800000000000000e+04
7.577300000000000000e+04
7.503500000000000000e+04
7.302200000000000000e+04
8.522800000000000000e+04
1.486900000000000000e+04
0.000000000000000000e+00
7.252800000000000000e+04
6.301900000000000000e+04
6.505100000000000000e+04
6.563100000000000000e+04
7.037200000000000000e+04
7.313500000000000000e+04
0.000000000000000000e+00
7.605300000000000000e+04
7.406200000000000000e+04
7.512100000000000000e+04
7.441600000000000000e+04
8.314000000000000000e+04
8.332600000000000000e+04
0.000000000000000000e+00
8.343000000000000000e+04
8.482900000000000000e+04
8.686700000000000000e+04
8.557400000000000000e+04
8.889500000000000000e+04
9.026600000000000000e+04
0.000000000000000000e+00
1.006700000000000000e+05
9.906500000000000000e+04
9.971600000000000000e+04
9.928300000000000000e+04
1.054020000000000000e+05
1.088310000000000000e+05
0.000000000000000000e+00
1.153040000000000000e+05
1.143890000000000000e+05
1.170780000000000000e+05
1.195740000000000000e+05
1.262280000000000000e+05
1.169430000000000000e+05
0.000000000000000000e+00
1.264840000000000000e+05
1.278720000000000000e+05
1.319530000000000000e+05
8.289700000000000000e+04
1.169370000000000000e+05
1.200360000000000000e+05
0.000000000000000000e+00
1.308610000000000000e+05
1.300930000000000000e+05
1.326980000000000000e+05
1.266680000000000000e+05
1.307010000000000000e+05
1.242420000000000000e+05
0.000000000000000000e+00
1.423760000000000000e+05
1.462050000000000000e+05
1.433570000000000000e+05
1.322160000000000000e+05
1.303450000000000000e+05
1.286680000000000000e+05
0.000000000000000000e+00
1.350900000000000000e+05
1.485490000000000000e+05
1.374750000000000000e+05
1.373100000000000000e+05
1.324120000000000000e+05
1.362460000000000000e+05
0.000000000000000000e+00
1.434520000000000000e+05
1.275820000000000000e+05
1.257830000000000000e+05
1.192170000000000000e+05
1.223720000000000000e+05
1.288960000000000000e+05
0.000000000000000000e+00
1.316370000000000000e+05
1.259370000000000000e+05
1.282050000000000000e+05
1.222840000000000000e+05
1.122590000000000000e+05
1.131100000000000000e+05
0.000000000000000000e+00
1.175060000000000000e+05
1.198680000000000000e+05
1.067050000000000000e+05
1.066080000000000000e+05
1.047650000000000000e+05
1.072880000000000000e+05
0.000000000000000000e+00
1.048070000000000000e+05
9.915100000000000000e+04
1.026160000000000000e+05
1.009710000000000000e+05
9.768500000000000000e+04
9.740100000000000000e+04
0.000000000000000000e+00
1.000660000000000000e+05
1.004570000000000000e+05
9.854800000000000000e+04
9.468100000000000000e+04
1.032370000000000000e+05
1.018740000000000000e+05
0.000000000000000000e+00
1.075070000000000000e+05
1.028820000000000000e+05
9.996900000000000000e+04
9.303700000000000000e+04
9.363900000000000000e+04
9.337100000000000000e+04
0.000000000000000000e+00
9.846900000000000000e+04
9.989100000000000000e+04
9.476000000000000000e+04
8.441700000000000000e+04
8.797600000000000000e+04
8.181900000000000000e+04
0.000000000000000000e+00
1.019130000000000000e+05
9.427200000000000000e+04
9.123700000000000000e+04
8.650900000000000000e+04
8.316500000000000000e+04
9.205200000000000000e+04
0.000000000000000000e+00
9.360900000000000000e+04
8.342300000000000000e+04
8.392700000000000000e+04
9.261200000000000000e+04
8.633300000000000000e+04
9.311600000000000000e+04
0.000000000000000000e+00
9.509300000000000000e+04
6.757100000000000000e+04
8.758600000000000000e+04
8.144400000000000000e+04
8.455400000000000000e+04
8.405800000000000000e+04
0.000000000000000000e+00
9.904200000000000000e+04
8.781300000000000000e+04
7.887100000000000000e+04
7.700300000000000000e+04
7.937800000000000000e+04
7.741200000000000000e+04
0.000000000000000000e+00
8.924300000000000000e+04
7.897600000000000000e+04
6.930600000000000000e+04
4.695700000000000000e+04
6.657400000000000000e+04
6.185300000000000000e+04
0.000000000000000000e+00
7.488100000000000000e+04
7.202400000000000000e+04
6.698600000000000000e+04
5.851400000000000000e+04
5.652400000000000000e+04
5.992300000000000000e+04
0.000000000000000000e+00
6.760700000000000000e+04
5.920700000000000000e+04
5.382400000000000000e+04
5.119000000000000000e+04
6.231500000000000000e+04
6.251800000000000000e+04
0.000000000000000000e+00
6.683400000000000000e+04
6.006400000000000000e+04
5.511300000000000000e+04
4.842500000000000000e+04
4.556300000000000000e+04
5.045100000000000000e+04
0.000000000000000000e+00
5.461300000000000000e+04
5.484900000000000000e+04
5.060600000000000000e+04
5.017900000000000000e+04
5.650300000000000000e+04
4.279000000000000000e+03
0.000000000000000000e+00
6.440800000000000000e+04
5.196900000000000000e+04
4.873300000000000000e+04
4.916200000000000000e+04
4.672000000000000000e+04
4.808600000000000000e+04
0.000000000000000000e+00
5.682200000000000000e+04
5.015500000000000000e+04
5.912100000000000000e+04
4.988500000000000000e+04
4.931400000000000000e+04
5.064100000000000000e+04
0.000000000000000000e+00
5.722400000000000000e+04
5.108000000000000000e+04
5.146300000000000000e+04
5.094000000000000000e+04
4.976400000000000000e+04
4.717000000000000000e+04
0.000000000000000000e+00
5.935000000000000000e+04
5.667200000000000000e+04
5.029300000000000000e+04
5.178600000000000000e+04
5.271300000000000000e+04
5.374100000000000000e+04
0.000000000000000000e+00
6.821000000000000000e+04
6.455400000000000000e+04
6.575200000000000000e+04
6.416200000000000000e+04
6.078900000000000000e+04
6.444700000000000000e+04
0.000000000000000000e+00
7.437400000000000000e+04
6.206200000000000000e+04
6.020700000000000000e+04
5.875700000000000000e+04
6.168100000000000000e+04
6.181500000000000000e+04
0.000000000000000000e+00
7.018100000000000000e+04
6.732000000000000000e+04
6.844900000000000000e+04
6.136100000000000000e+04
6.186800000000000000e+04
6.460600000000000000e+04
0.000000000000000000e+00
7.658800000000000000e+04
7.515900000000000000e+04
7.982700000000000000e+04
7.957800000000000000e+04
8.222100000000000000e+04
8.240700000000000000e+04
1.420000000000000000e+03
1.170750000000000000e+05
5.698700000000000000e+04
0.000000000000000000e+00
0.000000000000000000e+00
0.000000000000000000e+00
6.823800000000000000e+04
0.000000000000000000e+00
7.613900000000000000e+04
7.519400000000000000e+04
7.333300000000000000e+04
7.300600000000000000e+04
6.689500000000000000e+04
5.709300000000000000e+04
0.000000000000000000e+00
6.245200000000000000e+04
6.521100000000000000e+04
6.734900000000000000e+04
6.009700000000000000e+04
6.121600000000000000e+04
6.724700000000000000e+04
0.000000000000000000e+00
6.487000000000000000e+04
6.666800000000000000e+04
6.729900000000000000e+04
6.337800000000000000e+04
6.871000000000000000e+04
6.836600000000000000e+04
0.000000000000000000e+00
7.126400000000000000e+04
6.588900000000000000e+04
5.833900000000000000e+04
6.149400000000000000e+04
6.446000000000000000e+04
7.268700000000000000e+04
0.000000000000000000e+00
7.857000000000000000e+04
7.958500000000000000e+04
8.658300000000000000e+04
8.613100000000000000e+04
9.323400000000000000e+04
6.350400000000000000e+04
0.000000000000000000e+00
9.691400000000000000e+04
1.048400000000000000e+05
1.098550000000000000e+05
7.562100000000000000e+04
1.246820000000000000e+05
1.249790000000000000e+05
0.000000000000000000e+00
1.163300000000000000e+05
1.158580000000000000e+05
1.157940000000000000e+05
7.892800000000000000e+04
1.143170000000000000e+05
1.234080000000000000e+05
0.000000000000000000e+00
1.157350000000000000e+05
1.137160000000000000e+05
1.153210000000000000e+05
7.846400000000000000e+04
1.149780000000000000e+05
1.178860000000000000e+05
0.000000000000000000e+00
1.079330000000000000e+05
1.075440000000000000e+05
1.052370000000000000e+05
8.008600000000000000e+04
4.933900000000000000e+04
1.035530000000000000e+05
0.000000000000000000e+00
9.854500000000000000e+04
1.019620000000000000e+05
1.011770000000000000e+05
3.915000000000000000e+04
9.979400000000000000e+04
9.965900000000000000e+04
0.000000000000000000e+00
9.021400000000000000e+04
8.860000000000000000e+04
7.529500000000000000e+04
3.273700000000000000e+04
9.318300000000000000e+04
8.992000000000000000e+04
0.000000000000000000e+00
6.605200000000000000e+04
5.816700000000000000e+04
8.512800000000000000e+04
5.944300000000000000e+04
8.877500000000000000e+04
8.833200000000000000e+04
0.000000000000000000e+00
0.000000000000000000e+00
1.339900000000000000e+04
9.049500000000000000e+04
8.463000000000000000e+04
8.028600000000000000e+04
8.548100000000000000e+04
0.000000000000000000e+00
8.685400000000000000e+04
8.018700000000000000e+04
7.360800000000000000e+04
4.181300000000000000e+04
6.101200000000000000e+04
3.409500000000000000e+04
0.000000000000000000e+00
6.333000000000000000e+04
6.389400000000000000e+04
7.210000000000000000e+04
5.700300000000000000e+04
7.100600000000000000e+04
7.499600000000000000e+04
0.000000000000000000e+00
8.754400000000000000e+04
7.578700000000000000e+04
7.660400000000000000e+04
3.652100000000000000e+04
5.636100000000000000e+04
6.011500000000000000e+04
0.000000000000000000e+00
6.927100000000000000e+04
6.378600000000000000e+04
6.520400000000000000e+04
6.013200000000000000e+04
6.624500000000000000e+04
7.969100000000000000e+04
0.000000000000000000e+00
8.342700000000000000e+04
8.174900000000000000e+04
7.981900000000000000e+04
7.887800000000000000e+04
9.169000000000000000e+04
1.074040000000000000e+05
9.390000000000000000e+03
1.259510000000000000e+05
1.282990000000000000e+05
1.282650000000000000e+05
7.138000000000000000e+03
0.000000000000000000e+00
0.000000000000000000e+00
0.000000000000000000e+00
8.042100000000000000e+04
9.112200000000000000e+04
8.537800000000000000e+04
7.561800000000000000e+04
9.152700000000000000e+04
5.468100000000000000e+04
0.000000000000000000e+00
8.970400000000000000e+04
8.457900000000000000e+04
8.915300000000000000e+04
5.331300000000000000e+04
9.662300000000000000e+04
4.978500000000000000e+04
0.000000000000000000e+00
1.057710000000000000e+05
1.035290000000000000e+05
1.019460000000000000e+05
1.002530000000000000e+05
9.861500000000000000e+04
1.134210000000000000e+05
0.000000000000000000e+00
1.165880000000000000e+05
1.147250000000000000e+05
1.310930000000000000e+05
1.133250000000000000e+05
1.214720000000000000e+05
1.287560000000000000e+05
0.000000000000000000e+00
1.255740000000000000e+05
1.300780000000000000e+05
1.334840000000000000e+05
1.200320000000000000e+05
1.303200000000000000e+05
1.309280000000000000e+05
0.000000000000000000e+00
1.355350000000000000e+05
1.428330000000000000e+05
1.377060000000000000e+05
1.319660000000000000e+05
1.442810000000000000e+05
1.566320000000000000e+05
0.000000000000000000e+00
1.636550000000000000e+05
1.654580000000000000e+05
1.669940000000000000e+05
1.523290000000000000e+05
1.395850000000000000e+05
1.315060000000000000e+05
0.000000000000000000e+00
1.319030000000000000e+05
1.295520000000000000e+05
1.273800000000000000e+05
1.235700000000000000e+05
1.263880000000000000e+05
1.305500000000000000e+05
0.000000000000000000e+00
1.523220000000000000e+05
1.438240000000000000e+05
1.505360000000000000e+05
1.345190000000000000e+05
1.401260000000000000e+05
1.490810000000000000e+05
0.000000000000000000e+00
1.525880000000000000e+05
1.369030000000000000e+05
1.350010000000000000e+05
1.255820000000000000e+05
1.279350000000000000e+05
1.189150000000000000e+05
0.000000000000000000e+00
1.362980000000000000e+05
1.321810000000000000e+05
1.273680000000000000e+05
1.293440000000000000e+05
1.190660000000000000e+05
1.218810000000000000e+05
0.000000000000000000e+00
1.252140000000000000e+05
1.296780000000000000e+05
1.193070000000000000e+05
1.212020000000000000e+05
1.186860000000000000e+05
1.179210000000000000e+05
0.000000000000000000e+00
1.269800000000000000e+05
1.123000000000000000e+05
1.114320000000000000e+05
1.015830000000000000e+05
9.804300000000000000e+04
9.097100000000000000e+04
0.000000000000000000e+00
1.048320000000000000e+05
9.751500000000000000e+04
9.412900000000000000e+04
9.699600000000000000e+04
9.225200000000000000e+04
9.558600000000000000e+04
0.000000000000000000e+00
1.134370000000000000e+05
1.056910000000000000e+05
1.012750000000000000e+05
1.043330000000000000e+05
1.011900000000000000e+05
1.021900000000000000e+05
0.000000000000000000e+00
1.119650000000000000e+05
1.069670000000000000e+05
1.009300000000000000e+05
9.533800000000000000e+04
8.990700000000000000e+04
9.121300000000000000e+04
0.000000000000000000e+00
9.696500000000000000e+04
9.324400000000000000e+04
9.217800000000000000e+04
8.840000000000000000e+04
9.279000000000000000e+04
8.631000000000000000e+04
0.000000000000000000e+00
9.603400000000000000e+04
9.321900000000000000e+04
9.376100000000000000e+04
1.875200000000000000e+04
1.021440000000000000e+05
9.859200000000000000e+04
0.000000000000000000e+00
1.055530000000000000e+05
9.789600000000000000e+04
9.020000000000000000e+04
2.234100000000000000e+04
8.692400000000000000e+04
8.420400000000000000e+04
0.000000000000000000e+00
8.888200000000000000e+04
7.891600000000000000e+04
7.334400000000000000e+04
2.249900000000000000e+04
8.034400000000000000e+04
7.559500000000000000e+04
0.000000000000000000e+00
8.468600000000000000e+04
8.781900000000000000e+04
7.735200000000000000e+04
2.476700000000000000e+04
7.675000000000000000e+04
8.138200000000000000e+04
0.000000000000000000e+00
7.773700000000000000e+04
7.393400000000000000e+04
6.793900000000000000e+04
1.948000000000000000e+04
7.173700000000000000e+04
6.845700000000000000e+04
0.000000000000000000e+00
7.190700000000000000e+04
6.507400000000000000e+04
5.939800000000000000e+04
4.697600000000000000e+04
6.295100000000000000e+04
5.475900000000000000e+04
0.000000000000000000e+00
6.837900000000000000e+04
5.527600000000000000e+04
5.177200000000000000e+04
4.855800000000000000e+04
7.105500000000000000e+04
5.108000000000000000e+03
0.000000000000000000e+00
6.067300000000000000e+04
5.408900000000000000e+04
4.427600000000000000e+04
4.305200000000000000e+04
5.222800000000000000e+04
4.081700000000000000e+04
0.000000000000000000e+00
4.601700000000000000e+04
4.196300000000000000e+04
3.933000000000000000e+04
3.790900000000000000e+04
3.471200000000000000e+04
0.000000000000000000e+00
0.000000000000000000e+00
4.203700000000000000e+04
3.781800000000000000e+04
3.446000000000000000e+04
3.139300000000000000e+04
3.373600000000000000e+04
3.457700000000000000e+04
0.000000000000000000e+00
3.939400000000000000e+04
3.666000000000000000e+04
3.366100000000000000e+04
3.086300000000000000e+04
3.536800000000000000e+04
3.565000000000000000e+04
0.000000000000000000e+00
4.506800000000000000e+04
4.176900000000000000e+04
3.134200000000000000e+04
3.674300000000000000e+04
3.961400000000000000e+04
3.918900000000000000e+04
0.000000000000000000e+00
5.298400000000000000e+04
5.020800000000000000e+04
4.399300000000000000e+04
4.890800000000000000e+04
5.158400000000000000e+04
5.669800000000000000e+04
0.000000000000000000e+00
7.483200000000000000e+04
7.108800000000000000e+04
7.249300000000000000e+04
9.334700000000000000e+04
1.050960000000000000e+05
9.390900000000000000e+04
4.958000000000000000e+03
0.000000000000000000e+00
0.000000000000000000e+00
0.000000000000000000e+00
7.654600000000000000e+04
7.773600000000000000e+04
7.521900000000000000e+04
0.000000000000000000e+00
7.580800000000000000e+04
6.945400000000000000e+04
5.760300000000000000e+04
5.613500000000000000e+04
6.389400000000000000e+04
6.414800000000000000e+04
0.000000000000000000e+00
6.093100000000000000e+04
6.000300000000000000e+04
5.852400000000000000e+04
6.266800000000000000e+04
6.629600000000000000e+04
6.569300000000000000e+04
0.000000000000000000e+00
6.789300000000000000e+04
6.993700000000000000e+04
6.713600000000000000e+04
6.810100000000000000e+04
7.550500000000000000e+04
7.380800000000000000e+04
0.000000000000000000e+00
8.355100000000000000e+04
8.739300000000000000e+04
7.639500000000000000e+04
6.750100000000000000e+04
7.658300000000000000e+04
7.759100000000000000e+04
0.000000000000000000e+00
7.087500000000000000e+04
7.196500000000000000e+04
6.939600000000000000e+04
6.678400000000000000e+04
6.872800000000000000e+04
7.890600000000000000e+04
0.000000000000000000e+00
8.308200000000000000e+04
8.361800000000000000e+04
8.523900000000000000e+04
5.387400000000000000e+04
9.055000000000000000e+04
9.654200000000000000e+04
0.000000000000000000e+00
9.519600000000000000e+04
9.904100000000000000e+04
9.854100000000000000e+04
6.417900000000000000e+04
1.110860000000000000e+05
1.225900000000000000e+05
0.000000000000000000e+00
1.154820000000000000e+05
1.195980000000000000e+05
7.564800000000000000e+04
1.123590000000000000e+05
1.195380000000000000e+05
8.667100000000000000e+04
0.000000000000000000e+00
1.114370000000000000e+05
1.100160000000000000e+05
1.148730000000000000e+05
7.661500000000000000e+04
1.063030000000000000e+05
1.105510000000000000e+05
0.000000000000000000e+00
1.059990000000000000e+05
1.015250000000000000e+05
1.029000000000000000e+05
7.059600000000000000e+04
1.028430000000000000e+05
9.931100000000000000e+04
0.000000000000000000e+00
8.985700000000000000e+04
8.413400000000000000e+04
8.922800000000000000e+04
3.968300000000000000e+04
6.490200000000000000e+04
9.343100000000000000e+04
0.000000000000000000e+00
8.400700000000000000e+04
8.257400000000000000e+04
8.692000000000000000e+04
3.932200000000000000e+04
5.995900000000000000e+04
8.476500000000000000e+04
0.000000000000000000e+00
8.034000000000000000e+04
6.237700000000000000e+04
5.174100000000000000e+04
5.095700000000000000e+04
7.811500000000000000e+04
7.757100000000000000e+04
0.000000000000000000e+00
7.764000000000000000e+04
0.000000000000000000e+00
7.703000000000000000e+03
7.622200000000000000e+04
6.860700000000000000e+04
7.274200000000000000e+04
0.000000000000000000e+00
7.493600000000000000e+04
7.069700000000000000e+04
7.603500000000000000e+04
1.235900000000000000e+04
7.376200000000000000e+04
7.388700000000000000e+04
0.000000000000000000e+00
6.884200000000000000e+04
7.294600000000000000e+04
4.618600000000000000e+04
4.243500000000000000e+04
5.057900000000000000e+04
8.293300000000000000e+04
0.000000000000000000e+00
8.256900000000000000e+04
7.980000000000000000e+04
8.405300000000000000e+04
1.753900000000000000e+04
9.252600000000000000e+04
6.272000000000000000e+04
0.000000000000000000e+00
1.060640000000000000e+05
1.032740000000000000e+05
1.065050000000000000e+05
7.426900000000000000e+04
1.298170000000000000e+05
1.226160000000000000e+05
1.294900000000000000e+04
3.225700000000000000e+04
0.000000000000000000e+00
0.000000000000000000e+00
3.658000000000000000e+03
9.430400000000000000e+04
1.001460000000000000e+05
0.000000000000000000e+00
9.326000000000000000e+04
7.370000000000000000e+04
6.809000000000000000e+04
6.021400000000000000e+04
7.204100000000000000e+04
8.243500000000000000e+04
0.000000000000000000e+00
8.470100000000000000e+04
7.493300000000000000e+04
3.921800000000000000e+04
7.515100000000000000e+04
7.773300000000000000e+04
7.927700000000000000e+04
0.000000000000000000e+00
9.448500000000000000e+04
9.159200000000000000e+04
8.822600000000000000e+04
8.171500000000000000e+04
9.106700000000000000e+04
9.554800000000000000e+04
0.000000000000000000e+00
1.097690000000000000e+05
1.106480000000000000e+05
1.078230000000000000e+05
1.079150000000000000e+05
1.118450000000000000e+05
1.165380000000000000e+05
0.000000000000000000e+00
1.297850000000000000e+05
1.275970000000000000e+05
1.249170000000000000e+05
1.190130000000000000e+05
1.195440000000000000e+05
1.269530000000000000e+05
0.000000000000000000e+00
1.372800000000000000e+05
1.335530000000000000e+05
1.316600000000000000e+05
1.297770000000000000e+05
1.303700000000000000e+05
1.341750000000000000e+05
0.000000000000000000e+00
1.392170000000000000e+05
1.355800000000000000e+05
1.314290000000000000e+05
1.314240000000000000e+05
1.416980000000000000e+05
1.458150000000000000e+05
0.000000000000000000e+00
1.531630000000000000e+05
1.430090000000000000e+05
1.369110000000000000e+05
1.220890000000000000e+05
1.355040000000000000e+05
1.340200000000000000e+05
0.000000000000000000e+00
1.424300000000000000e+05
1.450990000000000000e+05
1.360750000000000000e+05
1.298680000000000000e+05
1.312500000000000000e+05
1.332220000000000000e+05
0.000000000000000000e+00
1.390700000000000000e+05
1.339980000000000000e+05
1.360820000000000000e+05
1.322040000000000000e+05
1.408000000000000000e+05
1.404640000000000000e+05
0.000000000000000000e+00
1.543590000000000000e+05
1.491990000000000000e+05
1.440790000000000000e+05
1.268640000000000000e+05
1.188550000000000000e+05
1.057280000000000000e+05
0.000000000000000000e+00
1.263400000000000000e+05
1.219380000000000000e+05
1.114890000000000000e+05
1.027390000000000000e+05
1.107190000000000000e+05
1.149330000000000000e+05
0.000000000000000000e+00
1.288460000000000000e+05
1.157830000000000000e+05
1.135850000000000000e+05
1.158250000000000000e+05
1.184300000000000000e+05
1.190250000000000000e+05
0.000000000000000000e+00
1.155740000000000000e+05
1.122600000000000000e+05
1.142560000000000000e+05
1.065070000000000000e+05
1.044630000000000000e+05
1.042130000000000000e+05
0.000000000000000000e+00
1.063780000000000000e+05
9.343500000000000000e+04
9.282400000000000000e+04
8.908300000000000000e+04
9.308400000000000000e+04
9.527600000000000000e+04
0.000000000000000000e+00
1.001830000000000000e+05
9.673700000000000000e+04
9.018100000000000000e+04
8.333600000000000000e+04
8.245400000000000000e+04
8.605200000000000000e+04
0.000000000000000000e+00
9.815700000000000000e+04
9.629700000000000000e+04
9.328900000000000000e+04
8.960900000000000000e+04
9.287400000000000000e+04
8.587900000000000000e+04
0.000000000000000000e+00
9.450200000000000000e+04
9.134900000000000000e+04
8.320200000000000000e+04
7.511900000000000000e+04
7.684700000000000000e+04
8.761900000000000000e+04
0.000000000000000000e+00
9.444200000000000000e+04
8.617300000000000000e+04
8.081200000000000000e+04
7.853900000000000000e+04
7.805200000000000000e+04
8.125900000000000000e+04
0.000000000000000000e+00
8.675500000000000000e+04
8.152300000000000000e+04
7.600900000000000000e+04
7.898700000000000000e+04
7.901700000000000000e+04
7.876400000000000000e+04
0.000000000000000000e+00
8.513000000000000000e+04
7.505300000000000000e+04
7.045500000000000000e+04
6.997700000000000000e+04
7.081300000000000000e+04
7.328600000000000000e+04
0.000000000000000000e+00
7.793000000000000000e+04
7.246400000000000000e+04
6.884300000000000000e+04
6.551400000000000000e+04
7.124400000000000000e+04
6.326300000000000000e+04
0.000000000000000000e+00
7.264500000000000000e+04
6.885100000000000000e+04
6.425600000000000000e+04
5.503900000000000000e+04
5.867300000000000000e+04
6.080600000000000000e+04
0.000000000000000000e+00
6.790600000000000000e+04
6.295000000000000000e+04
6.369100000000000000e+04
5.181600000000000000e+04
5.902800000000000000e+04
5.212400000000000000e+04
0.000000000000000000e+00
6.534400000000000000e+04
5.900300000000000000e+04
4.765500000000000000e+04
4.975900000000000000e+04
6.386100000000000000e+04
2.950000000000000000e+03
0.000000000000000000e+00
5.683400000000000000e+04
5.397100000000000000e+04
4.770300000000000000e+04
4.132200000000000000e+04
4.539700000000000000e+04
4.771700000000000000e+04
0.000000000000000000e+00
5.758000000000000000e+04
5.144100000000000000e+04
4.405400000000000000e+04
4.040800000000000000e+04
4.140600000000000000e+04
4.779000000000000000e+04
0.000000000000000000e+00
5.517000000000000000e+04
5.091500000000000000e+04
4.683200000000000000e+04
4.535500000000000000e+04
5.304200000000000000e+04
5.431400000000000000e+04
0.000000000000000000e+00
6.076600000000000000e+04
5.301100000000000000e+04
4.903600000000000000e+04
4.689600000000000000e+04
5.326400000000000000e+04
5.126200000000000000e+04
0.000000000000000000e+00
6.515000000000000000e+04
5.879900000000000000e+04
5.537100000000000000e+04
5.668800000000000000e+04
6.551300000000000000e+04
6.944800000000000000e+04
1.000000000000000000e+01
7.388400000000000000e+04
7.559100000000000000e+04
8.468400000000000000e+04
3.660100000000000000e+04
0.000000000000000000e+00
0.000000000000000000e+00
0.000000000000000000e+00
6.497300000000000000e+04
6.321300000000000000e+04
5.543800000000000000e+04
5.927500000000000000e+04
6.193800000000000000e+04
6.404200000000000000e+04
0.000000000000000000e+00
6.571700000000000000e+04
6.352500000000000000e+04
5.380400000000000000e+04
5.173900000000000000e+04
6.153700000000000000e+04
6.293800000000000000e+04
0.000000000000000000e+00
6.875700000000000000e+04
6.578100000000000000e+04
5.615100000000000000e+04
5.324200000000000000e+04
5.695300000000000000e+04
5.723400000000000000e+04
0.000000000000000000e+00
6.582700000000000000e+04
6.210500000000000000e+04
5.678200000000000000e+04
5.552900000000000000e+04
6.193600000000000000e+04
6.888600000000000000e+04
0.000000000000000000e+00
7.356000000000000000e+04
7.339900000000000000e+04
6.855100000000000000e+04
6.981700000000000000e+04
7.873700000000000000e+04
7.955300000000000000e+04
0.000000000000000000e+00
8.038900000000000000e+04
7.879000000000000000e+04
7.868700000000000000e+04
6.506900000000000000e+04
7.892900000000000000e+04
7.160700000000000000e+04
0.000000000000000000e+00
6.864600000000000000e+04
6.939700000000000000e+04
6.576300000000000000e+04
6.187400000000000000e+04
6.581800000000000000e+04
7.399300000000000000e+04
0.000000000000000000e+00
7.928200000000000000e+04
8.322900000000000000e+04
7.433000000000000000e+04
7.191600000000000000e+04
8.576300000000000000e+04
9.003900000000000000e+04
0.000000000000000000e+00
9.983700000000000000e+04
9.880600000000000000e+04
6.344600000000000000e+04
9.619100000000000000e+04
1.167210000000000000e+05
7.887700000000000000e+04
0.000000000000000000e+00
1.128770000000000000e+05
1.025270000000000000e+05
1.063920000000000000e+05
6.769900000000000000e+04
1.051660000000000000e+05
1.136020000000000000e+05
0.000000000000000000e+00
1.035310000000000000e+05
1.041050000000000000e+05
1.034640000000000000e+05
6.747600000000000000e+04
1.035780000000000000e+05
1.056740000000000000e+05
0.000000000000000000e+00
9.868100000000000000e+04
9.726100000000000000e+04
9.921900000000000000e+04
6.396700000000000000e+04
9.505300000000000000e+04
9.212500000000000000e+04
0.000000000000000000e+00
8.790000000000000000e+04
9.038300000000000000e+04
9.152900000000000000e+04
5.623100000000000000e+04
8.541400000000000000e+04
6.456800000000000000e+04
0.000000000000000000e+00
7.859800000000000000e+04
8.049900000000000000e+04
8.554900000000000000e+04
1.209500000000000000e+04
8.445800000000000000e+04
8.486700000000000000e+04
0.000000000000000000e+00
7.676700000000000000e+04
8.054300000000000000e+04
8.037000000000000000e+03
6.750900000000000000e+04
4.788900000000000000e+04
8.736800000000000000e+04
0.000000000000000000e+00
8.233300000000000000e+04
8.389000000000000000e+04
0.000000000000000000e+00
5.063000000000000000e+03
7.270300000000000000e+04
7.310600000000000000e+04
0.000000000000000000e+00
7.053900000000000000e+04
7.028300000000000000e+04
6.094100000000000000e+04
2.723700000000000000e+04
6.403800000000000000e+04
6.696900000000000000e+04
0.000000000000000000e+00
6.861700000000000000e+04
7.014700000000000000e+04
7.215500000000000000e+04
1.180500000000000000e+04
8.373600000000000000e+04
9.255100000000000000e+04
0.000000000000000000e+00
9.797200000000000000e+04
1.009170000000000000e+05
1.065460000000000000e+05
1.114200000000000000e+05
3.567300000000000000e+04
0.000000000000000000e+00
0.000000000000000000e+00
3.000000000000000000e+02
6.472000000000000000e+04
7.755900000000000000e+04
3.317400000000000000e+04
6.994700000000000000e+04
6.717300000000000000e+04
0.000000000000000000e+00
6.538400000000000000e+04
3.500300000000000000e+04
6.713800000000000000e+04
6.425100000000000000e+04
7.015300000000000000e+04
3.704800000000000000e+04
0.000000000000000000e+00
7.103200000000000000e+04
3.485100000000000000e+04
7.355600000000000000e+04
3.469800000000000000e+04
8.700200000000000000e+04
3.986300000000000000e+04
0.000000000000000000e+00
8.810400000000000000e+04
7.863300000000000000e+04
8.066100000000000000e+04
4.876100000000000000e+04
8.646000000000000000e+04
8.976000000000000000e+04
0.000000000000000000e+00
9.023900000000000000e+04
9.762100000000000000e+04
9.547800000000000000e+04
5.083800000000000000e+04
9.537000000000000000e+04
9.872700000000000000e+04
0.000000000000000000e+00
9.555700000000000000e+04
9.573900000000000000e+04
1.026760000000000000e+05
2.677700000000000000e+04
1.108710000000000000e+05
1.091300000000000000e+05
0.000000000000000000e+00
1.147030000000000000e+05
1.127620000000000000e+05
1.181750000000000000e+05
3.582600000000000000e+04
1.195260000000000000e+05
1.214980000000000000e+05
0.000000000000000000e+00
1.314620000000000000e+05
1.249260000000000000e+05
1.305370000000000000e+05
3.585500000000000000e+04
1.320650000000000000e+05
1.374980000000000000e+05
0.000000000000000000e+00
1.453070000000000000e+05
1.416960000000000000e+05
1.477340000000000000e+05
6.246100000000000000e+04
1.825700000000000000e+05
1.872110000000000000e+05
0.000000000000000000e+00
1.857410000000000000e+05
1.681090000000000000e+05
1.734850000000000000e+05
1.338440000000000000e+05
1.701160000000000000e+05
1.603850000000000000e+05
0.000000000000000000e+00
1.683820000000000000e+05
1.607230000000000000e+05
1.637930000000000000e+05
1.339800000000000000e+05
1.570060000000000000e+05
1.574640000000000000e+05
0.000000000000000000e+00
1.616460000000000000e+05
1.391510000000000000e+05
1.497300000000000000e+05
1.317810000000000000e+05
1.304850000000000000e+05
1.484330000000000000e+05
0.000000000000000000e+00
1.736650000000000000e+05
1.606010000000000000e+05
1.538270000000000000e+05
1.297390000000000000e+05
1.175620000000000000e+05
1.358400000000000000e+05
0.000000000000000000e+00
1.460160000000000000e+05
1.471350000000000000e+05
1.461070000000000000e+05
1.338110000000000000e+05
1.319360000000000000e+05
1.264490000000000000e+05
0.000000000000000000e+00
1.322840000000000000e+05
1.244710000000000000e+05
1.255370000000000000e+05
1.105720000000000000e+05
9.357300000000000000e+04
1.120500000000000000e+05
0.000000000000000000e+00
1.074680000000000000e+05
1.057520000000000000e+05
1.056010000000000000e+05
1.026680000000000000e+05
1.000730000000000000e+05
1.098980000000000000e+05
0.000000000000000000e+00
1.042640000000000000e+05
1.094590000000000000e+05
9.580500000000000000e+04
8.878900000000000000e+04
1.018060000000000000e+05
1.004170000000000000e+05
0.000000000000000000e+00
1.115280000000000000e+05
1.007620000000000000e+05
9.749000000000000000e+04
9.673800000000000000e+04
1.018060000000000000e+05
1.031700000000000000e+05
0.000000000000000000e+00
1.028760000000000000e+05
9.833400000000000000e+04
8.947000000000000000e+04
9.064700000000000000e+04
8.653300000000000000e+04
9.214500000000000000e+04
0.000000000000000000e+00
9.864800000000000000e+04
9.003000000000000000e+04
7.119800000000000000e+04
7.748200000000000000e+04
7.799200000000000000e+04
8.061000000000000000e+04
0.000000000000000000e+00
6.984400000000000000e+04
8.210300000000000000e+04
8.033700000000000000e+04
7.889000000000000000e+04
8.371400000000000000e+04
7.071600000000000000e+04
0.000000000000000000e+00
8.159400000000000000e+04
8.363800000000000000e+04
7.861300000000000000e+04
7.480400000000000000e+04
7.238000000000000000e+04
7.503900000000000000e+04
0.000000000000000000e+00
8.897800000000000000e+04
7.240000000000000000e+04
6.848000000000000000e+04
6.053800000000000000e+04
7.066400000000000000e+04
6.605700000000000000e+04
0.000000000000000000e+00
8.954800000000000000e+04
7.995600000000000000e+04
7.821400000000000000e+04
6.397200000000000000e+04
7.677200000000000000e+04
7.039800000000000000e+04
0.000000000000000000e+00
6.669600000000000000e+04
7.385700000000000000e+04
6.923900000000000000e+04
6.534300000000000000e+04
6.630000000000000000e+04
6.175100000000000000e+04
0.000000000000000000e+00
7.823700000000000000e+04
7.028800000000000000e+04
5.595900000000000000e+04
5.759400000000000000e+04
6.588400000000000000e+04
6.072300000000000000e+04
0.000000000000000000e+00
6.830100000000000000e+04
6.402800000000000000e+04
6.570200000000000000e+04
7.026900000000000000e+04
7.606200000000000000e+04
7.678000000000000000e+03
0.000000000000000000e+00
6.790700000000000000e+04
6.143900000000000000e+04
5.870100000000000000e+04
5.185300000000000000e+04
5.149600000000000000e+04
5.168300000000000000e+04
0.000000000000000000e+00
6.124500000000000000e+04
5.351400000000000000e+04
4.158600000000000000e+04
4.230100000000000000e+04
4.842200000000000000e+04
5.193900000000000000e+04
0.000000000000000000e+00
5.082700000000000000e+04
4.986400000000000000e+04
4.654300000000000000e+04
3.932500000000000000e+04
4.258800000000000000e+04
4.357000000000000000e+04
0.000000000000000000e+00
5.409000000000000000e+04
4.777500000000000000e+04
4.368600000000000000e+04
3.666600000000000000e+04
4.134800000000000000e+04
4.337700000000000000e+04
0.000000000000000000e+00
4.994100000000000000e+04
4.335300000000000000e+04
4.216600000000000000e+04
4.184400000000000000e+04
3.817900000000000000e+04
3.941700000000000000e+04
0.000000000000000000e+00
4.152600000000000000e+04
4.593500000000000000e+04
3.945100000000000000e+04
3.870200000000000000e+04
4.132900000000000000e+04
4.607400000000000000e+04
0.000000000000000000e+00
5.283700000000000000e+04
5.040200000000000000e+04
5.251100000000000000e+04
5.147300000000000000e+04
5.421100000000000000e+04
5.800600000000000000e+04
6.000000000000000000e+01
6.270800000000000000e+04
5.850900000000000000e+04
5.953600000000000000e+04
6.000100000000000000e+04
1.246710000000000000e+05
7.582600000000000000e+04
6.760000000000000000e+02
9.613600000000000000e+04
9.832500000000000000e+04
6.148700000000000000e+04
0.000000000000000000e+00
0.000000000000000000e+00
0.000000000000000000e+00
0.000000000000000000e+00
7.595600000000000000e+04
6.549500000000000000e+04
6.536300000000000000e+04
5.988800000000000000e+04
6.300900000000000000e+04
6.022900000000000000e+04
0.000000000000000000e+00
6.585300000000000000e+04
5.532800000000000000e+04
6.539500000000000000e+04
6.707500000000000000e+04
5.524100000000000000e+04
7.094900000000000000e+04
0.000000000000000000e+00
6.939000000000000000e+04
6.706000000000000000e+04
6.944400000000000000e+04
7.192200000000000000e+04
7.173800000000000000e+04
7.020700000000000000e+04
0.000000000000000000e+00
6.935500000000000000e+04
6.982400000000000000e+04
6.809900000000000000e+04
7.217300000000000000e+04
6.022700000000000000e+04
6.879300000000000000e+04
0.000000000000000000e+00
7.644700000000000000e+04
7.349900000000000000e+04
7.246900000000000000e+04
6.861200000000000000e+04
6.668700000000000000e+04
7.285400000000000000e+04
0.000000000000000000e+00
8.287100000000000000e+04
9.615900000000000000e+04
9.042000000000000000e+04
9.531600000000000000e+04
6.687300000000000000e+04
1.136180000000000000e+05
0.000000000000000000e+00
1.081130000000000000e+05
1.066220000000000000e+05
1.092600000000000000e+05
7.164300000000000000e+04
1.020170000000000000e+05
1.069580000000000000e+05
0.000000000000000000e+00
9.976100000000000000e+04
9.613800000000000000e+04
1.001320000000000000e+05
9.288100000000000000e+04
9.930400000000000000e+04
1.060760000000000000e+05
0.000000000000000000e+00
1.038850000000000000e+05
1.021310000000000000e+05
9.564400000000000000e+04
7.209400000000000000e+04
1.017510000000000000e+05
1.003380000000000000e+05
0.000000000000000000e+00
9.294000000000000000e+04
8.909200000000000000e+04
7.822200000000000000e+04
6.428800000000000000e+04
9.006600000000000000e+04
9.748900000000000000e+04
0.000000000000000000e+00
8.590700000000000000e+04
8.162700000000000000e+04
7.745600000000000000e+04
4.835400000000000000e+04
7.765300000000000000e+04
6.118800000000000000e+04
0.000000000000000000e+00
7.734800000000000000e+04
8.018300000000000000e+04
2.152600000000000000e+04
7.734700000000000000e+04
8.669900000000000000e+04
1.899600000000000000e+04
0.000000000000000000e+00
8.068700000000000000e+04
7.940400000000000000e+04
6.922700000000000000e+04
8.328800000000000000e+04
