0.000000000000000000e+00
8.207000000000000000e+03
8.221300000000000000e+04
7.797600000000000000e+04
7.370600000000000000e+04
8.092000000000000000e+04
8.052300000000000000e+04
0.000000000000000000e+00
1.086900000000000000e+05
7.238200000000000000e+04
7.931700000000000000e+04
7.554400000000000000e+04
8.141900000000000000e+04
7.651500000000000000e+04
0.000000000000000000e+00
9.198000000000000000e+04
6.622100000000000000e+04
6.987300000000000000e+04
6.526900000000000000e+04
7.255900000000000000e+04
8.060200000000000000e+04
7.600000000000000000e+01
1.222100000000000000e+05
9.237000000000000000e+04
0.000000000000000000e+00
0.000000000000000000e+00
0.000000000000000000e+00
0.000000000000000000e+00
0.000000000000000000e+00
0.000000000000000000e+00
0.000000000000000000e+00
1.263590000000000000e+05
8.884800000000000000e+04
9.522600000000000000e+04
9.630800000000000000e+04
0.000000000000000000e+00
1.271740000000000000e+05
8.814400000000000000e+04
9.075800000000000000e+04
8.417100000000000000e+04
8.598800000000000000e+04
7.603700000000000000e+04
0.000000000000000000e+00
1.008520000000000000e+05
7.539600000000000000e+04
8.480200000000000000e+04
8.276900000000000000e+04
8.804900000000000000e+04
8.806400000000000000e+04
0.000000000000000000e+00
1.259620000000000000e+05
8.616700000000000000e+04
9.398500000000000000e+04
8.610300000000000000e+04
9.474400000000000000e+04
9.169300000000000000e+04
0.000000000000000000e+00
1.162470000000000000e+05
7.776800000000000000e+04
8.171400000000000000e+04
8.191300000000000000e+04
9.069900000000000000e+04
9.148100000000000000e+04
0.000000000000000000e+00
1.310480000000000000e+05
8.916000000000000000e+04
9.503400000000000000e+04
8.831200000000000000e+04
9.443600000000000000e+04
9.253700000000000000e+04
0.000000000000000000e+00
1.254060000000000000e+05
8.527100000000000000e+04
9.627100000000000000e+04
9.317400000000000000e+04
9.916900000000000000e+04
9.849500000000000000e+04
0.000000000000000000e+00
1.392090000000000000e+05
9.396500000000000000e+04
9.654200000000000000e+04
6.590700000000000000e+04
9.993900000000000000e+04
9.997900000000000000e+04
0.000000000000000000e+00
1.352550000000000000e+05
9.202600000000000000e+04
9.540400000000000000e+04
8.824600000000000000e+04
9.490400000000000000e+04
9.067900000000000000e+04
0.000000000000000000e+00
1.249970000000000000e+05
8.620100000000000000e+04
9.249000000000000000e+04
8.645100000000000000e+04
9.900700000000000000e+04
1.005820000000000000e+05
0.000000000000000000e+00
1.286590000000000000e+05
8.869800000000000000e+04
9.999500000000000000e+04
9.642300000000000000e+04
9.595900000000000000e+04
9.464400000000000000e+04
0.000000000000000000e+00
1.311290000000000000e+05
9.130700000000000000e+04
1.081960000000000000e+05
9.671600000000000000e+04
1.007800000000000000e+05
9.934300000000000000e+04
0.000000000000000000e+00
1.345330000000000000e+05
9.116300000000000000e+04
9.703000000000000000e+04
9.690200000000000000e+04
1.080810000000000000e+05
1.094190000000000000e+05
0.000000000000000000e+00
1.434790000000000000e+05
9.798800000000000000e+04
1.002310000000000000e+05
9.307300000000000000e+04
9.340400000000000000e+04
1.042650000000000000e+05
0.000000000000000000e+00
1.598780000000000000e+05
9.569100000000000000e+04
1.045600000000000000e+05
1.077460000000000000e+05
1.131720000000000000e+05
1.138820000000000000e+05
0.000000000000000000e+00
1.567910000000000000e+05
9.994400000000000000e+04
1.065710000000000000e+05
1.021160000000000000e+05
1.048920000000000000e+05
1.023260000000000000e+05
0.000000000000000000e+00
1.393370000000000000e+05
1.010440000000000000e+05
1.102170000000000000e+05
1.038330000000000000e+05
1.174200000000000000e+05
1.180200000000000000e+05
0.000000000000000000e+00
1.514020000000000000e+05
9.994700000000000000e+04
1.159350000000000000e+05
1.023070000000000000e+05
1.171590000000000000e+05
1.195230000000000000e+05
0.000000000000000000e+00
1.621820000000000000e+05
1.062780000000000000e+05
1.119390000000000000e+05
9.674400000000000000e+04
1.196400000000000000e+05
1.179160000000000000e+05
0.000000000000000000e+00
1.560500000000000000e+05
1.108520000000000000e+05
1.191250000000000000e+05
1.149560000000000000e+05
1.179300000000000000e+05
1.221630000000000000e+05
0.000000000000000000e+00
1.592090000000000000e+05
9.902500000000000000e+04
1.205430000000000000e+05
1.172250000000000000e+05
1.247800000000000000e+05
1.275710000000000000e+05
0.000000000000000000e+00
1.648400000000000000e+05
1.212790000000000000e+05
1.226150000000000000e+05
1.199070000000000000e+05
1.215310000000000000e+05
1.281650000000000000e+05
0.000000000000000000e+00
1.760520000000000000e+05
1.239740000000000000e+05
1.172000000000000000e+05
9.707900000000000000e+04
1.097000000000000000e+05
1.100180000000000000e+05
0.000000000000000000e+00
1.525510000000000000e+05
1.103830000000000000e+05
1.128730000000000000e+05
9.871500000000000000e+04
9.674400000000000000e+04
9.898500000000000000e+04
0.000000000000000000e+00
1.385340000000000000e+05
1.039040000000000000e+05
1.038310000000000000e+05
9.984600000000000000e+04
1.016560000000000000e+05
1.129870000000000000e+05
0.000000000000000000e+00
1.405840000000000000e+05
1.063770000000000000e+05
1.066840000000000000e+05
1.097310000000000000e+05
9.756200000000000000e+04
9.814500000000000000e+04
0.000000000000000000e+00
1.420110000000000000e+05
1.048330000000000000e+05
1.054420000000000000e+05
1.075580000000000000e+05
1.328980000000000000e+05
2.442700000000000000e+04
0.000000000000000000e+00
1.477670000000000000e+05
1.059190000000000000e+05
1.062810000000000000e+05
9.692200000000000000e+04
1.022750000000000000e+05
1.079800000000000000e+05
0.000000000000000000e+00
1.422220000000000000e+05
9.781900000000000000e+04
9.990700000000000000e+04
1.037020000000000000e+05
1.022600000000000000e+05
1.074710000000000000e+05
0.000000000000000000e+00
1.310560000000000000e+05
1.032450000000000000e+05
1.053040000000000000e+05
9.804000000000000000e+04
9.806200000000000000e+04
1.016710000000000000e+05
0.000000000000000000e+00
1.225480000000000000e+05
8.491600000000000000e+04
8.406700000000000000e+04
8.634500000000000000e+04
9.160100000000000000e+04
9.579000000000000000e+04
0.000000000000000000e+00
1.186380000000000000e+05
8.856100000000000000e+04
9.251800000000000000e+04
9.024000000000000000e+04
9.345400000000000000e+04
1.063500000000000000e+05
0.000000000000000000e+00
1.419250000000000000e+05
9.575000000000000000e+04
1.102110000000000000e+05
1.053770000000000000e+05
1.012820000000000000e+05
1.018760000000000000e+05
0.000000000000000000e+00
1.297110000000000000e+05
9.769000000000000000e+04
1.014450000000000000e+05
9.773700000000000000e+04
1.000750000000000000e+05
1.049320000000000000e+05
6.200000000000000000e+01
1.357670000000000000e+05
1.046650000000000000e+05
1.094150000000000000e+05
1.103940000000000000e+05
1.208220000000000000e+05
1.287890000000000000e+05
4.276000000000000000e+03
1.808770000000000000e+05
1.005240000000000000e+05
0.000000000000000000e+00
0.000000000000000000e+00
7.200000000000000000e+01
2.734200000000000000e+04
0.000000000000000000e+00
2.564420000000000000e+05
1.328000000000000000e+05
1.171610000000000000e+05
1.031290000000000000e+05
1.132550000000000000e+05
1.089890000000000000e+05
0.000000000000000000e+00
1.327150000000000000e+05
8.938300000000000000e+04
9.046400000000000000e+04
8.596800000000000000e+04
8.814300000000000000e+04
9.844900000000000000e+04
0.000000000000000000e+00
1.344950000000000000e+05
8.725400000000000000e+04
9.589600000000000000e+04
9.331100000000000000e+04
9.537600000000000000e+04
9.931600000000000000e+04
0.000000000000000000e+00
1.341490000000000000e+05
9.257800000000000000e+04
9.149100000000000000e+04
7.928600000000000000e+04
8.721500000000000000e+04
9.242600000000000000e+04
0.000000000000000000e+00
1.299580000000000000e+05
8.073900000000000000e+04
8.937500000000000000e+04
8.623300000000000000e+04
9.630700000000000000e+04
9.814500000000000000e+04
0.000000000000000000e+00
1.270810000000000000e+05
7.941600000000000000e+04
9.121400000000000000e+04
8.436000000000000000e+04
8.701300000000000000e+04
8.520800000000000000e+04
0.000000000000000000e+00
1.018330000000000000e+05
6.987200000000000000e+04
7.565300000000000000e+04
7.328100000000000000e+04
7.448600000000000000e+04
7.603000000000000000e+04
0.000000000000000000e+00
9.254200000000000000e+04
6.597800000000000000e+04
7.498800000000000000e+04
7.395900000000000000e+04
7.731500000000000000e+04
7.665800000000000000e+04
0.000000000000000000e+00
9.009200000000000000e+04
6.545300000000000000e+04
7.289800000000000000e+04
6.948700000000000000e+04
7.428600000000000000e+04
7.195100000000000000e+04
0.000000000000000000e+00
8.961400000000000000e+04
5.929100000000000000e+04
6.540400000000000000e+04
6.141100000000000000e+04
6.655900000000000000e+04
6.310900000000000000e+04
0.000000000000000000e+00
7.716300000000000000e+04
5.737100000000000000e+04
6.557400000000000000e+04
6.775900000000000000e+04
7.133000000000000000e+04
7.300900000000000000e+04
0.000000000000000000e+00
8.641700000000000000e+04
6.247500000000000000e+04
6.621000000000000000e+04
7.075000000000000000e+04
8.178300000000000000e+04
8.989200000000000000e+04
0.000000000000000000e+00
0.000000000000000000e+00
1.557100000000000000e+04
1.023630000000000000e+05
7.088000000000000000e+04
7.482600000000000000e+04
7.814600000000000000e+04
0.000000000000000000e+00
1.073210000000000000e+05
6.887300000000000000e+04
6.777100000000000000e+04
6.210000000000000000e+04
5.853500000000000000e+04
5.601900000000000000e+04
0.000000000000000000e+00
7.390100000000000000e+04
5.662100000000000000e+04
6.378300000000000000e+04
6.525000000000000000e+04
6.956700000000000000e+04
6.982000000000000000e+04
0.000000000000000000e+00
9.034800000000000000e+04
6.437100000000000000e+04
6.783900000000000000e+04
6.402600000000000000e+04
2.571900000000000000e+04
5.732200000000000000e+04
0.000000000000000000e+00
9.363600000000000000e+04
6.949100000000000000e+04
7.521600000000000000e+04
6.650000000000000000e+04
7.086800000000000000e+04
7.050900000000000000e+04
0.000000000000000000e+00
9.320400000000000000e+04
6.670200000000000000e+04
6.471000000000000000e+04
6.570600000000000000e+04
7.404200000000000000e+04
8.111000000000000000e+04
8.700000000000000000e+02
1.282540000000000000e+05
9.681400000000000000e+04
1.073590000000000000e+05
2.184200000000000000e+04
0.000000000000000000e+00
0.000000000000000000e+00
0.000000000000000000e+00
8.021400000000000000e+04
9.270700000000000000e+04
9.499800000000000000e+04
9.077100000000000000e+04
9.442100000000000000e+04
9.233300000000000000e+04
0.000000000000000000e+00
1.244110000000000000e+05
8.181400000000000000e+04
8.522600000000000000e+04
7.614600000000000000e+04
7.584700000000000000e+04
7.214900000000000000e+04
0.000000000000000000e+00
1.078070000000000000e+05
7.434000000000000000e+04
8.846000000000000000e+04
8.193900000000000000e+04
8.289900000000000000e+04
8.535200000000000000e+04
0.000000000000000000e+00
1.123020000000000000e+05
6.920800000000000000e+04
7.333600000000000000e+04
7.319900000000000000e+04
7.973200000000000000e+04
8.874700000000000000e+04
0.000000000000000000e+00
1.193150000000000000e+05
7.947600000000000000e+04
8.712500000000000000e+04
7.705700000000000000e+04
7.928000000000000000e+04
7.759600000000000000e+04
0.000000000000000000e+00
1.039050000000000000e+05
7.202900000000000000e+04
8.274900000000000000e+04
8.253500000000000000e+04
8.769000000000000000e+04
9.578400000000000000e+04
0.000000000000000000e+00
1.372190000000000000e+05
9.321100000000000000e+04
1.009460000000000000e+05
9.509700000000000000e+04
1.053270000000000000e+05
1.007010000000000000e+05
0.000000000000000000e+00
1.223700000000000000e+05
7.321000000000000000e+04
7.561100000000000000e+04
7.525100000000000000e+04
8.510100000000000000e+04
8.372100000000000000e+04
0.000000000000000000e+00
1.234880000000000000e+05
8.247000000000000000e+04
8.620600000000000000e+04
7.884500000000000000e+04
8.353400000000000000e+04
8.588700000000000000e+04
0.000000000000000000e+00
1.217220000000000000e+05
8.661000000000000000e+04
1.028000000000000000e+05
9.089000000000000000e+04
8.456300000000000000e+04
8.491400000000000000e+04
0.000000000000000000e+00
1.131980000000000000e+05
7.899400000000000000e+04
8.885500000000000000e+04
9.124300000000000000e+04
1.091650000000000000e+05
1.099060000000000000e+05
0.000000000000000000e+00
1.177160000000000000e+05
8.727000000000000000e+04
9.245400000000000000e+04
8.486200000000000000e+04
9.135100000000000000e+04
9.250400000000000000e+04
0.000000000000000000e+00
1.304070000000000000e+05
9.348400000000000000e+04
9.931400000000000000e+04
9.822100000000000000e+04
1.078270000000000000e+05
1.140350000000000000e+05
0.000000000000000000e+00
1.472780000000000000e+05
8.655000000000000000e+04
8.693900000000000000e+04
8.431600000000000000e+04
1.042840000000000000e+05
1.046150000000000000e+05
0.000000000000000000e+00
1.436620000000000000e+05
1.067420000000000000e+05
1.158600000000000000e+05
1.155070000000000000e+05
1.210200000000000000e+05
1.242460000000000000e+05
0.000000000000000000e+00
1.550920000000000000e+05
1.131830000000000000e+05
1.133730000000000000e+05
1.171470000000000000e+05
1.178580000000000000e+05
1.164850000000000000e+05
0.000000000000000000e+00
1.597390000000000000e+05
1.179030000000000000e+05
1.214400000000000000e+05
1.114880000000000000e+05
1.129080000000000000e+05
1.171700000000000000e+05
0.000000000000000000e+00
1.543430000000000000e+05
1.119040000000000000e+05
1.158750000000000000e+05
1.195380000000000000e+05
1.212310000000000000e+05
1.256860000000000000e+05
0.000000000000000000e+00
1.552970000000000000e+05
1.117250000000000000e+05
1.090970000000000000e+05
1.049160000000000000e+05
1.123040000000000000e+05
1.346520000000000000e+05
0.000000000000000000e+00
1.615780000000000000e+05
1.075930000000000000e+05
1.053640000000000000e+05
1.068560000000000000e+05
1.055350000000000000e+05
1.140650000000000000e+05
0.000000000000000000e+00
1.462780000000000000e+05
9.972000000000000000e+04
9.559900000000000000e+04
9.462600000000000000e+04
1.012280000000000000e+05
1.084620000000000000e+05
0.000000000000000000e+00
1.470300000000000000e+05
1.114170000000000000e+05
1.020390000000000000e+05
9.315000000000000000e+04
9.758300000000000000e+04
1.091120000000000000e+05
0.000000000000000000e+00
1.394240000000000000e+05
1.043290000000000000e+05
1.026690000000000000e+05
9.735600000000000000e+04
1.022980000000000000e+05
1.014130000000000000e+05
0.000000000000000000e+00
1.357740000000000000e+05
1.042480000000000000e+05
1.019400000000000000e+05
9.527400000000000000e+04
1.100940000000000000e+05
1.751500000000000000e+04
0.000000000000000000e+00
1.344960000000000000e+05
9.885800000000000000e+04
9.761700000000000000e+04
9.423900000000000000e+04
9.668900000000000000e+04
9.913100000000000000e+04
0.000000000000000000e+00
1.431450000000000000e+05
1.037850000000000000e+05
1.016670000000000000e+05
9.550300000000000000e+04
8.920100000000000000e+04
0.000000000000000000e+00
0.000000000000000000e+00
1.238990000000000000e+05
9.055400000000000000e+04
9.207700000000000000e+04
8.922800000000000000e+04
8.197700000000000000e+04
8.936600000000000000e+04
0.000000000000000000e+00
1.268750000000000000e+05
7.898100000000000000e+04
9.128800000000000000e+04
9.615800000000000000e+04
9.057800000000000000e+04
9.405300000000000000e+04
0.000000000000000000e+00
1.171930000000000000e+05
8.718600000000000000e+04
8.338500000000000000e+04
8.525000000000000000e+04
9.284400000000000000e+04
9.602400000000000000e+04
0.000000000000000000e+00
1.134990000000000000e+05
8.382100000000000000e+04
8.739800000000000000e+04
8.458900000000000000e+04
8.889800000000000000e+04
1.016820000000000000e+05
1.200000000000000000e+01
1.353700000000000000e+05
1.060850000000000000e+05
1.067780000000000000e+05
1.155840000000000000e+05
1.440420000000000000e+05
6.348200000000000000e+04
2.072000000000000000e+03
0.000000000000000000e+00
0.000000000000000000e+00
0.000000000000000000e+00
1.318290000000000000e+05
1.430370000000000000e+05
1.280620000000000000e+05
0.000000000000000000e+00
1.499840000000000000e+05
9.643500000000000000e+04
9.056100000000000000e+04
8.674600000000000000e+04
8.633800000000000000e+04
8.822300000000000000e+04
0.000000000000000000e+00
1.229020000000000000e+05
9.370400000000000000e+04
8.471600000000000000e+04
8.304300000000000000e+04
8.533000000000000000e+04
8.301200000000000000e+04
0.000000000000000000e+00
1.069770000000000000e+05
7.942700000000000000e+04
8.353000000000000000e+04
8.829600000000000000e+04
9.043000000000000000e+04
9.711500000000000000e+04
0.000000000000000000e+00
1.243050000000000000e+05
8.761900000000000000e+04
8.982000000000000000e+04
9.599500000000000000e+04
9.723000000000000000e+04
1.046560000000000000e+05
0.000000000000000000e+00
1.357850000000000000e+05
9.000200000000000000e+04
8.851500000000000000e+04
7.924700000000000000e+04
7.750300000000000000e+04
8.035900000000000000e+04
0.000000000000000000e+00
1.081620000000000000e+05
8.136600000000000000e+04
8.594400000000000000e+04
8.491300000000000000e+04
9.549100000000000000e+04
1.060970000000000000e+05
0.000000000000000000e+00
1.212150000000000000e+05
8.083500000000000000e+04
8.123800000000000000e+04
7.972000000000000000e+04
8.136800000000000000e+04
8.435100000000000000e+04
0.000000000000000000e+00
1.016840000000000000e+05
7.117000000000000000e+04
7.987400000000000000e+04
7.523300000000000000e+04
7.894500000000000000e+04
7.681700000000000000e+04
0.000000000000000000e+00
9.153500000000000000e+04
6.586800000000000000e+04
7.429200000000000000e+04
6.890600000000000000e+04
7.354400000000000000e+04
7.260600000000000000e+04
0.000000000000000000e+00
8.948500000000000000e+04
6.741800000000000000e+04
8.125200000000000000e+04
7.857900000000000000e+04
8.262200000000000000e+04
7.720600000000000000e+04
0.000000000000000000e+00
8.686700000000000000e+04
6.223700000000000000e+04
6.429300000000000000e+04
6.145300000000000000e+04
6.414100000000000000e+04
6.382400000000000000e+04
0.000000000000000000e+00
7.373200000000000000e+04
5.579000000000000000e+04
6.519600000000000000e+04
6.550700000000000000e+04
7.208600000000000000e+04
7.251400000000000000e+04
0.000000000000000000e+00
9.093500000000000000e+04
6.896200000000000000e+04
7.173500000000000000e+04
7.143900000000000000e+04
7.744800000000000000e+04
8.315100000000000000e+04
0.000000000000000000e+00
1.162030000000000000e+05
0.000000000000000000e+00
8.030000000000000000e+03
9.592100000000000000e+04
7.310000000000000000e+04
7.688900000000000000e+04
0.000000000000000000e+00
1.027410000000000000e+05
6.983800000000000000e+04
7.401400000000000000e+04
6.763400000000000000e+04
6.865000000000000000e+04
6.916200000000000000e+04
0.000000000000000000e+00
8.878100000000000000e+04
6.718600000000000000e+04
7.131100000000000000e+04
7.066200000000000000e+04
7.304900000000000000e+04
7.243400000000000000e+04
0.000000000000000000e+00
9.531700000000000000e+04
6.958500000000000000e+04
7.447100000000000000e+04
7.076800000000000000e+04
7.457400000000000000e+04
7.767000000000000000e+04
2.400000000000000000e+01
1.050370000000000000e+05
7.725000000000000000e+04
8.421000000000000000e+04
8.319800000000000000e+04
9.711900000000000000e+04
1.029720000000000000e+05
9.885000000000000000e+03
6.451800000000000000e+04
0.000000000000000000e+00
0.000000000000000000e+00
2.072000000000000000e+03
1.036800000000000000e+05
1.004360000000000000e+05
0.000000000000000000e+00
1.449630000000000000e+05
8.916400000000000000e+04
8.476500000000000000e+04
7.750800000000000000e+04
8.010200000000000000e+04
8.109200000000000000e+04
0.000000000000000000e+00
1.111650000000000000e+05
7.083300000000000000e+04
7.051000000000000000e+04
6.793600000000000000e+04
7.970600000000000000e+04
8.158900000000000000e+04
0.000000000000000000e+00
1.027950000000000000e+05
7.505600000000000000e+04
7.824200000000000000e+04
7.663400000000000000e+04
8.308500000000000000e+04
8.620700000000000000e+04
0.000000000000000000e+00
1.214780000000000000e+05
8.395200000000000000e+04
9.126400000000000000e+04
8.655000000000000000e+04
9.427700000000000000e+04
9.620400000000000000e+04
0.000000000000000000e+00
1.233870000000000000e+05
8.652900000000000000e+04
8.595900000000000000e+04
7.878200000000000000e+04
8.220600000000000000e+04
8.489800000000000000e+04
0.000000000000000000e+00
1.149630000000000000e+05
7.996800000000000000e+04
8.411100000000000000e+04
8.034700000000000000e+04
8.812100000000000000e+04
9.433200000000000000e+04
0.000000000000000000e+00
1.227250000000000000e+05
8.265900000000000000e+04
8.883300000000000000e+04
8.208900000000000000e+04
8.837100000000000000e+04
9.282700000000000000e+04
0.000000000000000000e+00
1.252480000000000000e+05
8.986200000000000000e+04
9.092700000000000000e+04
8.592700000000000000e+04
8.538000000000000000e+04
8.807100000000000000e+04
0.000000000000000000e+00
1.155560000000000000e+05
8.069200000000000000e+04
9.095500000000000000e+04
8.970700000000000000e+04
9.687300000000000000e+04
9.454100000000000000e+04
0.000000000000000000e+00
1.188680000000000000e+05
8.144200000000000000e+04
8.492200000000000000e+04
8.135800000000000000e+04
8.946800000000000000e+04
9.425200000000000000e+04
0.000000000000000000e+00
1.331610000000000000e+05
9.205300000000000000e+04
9.650600000000000000e+04
9.952500000000000000e+04
1.082390000000000000e+05
1.067370000000000000e+05
0.000000000000000000e+00
1.261360000000000000e+05
8.244600000000000000e+04
8.431700000000000000e+04
7.771100000000000000e+04
7.966000000000000000e+04
9.102400000000000000e+04
0.000000000000000000e+00
1.232480000000000000e+05
8.032600000000000000e+04
8.777100000000000000e+04
8.383400000000000000e+04
8.897000000000000000e+04
9.639100000000000000e+04
0.000000000000000000e+00
1.208460000000000000e+05
8.451000000000000000e+04
1.001620000000000000e+05
1.000750000000000000e+05
1.043800000000000000e+05
1.050110000000000000e+05
0.000000000000000000e+00
1.469290000000000000e+05
1.004510000000000000e+05
1.079580000000000000e+05
9.714100000000000000e+04
9.813500000000000000e+04
9.988600000000000000e+04
0.000000000000000000e+00
1.304150000000000000e+05
9.521500000000000000e+04
1.149690000000000000e+05
1.120180000000000000e+05
1.060170000000000000e+05
1.024600000000000000e+05
0.000000000000000000e+00
1.414240000000000000e+05
1.059240000000000000e+05
1.100320000000000000e+05
1.091790000000000000e+05
1.114310000000000000e+05
1.121310000000000000e+05
0.000000000000000000e+00
1.733660000000000000e+05
1.158470000000000000e+05
1.226640000000000000e+05
1.136130000000000000e+05
1.127140000000000000e+05
1.162970000000000000e+05
0.000000000000000000e+00
1.504300000000000000e+05
1.163630000000000000e+05
1.130180000000000000e+05
1.119740000000000000e+05
1.162180000000000000e+05
1.152980000000000000e+05
0.000000000000000000e+00
1.550380000000000000e+05
1.145180000000000000e+05
1.148690000000000000e+05
1.067230000000000000e+05
1.032130000000000000e+05
1.209530000000000000e+05
0.000000000000000000e+00
1.605710000000000000e+05
1.213420000000000000e+05
1.161150000000000000e+05
1.074250000000000000e+05
1.069260000000000000e+05
1.105300000000000000e+05
0.000000000000000000e+00
1.409830000000000000e+05
1.045830000000000000e+05
1.066090000000000000e+05
1.036170000000000000e+05
1.023010000000000000e+05
1.095440000000000000e+05
0.000000000000000000e+00
1.520030000000000000e+05
1.162800000000000000e+05
1.153980000000000000e+05
1.085250000000000000e+05
1.092580000000000000e+05
1.244470000000000000e+05
0.000000000000000000e+00
1.433280000000000000e+05
1.139810000000000000e+05
1.083140000000000000e+05
1.009570000000000000e+05
9.365100000000000000e+04
9.276200000000000000e+04
0.000000000000000000e+00
1.344790000000000000e+05
9.858500000000000000e+04
9.483400000000000000e+04
9.038000000000000000e+04
1.100780000000000000e+05
1.544500000000000000e+04
0.000000000000000000e+00
1.333760000000000000e+05
9.272500000000000000e+04
9.226300000000000000e+04
8.204900000000000000e+04
9.245500000000000000e+04
1.128750000000000000e+05
0.000000000000000000e+00
1.387880000000000000e+05
9.403100000000000000e+04
9.621200000000000000e+04
9.214300000000000000e+04
9.101800000000000000e+04
1.016020000000000000e+05
0.000000000000000000e+00
1.335570000000000000e+05
9.871900000000000000e+04
9.452600000000000000e+04
8.740300000000000000e+04
8.613300000000000000e+04
1.081620000000000000e+05
0.000000000000000000e+00
1.391250000000000000e+05
9.542500000000000000e+04
9.366000000000000000e+04
9.087700000000000000e+04
1.022890000000000000e+05
1.046880000000000000e+05
3.900000000000000000e+01
1.237300000000000000e+05
9.367400000000000000e+04
9.242500000000000000e+04
9.106200000000000000e+04
9.838900000000000000e+04
1.000860000000000000e+05
9.420000000000000000e+02
1.174620000000000000e+05
9.949000000000000000e+04
1.147520000000000000e+05
7.213700000000000000e+04
0.000000000000000000e+00
0.000000000000000000e+00
0.000000000000000000e+00
1.017460000000000000e+05
1.122050000000000000e+05
9.659100000000000000e+04
8.752200000000000000e+04
8.292800000000000000e+04
8.688000000000000000e+04
0.000000000000000000e+00
9.415400000000000000e+04
7.963100000000000000e+04
8.853800000000000000e+04
8.075400000000000000e+04
7.832200000000000000e+04
8.548700000000000000e+04
0.000000000000000000e+00
1.284640000000000000e+05
9.477500000000000000e+04
1.022940000000000000e+05
9.173400000000000000e+04
8.890300000000000000e+04
9.644600000000000000e+04
0.000000000000000000e+00
1.267230000000000000e+05
7.762000000000000000e+04
7.854900000000000000e+04
8.118500000000000000e+04
7.956500000000000000e+04
8.168300000000000000e+04
0.000000000000000000e+00
1.119970000000000000e+05
8.276900000000000000e+04
9.065600000000000000e+04
8.748900000000000000e+04
8.468800000000000000e+04
8.976300000000000000e+04
0.000000000000000000e+00
1.235110000000000000e+05
8.416100000000000000e+04
8.707500000000000000e+04
9.051200000000000000e+04
9.796700000000000000e+04
1.072830000000000000e+05
0.000000000000000000e+00
1.387020000000000000e+05
8.254700000000000000e+04
8.690500000000000000e+04
7.920900000000000000e+04
8.557000000000000000e+04
8.484600000000000000e+04
0.000000000000000000e+00
1.213070000000000000e+05
8.220000000000000000e+04
9.364500000000000000e+04
8.939800000000000000e+04
9.806900000000000000e+04
9.109600000000000000e+04
0.000000000000000000e+00
1.076900000000000000e+05
7.323700000000000000e+04
7.794700000000000000e+04
7.578300000000000000e+04
7.677600000000000000e+04
7.723600000000000000e+04
0.000000000000000000e+00
9.732600000000000000e+04
7.108800000000000000e+04
7.610500000000000000e+04
6.793000000000000000e+04
6.653200000000000000e+04
6.754600000000000000e+04
0.000000000000000000e+00
8.745400000000000000e+04
6.655600000000000000e+04
7.981300000000000000e+04
7.630300000000000000e+04
7.975400000000000000e+04
7.638600000000000000e+04
0.000000000000000000e+00
8.811800000000000000e+04
6.244600000000000000e+04
6.534800000000000000e+04
6.098200000000000000e+04
6.283300000000000000e+04
6.188000000000000000e+04
0.000000000000000000e+00
7.945700000000000000e+04
6.060200000000000000e+04
6.666200000000000000e+04
6.699200000000000000e+04
6.848100000000000000e+04
6.750400000000000000e+04
0.000000000000000000e+00
8.432400000000000000e+04
6.420800000000000000e+04
7.171100000000000000e+04
6.745000000000000000e+04
6.991100000000000000e+04
7.277900000000000000e+04
0.000000000000000000e+00
8.924000000000000000e+04
6.716500000000000000e+04
6.921100000000000000e+04
6.215600000000000000e+04
6.268300000000000000e+04
7.183800000000000000e+04
0.000000000000000000e+00
1.039110000000000000e+05
8.729900000000000000e+04
0.000000000000000000e+00
6.404000000000000000e+03
8.871500000000000000e+04
6.734400000000000000e+04
0.000000000000000000e+00
9.949300000000000000e+04
6.451600000000000000e+04
6.425200000000000000e+04
5.570700000000000000e+04
5.765400000000000000e+04
5.687300000000000000e+04
0.000000000000000000e+00
7.034200000000000000e+04
5.415000000000000000e+04
6.046100000000000000e+04
6.124500000000000000e+04
6.438500000000000000e+04
6.655100000000000000e+04
1.088000000000000000e+03
9.625900000000000000e+04
7.834100000000000000e+04
8.655600000000000000e+04
9.129700000000000000e+04
6.171600000000000000e+04
0.000000000000000000e+00
0.000000000000000000e+00
8.000000000000000000e+01
6.787800000000000000e+04
8.112900000000000000e+04
7.561400000000000000e+04
8.043500000000000000e+04
7.821000000000000000e+04
0.000000000000000000e+00
9.875500000000000000e+04
6.282300000000000000e+04
6.379000000000000000e+04
6.063500000000000000e+04
6.547200000000000000e+04
6.576700000000000000e+04
0.000000000000000000e+00
8.576300000000000000e+04
6.656800000000000000e+04
7.503800000000000000e+04
7.287200000000000000e+04
8.092900000000000000e+04
8.161200000000000000e+04
0.000000000000000000e+00
1.112020000000000000e+05
7.422200000000000000e+04
7.464500000000000000e+04
7.239600000000000000e+04
7.718000000000000000e+04
7.935000000000000000e+04
0.000000000000000000e+00
9.928300000000000000e+04
8.148300000000000000e+04
8.019100000000000000e+04
7.800600000000000000e+04
8.323400000000000000e+04
8.602700000000000000e+04
0.000000000000000000e+00
1.164370000000000000e+05
7.854300000000000000e+04
7.595300000000000000e+04
7.424400000000000000e+04
7.714400000000000000e+04
7.767700000000000000e+04
0.000000000000000000e+00
1.084480000000000000e+05
7.965400000000000000e+04
8.299900000000000000e+04
8.137600000000000000e+04
8.407000000000000000e+04
7.887400000000000000e+04
0.000000000000000000e+00
1.103800000000000000e+05
7.927000000000000000e+04
8.115500000000000000e+04
7.649900000000000000e+04
8.157100000000000000e+04
8.619900000000000000e+04
0.000000000000000000e+00
1.217580000000000000e+05
8.701200000000000000e+04
9.068400000000000000e+04
8.675400000000000000e+04
9.215800000000000000e+04
1.025510000000000000e+05
0.000000000000000000e+00
1.370860000000000000e+05
8.973800000000000000e+04
8.365200000000000000e+04
7.861900000000000000e+04
8.438800000000000000e+04
8.400900000000000000e+04
0.000000000000000000e+00
1.210300000000000000e+05
8.557300000000000000e+04
8.644100000000000000e+04
8.657200000000000000e+04
8.799500000000000000e+04
9.227700000000000000e+04
0.000000000000000000e+00
1.275210000000000000e+05
8.701800000000000000e+04
8.775500000000000000e+04
7.750200000000000000e+04
6.484500000000000000e+04
8.377300000000000000e+04
0.000000000000000000e+00
1.326360000000000000e+05
9.277200000000000000e+04
8.918200000000000000e+04
8.080700000000000000e+04
6.903600000000000000e+04
8.239900000000000000e+04
0.000000000000000000e+00
1.190920000000000000e+05
8.304500000000000000e+04
8.641600000000000000e+04
8.370900000000000000e+04
8.508900000000000000e+04
8.964600000000000000e+04
0.000000000000000000e+00
1.389770000000000000e+05
1.041110000000000000e+05
1.031460000000000000e+05
9.547200000000000000e+04
7.462600000000000000e+04
9.161200000000000000e+04
0.000000000000000000e+00
1.304310000000000000e+05
8.904100000000000000e+04
9.113300000000000000e+04
8.334400000000000000e+04
8.511500000000000000e+04
8.768100000000000000e+04
0.000000000000000000e+00
1.188280000000000000e+05
8.825500000000000000e+04
9.394800000000000000e+04
9.174000000000000000e+04
9.341000000000000000e+04
1.008700000000000000e+05
0.000000000000000000e+00
1.336630000000000000e+05
9.837900000000000000e+04
1.022540000000000000e+05
1.005630000000000000e+05
1.015530000000000000e+05
1.083260000000000000e+05
0.000000000000000000e+00
1.418700000000000000e+05
1.077110000000000000e+05
1.064420000000000000e+05
1.002170000000000000e+05
1.052400000000000000e+05
1.188030000000000000e+05
0.000000000000000000e+00
1.583830000000000000e+05
1.106880000000000000e+05
8.556500000000000000e+04
9.705200000000000000e+04
9.829900000000000000e+04
1.151260000000000000e+05
0.000000000000000000e+00
1.244680000000000000e+05
1.183750000000000000e+05
1.093630000000000000e+05
1.003920000000000000e+05
9.732200000000000000e+04
8.985400000000000000e+04
0.000000000000000000e+00
1.357680000000000000e+05
1.048810000000000000e+05
9.792200000000000000e+04
9.404200000000000000e+04
1.009920000000000000e+05
1.183300000000000000e+05
0.000000000000000000e+00
1.521360000000000000e+05
8.240500000000000000e+04
1.002060000000000000e+05
9.982100000000000000e+04
1.103010000000000000e+05
1.004880000000000000e+05
0.000000000000000000e+00
1.523490000000000000e+05
1.058200000000000000e+05
1.050740000000000000e+05
9.569500000000000000e+04
1.067050000000000000e+05
1.019880000000000000e+05
0.000000000000000000e+00
1.331360000000000000e+05
1.005070000000000000e+05
9.169000000000000000e+04
9.952300000000000000e+04
9.541100000000000000e+04
9.158800000000000000e+04
0.000000000000000000e+00
1.256950000000000000e+05
9.215500000000000000e+04
7.573000000000000000e+04
8.956300000000000000e+04
9.310500000000000000e+04
9.661000000000000000e+04
0.000000000000000000e+00
1.281780000000000000e+05
8.980200000000000000e+04
8.430100000000000000e+04
9.375700000000000000e+04
1.112420000000000000e+05
1.637100000000000000e+04
0.000000000000000000e+00
1.240560000000000000e+05
8.849200000000000000e+04
8.554100000000000000e+04
7.683900000000000000e+04
7.865000000000000000e+04
8.748300000000000000e+04
0.000000000000000000e+00
9.495500000000000000e+04
8.249400000000000000e+04
5.872500000000000000e+04
7.167300000000000000e+04
7.887100000000000000e+04
8.460000000000000000e+04
0.000000000000000000e+00
9.998300000000000000e+04
7.724500000000000000e+04
7.702300000000000000e+04
7.125900000000000000e+04
7.371700000000000000e+04
8.113400000000000000e+04
0.000000000000000000e+00
1.118140000000000000e+05
9.034500000000000000e+04
9.116200000000000000e+04
8.201100000000000000e+04
8.497300000000000000e+04
9.888300000000000000e+04
0.000000000000000000e+00
1.341890000000000000e+05
9.802800000000000000e+04
9.636100000000000000e+04
8.020200000000000000e+04
7.360300000000000000e+04
8.623200000000000000e+04
0.000000000000000000e+00
1.079600000000000000e+05
6.666900000000000000e+04
6.899400000000000000e+04
7.610900000000000000e+04
7.715900000000000000e+04
8.586800000000000000e+04
0.000000000000000000e+00
1.096390000000000000e+05
8.219800000000000000e+04
7.950500000000000000e+04
7.741300000000000000e+04
8.443600000000000000e+04
9.718400000000000000e+04
7.500000000000000000e+01
1.210200000000000000e+05
8.393800000000000000e+04
8.017600000000000000e+04
7.949900000000000000e+04
8.483200000000000000e+04
9.943500000000000000e+04
2.160000000000000000e+03
1.567650000000000000e+05
1.282870000000000000e+05
9.677100000000000000e+04
0.000000000000000000e+00
0.000000000000000000e+00
1.640000000000000000e+02
0.000000000000000000e+00
2.293910000000000000e+05
1.224410000000000000e+05
1.115310000000000000e+05
9.251600000000000000e+04
9.494100000000000000e+04
9.929500000000000000e+04
0.000000000000000000e+00
1.416720000000000000e+05
8.660800000000000000e+04
9.808700000000000000e+04
9.222600000000000000e+04
7.822500000000000000e+04
9.127800000000000000e+04
0.000000000000000000e+00
1.125610000000000000e+05
8.177000000000000000e+04
8.409300000000000000e+04
8.501100000000000000e+04
9.731200000000000000e+04
1.043890000000000000e+05
0.000000000000000000e+00
1.278650000000000000e+05
8.157600000000000000e+04
8.191100000000000000e+04
8.062900000000000000e+04
8.322500000000000000e+04
8.995300000000000000e+04
0.000000000000000000e+00
1.198900000000000000e+05
8.633800000000000000e+04
8.777900000000000000e+04
8.177100000000000000e+04
7.899500000000000000e+04
8.281900000000000000e+04
0.000000000000000000e+00
1.109770000000000000e+05
7.354600000000000000e+04
7.972000000000000000e+04
7.733800000000000000e+04
8.172500000000000000e+04
8.492000000000000000e+04
0.000000000000000000e+00
1.143350000000000000e+05
8.025400000000000000e+04
8.792400000000000000e+04
8.760800000000000000e+04
9.707600000000000000e+04
1.008250000000000000e+05
0.000000000000000000e+00
1.167580000000000000e+05
7.769500000000000000e+04
7.865900000000000000e+04
6.963000000000000000e+04
7.427100000000000000e+04
7.118800000000000000e+04
0.000000000000000000e+00
8.959200000000000000e+04
6.258400000000000000e+04
6.747900000000000000e+04
6.889000000000000000e+04
7.118100000000000000e+04
7.124200000000000000e+04
0.000000000000000000e+00
8.701800000000000000e+04
6.266700000000000000e+04
6.392400000000000000e+04
6.461500000000000000e+04
6.843300000000000000e+04
6.926700000000000000e+04
0.000000000000000000e+00
9.160300000000000000e+04
6.470400000000000000e+04
6.568500000000000000e+04
6.173000000000000000e+04
6.425000000000000000e+04
6.548100000000000000e+04
0.000000000000000000e+00
8.437100000000000000e+04
6.035100000000000000e+04
6.618200000000000000e+04
6.673600000000000000e+04
6.634600000000000000e+04
6.257400000000000000e+04
0.000000000000000000e+00
9.405800000000000000e+04
7.771700000000000000e+04
8.729300000000000000e+04
9.008700000000000000e+04
