0.000000000000000000e+00
1.957280000000000000e+05
1.439261000000000000e+06
1.461228000000000000e+06
1.813070000000000000e+06
1.973468000000000000e+06
1.602013000000000000e+06
0.000000000000000000e+00
1.912448000000000000e+06
1.899496000000000000e+06
1.627900000000000000e+06
1.660249000000000000e+06
1.782628000000000000e+06
1.475712000000000000e+06
0.000000000000000000e+00
1.738763000000000000e+06
1.450302000000000000e+06
1.821849000000000000e+06
1.907294000000000000e+06
2.056736000000000000e+06
1.739528000000000000e+06
3.300000000000000000e+02
2.314017000000000000e+06
1.762832000000000000e+06
0.000000000000000000e+00
0.000000000000000000e+00
0.000000000000000000e+00
0.000000000000000000e+00
0.000000000000000000e+00
0.000000000000000000e+00
0.000000000000000000e+00
9.053480000000000000e+05
1.142521000000000000e+06
1.599326000000000000e+06
1.432067000000000000e+06
0.000000000000000000e+00
2.161525000000000000e+06
1.654440000000000000e+06
1.694374000000000000e+06
1.956227000000000000e+06
1.549227000000000000e+06
9.383690000000000000e+05
0.000000000000000000e+00
1.522637000000000000e+06
1.427195000000000000e+06
1.299038000000000000e+06
1.754808000000000000e+06
1.654758000000000000e+06
1.419654000000000000e+06
0.000000000000000000e+00
1.823479000000000000e+06
1.732809000000000000e+06
1.181908000000000000e+06
1.383291000000000000e+06
1.221952000000000000e+06
8.079690000000000000e+05
0.000000000000000000e+00
1.381647000000000000e+06
1.735148000000000000e+06
1.796092000000000000e+06
1.776576000000000000e+06
1.687841000000000000e+06
1.305817000000000000e+06
0.000000000000000000e+00
2.240191000000000000e+06
1.659466000000000000e+06
1.807471000000000000e+06
1.964494000000000000e+06
1.864684000000000000e+06
1.409327000000000000e+06
0.000000000000000000e+00
1.690545000000000000e+06
1.452644000000000000e+06
1.661663000000000000e+06
1.621595000000000000e+06
1.631337000000000000e+06
1.396123000000000000e+06
0.000000000000000000e+00
1.714268000000000000e+06
1.424961000000000000e+06
1.590265000000000000e+06
1.035674000000000000e+06
1.388303000000000000e+06
1.132816000000000000e+06
0.000000000000000000e+00
1.516665000000000000e+06
1.636569000000000000e+06
1.646369000000000000e+06
1.934761000000000000e+06
1.967511000000000000e+06
1.651972000000000000e+06
0.000000000000000000e+00
1.755606000000000000e+06
1.711031000000000000e+06
1.623409000000000000e+06
1.316654000000000000e+06
1.273458000000000000e+06
1.195301000000000000e+06
0.000000000000000000e+00
1.664626000000000000e+06
1.836391000000000000e+06
1.695609000000000000e+06
1.348611000000000000e+06
1.475690000000000000e+06
1.857363000000000000e+06
0.000000000000000000e+00
1.546461000000000000e+06
1.658009000000000000e+06
1.116050000000000000e+06
1.263414000000000000e+06
1.628503000000000000e+06
1.836836000000000000e+06
0.000000000000000000e+00
1.694996000000000000e+06
1.454586000000000000e+06
1.382547000000000000e+06
1.410212000000000000e+06
1.056765000000000000e+06
1.232892000000000000e+06
0.000000000000000000e+00
1.836462000000000000e+06
1.372719000000000000e+06
1.158864000000000000e+06
1.285957000000000000e+06
1.264382000000000000e+06
8.188430000000000000e+05
0.000000000000000000e+00
1.788070000000000000e+06
1.575693000000000000e+06
1.247015000000000000e+06
1.284958000000000000e+06
1.443308000000000000e+06
1.119284000000000000e+06
0.000000000000000000e+00
1.954691000000000000e+06
1.540087000000000000e+06
1.684277000000000000e+06
1.563596000000000000e+06
1.403612000000000000e+06
9.290790000000000000e+05
0.000000000000000000e+00
1.621792000000000000e+06
1.503563000000000000e+06
1.421614000000000000e+06
1.065106000000000000e+06
1.301999000000000000e+06
9.075680000000000000e+05
0.000000000000000000e+00
1.640478000000000000e+06
1.282065000000000000e+06
1.249033000000000000e+06
1.238941000000000000e+06
1.218471000000000000e+06
9.314530000000000000e+05
0.000000000000000000e+00
1.564799000000000000e+06
1.437179000000000000e+06
1.238111000000000000e+06
1.089965000000000000e+06
1.537201000000000000e+06
1.265575000000000000e+06
0.000000000000000000e+00
1.691558000000000000e+06
1.557661000000000000e+06
1.351386000000000000e+06
1.198065000000000000e+06
1.244043000000000000e+06
8.843580000000000000e+05
0.000000000000000000e+00
1.261767000000000000e+06
1.373633000000000000e+06
1.442041000000000000e+06
1.383873000000000000e+06
1.170297000000000000e+06
1.122190000000000000e+06
0.000000000000000000e+00
1.327682000000000000e+06
9.610820000000000000e+05
1.435201000000000000e+06
1.443854000000000000e+06
1.191358000000000000e+06
1.104043000000000000e+06
0.000000000000000000e+00
1.488160000000000000e+06
1.258499000000000000e+06
1.270948000000000000e+06
1.385042000000000000e+06
1.204873000000000000e+06
8.014100000000000000e+05
0.000000000000000000e+00
1.420935000000000000e+06
7.223570000000000000e+05
1.075734000000000000e+06
1.154610000000000000e+06
1.118214000000000000e+06
9.742580000000000000e+05
0.000000000000000000e+00
9.864590000000000000e+05
1.277543000000000000e+06
1.285207000000000000e+06
1.371903000000000000e+06
1.105085000000000000e+06
9.128300000000000000e+05
0.000000000000000000e+00
9.031470000000000000e+05
1.309084000000000000e+06
1.090647000000000000e+06
1.543652000000000000e+06
1.422248000000000000e+06
7.843270000000000000e+05
0.000000000000000000e+00
1.706201000000000000e+06
1.133873000000000000e+06
1.249095000000000000e+06
1.419015000000000000e+06
1.364642000000000000e+06
6.794200000000000000e+04
0.000000000000000000e+00
1.735463000000000000e+06
1.179999000000000000e+06
1.611041000000000000e+06
1.278784000000000000e+06
1.075360000000000000e+06
1.008677000000000000e+06
0.000000000000000000e+00
1.841896000000000000e+06
1.285178000000000000e+06
1.156264000000000000e+06
1.154852000000000000e+06
1.170859000000000000e+06
1.199192000000000000e+06
0.000000000000000000e+00
1.279272000000000000e+06
1.333380000000000000e+06
1.728776000000000000e+06
1.303552000000000000e+06
7.737890000000000000e+05
1.149189000000000000e+06
0.000000000000000000e+00
1.802477000000000000e+06
1.821991000000000000e+06
1.568194000000000000e+06
1.539078000000000000e+06
1.634783000000000000e+06
1.111624000000000000e+06
0.000000000000000000e+00
1.562929000000000000e+06
1.701691000000000000e+06
1.639683000000000000e+06
1.458380000000000000e+06
1.781531000000000000e+06
1.392308000000000000e+06
0.000000000000000000e+00
1.844819000000000000e+06
1.114256000000000000e+06
2.102758000000000000e+06
2.054745000000000000e+06
2.078473000000000000e+06
1.653392000000000000e+06
0.000000000000000000e+00
2.215475000000000000e+06
2.081391000000000000e+06
1.990337000000000000e+06
2.031609000000000000e+06
2.089865000000000000e+06
1.756093000000000000e+06
1.677600000000000000e+04
2.450328000000000000e+06
2.402755000000000000e+06
2.374075000000000000e+06
1.695451000000000000e+06
2.400556000000000000e+06
2.313593000000000000e+06
2.135940000000000000e+05
2.621221000000000000e+06
4.875310000000000000e+05
0.000000000000000000e+00
0.000000000000000000e+00
4.275000000000000000e+03
4.625540000000000000e+05
0.000000000000000000e+00
2.684678000000000000e+06
2.408341000000000000e+06
1.774004000000000000e+06
1.367778000000000000e+06
1.833391000000000000e+06
1.637206000000000000e+06
0.000000000000000000e+00
2.158960000000000000e+06
2.025216000000000000e+06
1.899404000000000000e+06
1.598657000000000000e+06
1.609362000000000000e+06
1.350364000000000000e+06
0.000000000000000000e+00
1.927882000000000000e+06
1.683053000000000000e+06
1.685790000000000000e+06
1.698861000000000000e+06
1.731517000000000000e+06
1.386119000000000000e+06
0.000000000000000000e+00
2.043960000000000000e+06
1.804445000000000000e+06
1.752507000000000000e+06
1.993096000000000000e+06
1.976280000000000000e+06
1.308500000000000000e+06
0.000000000000000000e+00
2.641637000000000000e+06
2.600102000000000000e+06
2.416537000000000000e+06
2.661881000000000000e+06
2.573421000000000000e+06
2.154208000000000000e+06
0.000000000000000000e+00
2.976782000000000000e+06
2.664976000000000000e+06
2.549314000000000000e+06
2.756420000000000000e+06
3.035710000000000000e+06
2.873367000000000000e+06
0.000000000000000000e+00
3.150826000000000000e+06
3.013672000000000000e+06
2.895270000000000000e+06
2.900450000000000000e+06
2.789889000000000000e+06
2.819248000000000000e+06
0.000000000000000000e+00
3.332289000000000000e+06
2.361150000000000000e+06
2.447415000000000000e+06
2.529839000000000000e+06
2.324800000000000000e+06
1.638041000000000000e+06
0.000000000000000000e+00
2.295309000000000000e+06
1.873505000000000000e+06
1.425013000000000000e+06
1.429343000000000000e+06
1.927065000000000000e+06
1.649051000000000000e+06
0.000000000000000000e+00
2.143488000000000000e+06
1.947400000000000000e+06
1.684037000000000000e+06
1.624310000000000000e+06
1.519262000000000000e+06
1.136028000000000000e+06
0.000000000000000000e+00
1.628418000000000000e+06
1.425831000000000000e+06
1.722700000000000000e+06
1.823915000000000000e+06
1.871494000000000000e+06
1.637041000000000000e+06
0.000000000000000000e+00
1.639521000000000000e+06
1.170727000000000000e+06
1.363957000000000000e+06
1.329274000000000000e+06
1.097060000000000000e+06
6.453700000000000000e+05
0.000000000000000000e+00
0.000000000000000000e+00
1.694160000000000000e+05
1.739532000000000000e+06
1.853874000000000000e+06
1.995200000000000000e+06
1.472283000000000000e+06
0.000000000000000000e+00
1.930347000000000000e+06
1.771426000000000000e+06
1.526254000000000000e+06
1.596757000000000000e+06
1.102104000000000000e+06
5.428470000000000000e+05
0.000000000000000000e+00
1.551950000000000000e+06
1.310275000000000000e+06
1.319518000000000000e+06
1.080281000000000000e+06
1.329594000000000000e+06
1.544516000000000000e+06
0.000000000000000000e+00
2.288213000000000000e+06
2.013824000000000000e+06
1.783681000000000000e+06
1.475305000000000000e+06
9.604180000000000000e+05
4.368230000000000000e+05
0.000000000000000000e+00
9.609760000000000000e+05
1.211933000000000000e+06
1.319797000000000000e+06
1.446506000000000000e+06
1.774651000000000000e+06
1.976361000000000000e+06
0.000000000000000000e+00
2.250563000000000000e+06
1.412298000000000000e+06
1.691854000000000000e+06
1.636365000000000000e+06
1.883557000000000000e+06
1.905752000000000000e+06
1.850000000000000000e+02
2.518360000000000000e+06
2.554967000000000000e+06
2.429756000000000000e+06
6.781690000000000000e+05
0.000000000000000000e+00
0.000000000000000000e+00
0.000000000000000000e+00
8.161680000000000000e+05
1.298363000000000000e+06
1.146690000000000000e+06
1.271031000000000000e+06
1.481325000000000000e+06
1.167970000000000000e+06
0.000000000000000000e+00
1.412665000000000000e+06
1.219863000000000000e+06
1.232588000000000000e+06
1.166623000000000000e+06
8.777650000000000000e+05
9.271140000000000000e+05
0.000000000000000000e+00
2.195641000000000000e+06
1.805148000000000000e+06
1.538950000000000000e+06
1.563647000000000000e+06
1.458184000000000000e+06
1.096315000000000000e+06
0.000000000000000000e+00
1.694914000000000000e+06
1.804661000000000000e+06
1.556857000000000000e+06
1.352119000000000000e+06
1.156559000000000000e+06
8.197550000000000000e+05
0.000000000000000000e+00
1.166897000000000000e+06
1.368311000000000000e+06
1.236658000000000000e+06
8.666570000000000000e+05
1.155507000000000000e+06
1.158260000000000000e+06
0.000000000000000000e+00
1.509387000000000000e+06
1.347778000000000000e+06
1.457625000000000000e+06
1.384489000000000000e+06
1.654844000000000000e+06
1.296984000000000000e+06
0.000000000000000000e+00
1.564541000000000000e+06
1.351046000000000000e+06
1.351452000000000000e+06
1.237660000000000000e+06
1.257507000000000000e+06
1.029513000000000000e+06
0.000000000000000000e+00
1.351443000000000000e+06
1.443609000000000000e+06
1.418299000000000000e+06
1.362052000000000000e+06
1.220496000000000000e+06
1.074063000000000000e+06
0.000000000000000000e+00
1.209293000000000000e+06
1.196270000000000000e+06
1.217882000000000000e+06
1.360161000000000000e+06
1.271163000000000000e+06
9.496150000000000000e+05
0.000000000000000000e+00
1.239239000000000000e+06
1.187026000000000000e+06
9.838460000000000000e+05
1.158317000000000000e+06
1.228202000000000000e+06
9.402530000000000000e+05
0.000000000000000000e+00
1.415665000000000000e+06
1.361685000000000000e+06
1.177392000000000000e+06
1.322378000000000000e+06
1.353838000000000000e+06
9.313520000000000000e+05
0.000000000000000000e+00
1.441493000000000000e+06
1.515266000000000000e+06
1.326190000000000000e+06
1.196647000000000000e+06
1.250430000000000000e+06
9.307780000000000000e+05
0.000000000000000000e+00
1.474235000000000000e+06
1.197316000000000000e+06
1.349360000000000000e+06
1.462162000000000000e+06
1.336060000000000000e+06
8.635290000000000000e+05
0.000000000000000000e+00
1.847307000000000000e+06
1.545513000000000000e+06
1.481621000000000000e+06
1.498504000000000000e+06
1.364673000000000000e+06
9.446100000000000000e+05
0.000000000000000000e+00
1.581853000000000000e+06
1.424040000000000000e+06
1.338668000000000000e+06
1.380230000000000000e+06
1.473352000000000000e+06
1.042984000000000000e+06
0.000000000000000000e+00
1.716709000000000000e+06
1.385154000000000000e+06
1.265471000000000000e+06
1.280492000000000000e+06
1.409221000000000000e+06
1.318461000000000000e+06
0.000000000000000000e+00
1.624997000000000000e+06
1.496367000000000000e+06
1.442193000000000000e+06
1.436222000000000000e+06
1.113490000000000000e+06
1.041944000000000000e+06
0.000000000000000000e+00
1.448436000000000000e+06
1.474672000000000000e+06
1.352281000000000000e+06
1.434872000000000000e+06
1.446880000000000000e+06
9.352270000000000000e+05
0.000000000000000000e+00
1.470608000000000000e+06
1.269704000000000000e+06
1.285719000000000000e+06
1.097527000000000000e+06
1.005027000000000000e+06
1.159723000000000000e+06
0.000000000000000000e+00
1.410094000000000000e+06
1.174408000000000000e+06
1.296324000000000000e+06
1.312268000000000000e+06
1.058275000000000000e+06
8.368550000000000000e+05
0.000000000000000000e+00
1.683498000000000000e+06
1.095783000000000000e+06
1.168755000000000000e+06
1.192555000000000000e+06
1.283404000000000000e+06
1.048946000000000000e+06
0.000000000000000000e+00
1.362056000000000000e+06
1.131424000000000000e+06
1.188439000000000000e+06
1.113004000000000000e+06
1.145885000000000000e+06
8.504330000000000000e+05
0.000000000000000000e+00
1.424821000000000000e+06
1.358939000000000000e+06
1.097883000000000000e+06
1.172758000000000000e+06
1.063903000000000000e+06
9.655460000000000000e+05
0.000000000000000000e+00
1.470006000000000000e+06
1.247888000000000000e+06
1.301612000000000000e+06
1.360571000000000000e+06
1.115645000000000000e+06
9.306100000000000000e+04
0.000000000000000000e+00
1.230052000000000000e+06
1.288471000000000000e+06
1.230804000000000000e+06
1.506273000000000000e+06
1.467803000000000000e+06
9.389580000000000000e+05
0.000000000000000000e+00
1.613782000000000000e+06
1.534745000000000000e+06
1.354603000000000000e+06
1.229689000000000000e+06
1.172271000000000000e+06
0.000000000000000000e+00
0.000000000000000000e+00
1.591258000000000000e+06
1.356525000000000000e+06
1.200797000000000000e+06
1.369063000000000000e+06
9.441780000000000000e+05
4.228500000000000000e+05
0.000000000000000000e+00
1.718919000000000000e+06
1.158288000000000000e+06
1.340277000000000000e+06
1.370934000000000000e+06
1.272603000000000000e+06
1.199850000000000000e+06
0.000000000000000000e+00
1.941120000000000000e+06
1.475508000000000000e+06
1.627500000000000000e+06
1.693313000000000000e+06
1.680491000000000000e+06
1.205156000000000000e+06
0.000000000000000000e+00
2.033674000000000000e+06
1.995336000000000000e+06
1.851927000000000000e+06
1.885896000000000000e+06
1.940504000000000000e+06
1.877321000000000000e+06
1.013900000000000000e+04
2.403555000000000000e+06
2.406904000000000000e+06
2.651233000000000000e+06
2.229271000000000000e+06
1.943805000000000000e+06
1.315964000000000000e+06
4.072400000000000000e+04
0.000000000000000000e+00
0.000000000000000000e+00
0.000000000000000000e+00
2.036400000000000000e+06
2.186232000000000000e+06
1.504841000000000000e+06
0.000000000000000000e+00
2.163403000000000000e+06
2.039845000000000000e+06
1.571769000000000000e+06
1.524151000000000000e+06
1.285690000000000000e+06
7.963630000000000000e+05
0.000000000000000000e+00
1.823050000000000000e+06
1.744808000000000000e+06
1.581280000000000000e+06
1.499588000000000000e+06
1.573466000000000000e+06
1.298323000000000000e+06
0.000000000000000000e+00
2.090574000000000000e+06
1.823647000000000000e+06
1.993117000000000000e+06
1.846533000000000000e+06
1.570751000000000000e+06
1.508293000000000000e+06
0.000000000000000000e+00
2.718459000000000000e+06
2.131579000000000000e+06
2.062701000000000000e+06
2.183673000000000000e+06
2.031758000000000000e+06
1.002825000000000000e+06
0.000000000000000000e+00
2.143429000000000000e+06
2.225925000000000000e+06
2.586163000000000000e+06
2.725301000000000000e+06
2.691539000000000000e+06
1.840739000000000000e+06
0.000000000000000000e+00
3.004370000000000000e+06
2.843019000000000000e+06
2.723116000000000000e+06
1.875776000000000000e+06
1.159847000000000000e+06
2.214900000000000000e+06
0.000000000000000000e+00
3.770274000000000000e+06
3.153115000000000000e+06
3.216096000000000000e+06
2.989724000000000000e+06
3.115478000000000000e+06
3.140159000000000000e+06
0.000000000000000000e+00
3.859746000000000000e+06
3.083524000000000000e+06
2.701820000000000000e+06
2.655718000000000000e+06
3.063767000000000000e+06
3.045253000000000000e+06
0.000000000000000000e+00
2.695213000000000000e+06
2.277654000000000000e+06
2.044420000000000000e+06
2.242464000000000000e+06
2.288595000000000000e+06
2.090796000000000000e+06
0.000000000000000000e+00
2.790110000000000000e+06
1.502292000000000000e+06
1.489979000000000000e+06
2.065667000000000000e+06
1.756201000000000000e+06
1.063133000000000000e+06
0.000000000000000000e+00
1.165500000000000000e+06
1.411561000000000000e+06
1.614740000000000000e+06
1.896932000000000000e+06
2.005654000000000000e+06
1.646855000000000000e+06
0.000000000000000000e+00
1.991104000000000000e+06
1.644901000000000000e+06
1.681670000000000000e+06
1.732766000000000000e+06
1.759024000000000000e+06
1.004503000000000000e+06
0.000000000000000000e+00
1.609137000000000000e+06
1.313216000000000000e+06
1.513293000000000000e+06
1.509615000000000000e+06
1.357423000000000000e+06
8.139920000000000000e+05
0.000000000000000000e+00
6.400380000000000000e+05
0.000000000000000000e+00
1.098450000000000000e+05
1.697356000000000000e+06
1.686006000000000000e+06
1.564711000000000000e+06
0.000000000000000000e+00
2.417499000000000000e+06
2.309705000000000000e+06
2.232929000000000000e+06
1.681565000000000000e+06
1.528742000000000000e+06
9.714960000000000000e+05
0.000000000000000000e+00
1.608560000000000000e+06
1.664788000000000000e+06
1.646100000000000000e+06
1.668234000000000000e+06
1.615509000000000000e+06
1.213225000000000000e+06
0.000000000000000000e+00
2.004361000000000000e+06
1.572068000000000000e+06
1.720144000000000000e+06
1.838782000000000000e+06
2.206911000000000000e+06
1.897469000000000000e+06
2.396000000000000000e+03
2.481653000000000000e+06
2.236210000000000000e+06
1.931043000000000000e+06
1.733670000000000000e+06
2.023840000000000000e+06
1.374790000000000000e+06
2.200000000000000000e+01
3.402020000000000000e+05
0.000000000000000000e+00
0.000000000000000000e+00
2.119000000000000000e+05
1.401265000000000000e+06
9.037180000000000000e+05
0.000000000000000000e+00
1.425674000000000000e+06
1.348059000000000000e+06
1.411452000000000000e+06
1.682515000000000000e+06
1.545558000000000000e+06
1.294472000000000000e+06
0.000000000000000000e+00
1.849293000000000000e+06
1.542951000000000000e+06
1.314866000000000000e+06
1.216543000000000000e+06
1.372695000000000000e+06
1.013845000000000000e+06
0.000000000000000000e+00
1.802495000000000000e+06
1.553724000000000000e+06
1.588139000000000000e+06
1.696510000000000000e+06
1.727057000000000000e+06
1.376884000000000000e+06
0.000000000000000000e+00
1.686215000000000000e+06
1.519718000000000000e+06
1.347452000000000000e+06
1.399661000000000000e+06
1.398373000000000000e+06
1.544335000000000000e+06
0.000000000000000000e+00
1.709846000000000000e+06
1.532609000000000000e+06
1.446193000000000000e+06
1.752577000000000000e+06
1.863634000000000000e+06
1.696839000000000000e+06
0.000000000000000000e+00
1.881000000000000000e+06
1.815541000000000000e+06
1.760502000000000000e+06
1.468276000000000000e+06
1.674011000000000000e+06
1.140548000000000000e+06
0.000000000000000000e+00
1.443180000000000000e+06
1.390722000000000000e+06
1.380741000000000000e+06
1.504937000000000000e+06
1.533674000000000000e+06
1.198796000000000000e+06
0.000000000000000000e+00
1.731025000000000000e+06
1.672126000000000000e+06
1.745829000000000000e+06
1.796747000000000000e+06
1.731772000000000000e+06
1.318888000000000000e+06
0.000000000000000000e+00
1.489620000000000000e+06
1.443931000000000000e+06
1.468059000000000000e+06
1.372104000000000000e+06
9.207770000000000000e+05
1.069966000000000000e+06
0.000000000000000000e+00
1.965960000000000000e+06
1.804684000000000000e+06
1.778713000000000000e+06
1.545071000000000000e+06
1.439959000000000000e+06
1.389619000000000000e+06
0.000000000000000000e+00
1.521989000000000000e+06
1.345224000000000000e+06
1.064364000000000000e+06
1.099677000000000000e+06
1.134854000000000000e+06
8.253590000000000000e+05
0.000000000000000000e+00
1.510715000000000000e+06
1.346577000000000000e+06
1.183882000000000000e+06
1.447256000000000000e+06
1.612067000000000000e+06
9.655980000000000000e+05
0.000000000000000000e+00
1.660424000000000000e+06
1.488161000000000000e+06
1.532209000000000000e+06
1.445114000000000000e+06
1.327757000000000000e+06
7.996100000000000000e+05
0.000000000000000000e+00
1.741508000000000000e+06
1.485045000000000000e+06
1.293517000000000000e+06
1.306602000000000000e+06
1.216624000000000000e+06
8.780270000000000000e+05
0.000000000000000000e+00
1.694436000000000000e+06
1.518534000000000000e+06
1.614067000000000000e+06
1.461428000000000000e+06
1.394946000000000000e+06
7.694600000000000000e+05
0.000000000000000000e+00
1.657858000000000000e+06
1.149266000000000000e+06
1.391068000000000000e+06
1.365379000000000000e+06
1.410182000000000000e+06
9.918270000000000000e+05
0.000000000000000000e+00
1.584728000000000000e+06
1.369266000000000000e+06
1.256154000000000000e+06
1.105743000000000000e+06
1.086972000000000000e+06
7.907670000000000000e+05
0.000000000000000000e+00
1.571454000000000000e+06
1.248675000000000000e+06
1.463513000000000000e+06
1.334326000000000000e+06
1.205711000000000000e+06
8.168100000000000000e+05
0.000000000000000000e+00
1.231271000000000000e+06
1.206571000000000000e+06
1.223087000000000000e+06
1.194052000000000000e+06
1.178432000000000000e+06
1.043228000000000000e+06
0.000000000000000000e+00
1.388877000000000000e+06
1.398788000000000000e+06
1.312089000000000000e+06
1.163715000000000000e+06
1.213055000000000000e+06
1.353939000000000000e+06
0.000000000000000000e+00
1.503406000000000000e+06
1.324914000000000000e+06
1.471309000000000000e+06
1.238482000000000000e+06
1.132849000000000000e+06
7.517030000000000000e+05
0.000000000000000000e+00
1.198457000000000000e+06
1.218087000000000000e+06
1.182704000000000000e+06
1.009448000000000000e+06
1.320529000000000000e+06
8.778700000000000000e+05
0.000000000000000000e+00
1.520342000000000000e+06
1.223148000000000000e+06
1.093140000000000000e+06
1.348043000000000000e+06
1.363051000000000000e+06
1.049920000000000000e+06
0.000000000000000000e+00
9.572480000000000000e+05
1.569307000000000000e+06
1.650938000000000000e+06
1.391493000000000000e+06
9.527770000000000000e+05
3.646010000000000000e+05
0.000000000000000000e+00
1.167223000000000000e+06
1.606441000000000000e+06
1.586162000000000000e+06
1.380870000000000000e+06
7.943110000000000000e+05
5.800500000000000000e+04
0.000000000000000000e+00
1.767536000000000000e+06
1.822821000000000000e+06
1.659696000000000000e+06
8.581350000000000000e+05
1.307198000000000000e+06
7.518500000000000000e+05
0.000000000000000000e+00
1.377483000000000000e+06
1.420734000000000000e+06
1.259840000000000000e+06
1.113764000000000000e+06
8.254460000000000000e+05
8.172590000000000000e+05
0.000000000000000000e+00
1.679546000000000000e+06
1.435825000000000000e+06
1.493539000000000000e+06
1.341550000000000000e+06
1.391809000000000000e+06
9.925910000000000000e+05
0.000000000000000000e+00
1.616409000000000000e+06
1.527547000000000000e+06
1.498901000000000000e+06
1.532771000000000000e+06
1.736279000000000000e+06
1.435422000000000000e+06
3.540000000000000000e+03
2.345836000000000000e+06
2.212424000000000000e+06
1.902998000000000000e+06
1.953213000000000000e+06
2.039173000000000000e+06
1.687685000000000000e+06
8.280000000000000000e+03
2.956035000000000000e+06
2.541701000000000000e+06
2.065726000000000000e+06
4.724230000000000000e+05
0.000000000000000000e+00
0.000000000000000000e+00
0.000000000000000000e+00
1.794687000000000000e+06
1.978047000000000000e+06
1.757099000000000000e+06
1.637559000000000000e+06
1.387982000000000000e+06
1.120044000000000000e+06
0.000000000000000000e+00
1.641405000000000000e+06
1.058368000000000000e+06
1.651013000000000000e+06
1.683481000000000000e+06
1.454595000000000000e+06
1.080000000000000000e+06
0.000000000000000000e+00
1.399001000000000000e+06
1.415420000000000000e+06
1.672786000000000000e+06
9.182810000000000000e+05
8.184500000000000000e+05
1.070016000000000000e+06
0.000000000000000000e+00
1.978135000000000000e+06
1.303124000000000000e+06
1.638340000000000000e+06
1.648268000000000000e+06
1.640826000000000000e+06
1.124784000000000000e+06
0.000000000000000000e+00
1.809362000000000000e+06
1.506106000000000000e+06
1.415187000000000000e+06
1.382571000000000000e+06
1.372307000000000000e+06
1.182791000000000000e+06
0.000000000000000000e+00
1.621955000000000000e+06
1.542985000000000000e+06
1.629388000000000000e+06
1.525008000000000000e+06
1.593171000000000000e+06
1.266972000000000000e+06
0.000000000000000000e+00
1.646494000000000000e+06
1.661410000000000000e+06
1.318407000000000000e+06
1.753451000000000000e+06
1.963063000000000000e+06
1.539269000000000000e+06
0.000000000000000000e+00
2.231673000000000000e+06
1.945862000000000000e+06
2.015300000000000000e+06
2.123339000000000000e+06
2.013834000000000000e+06
2.048343000000000000e+06
0.000000000000000000e+00
2.624779000000000000e+06
1.980153000000000000e+06
2.388776000000000000e+06
2.117110000000000000e+06
2.248680000000000000e+06
2.547587000000000000e+06
0.000000000000000000e+00
2.742958000000000000e+06
1.955112000000000000e+06
2.326004000000000000e+06
2.434357000000000000e+06
2.581762000000000000e+06
2.723395000000000000e+06
0.000000000000000000e+00
2.927962000000000000e+06
2.030381000000000000e+06
1.907761000000000000e+06
1.955930000000000000e+06
2.079033000000000000e+06
2.016071000000000000e+06
0.000000000000000000e+00
1.667173000000000000e+06
1.609124000000000000e+06
1.571940000000000000e+06
1.825658000000000000e+06
1.494562000000000000e+06
8.127340000000000000e+05
0.000000000000000000e+00
1.247348000000000000e+06
1.427719000000000000e+06
1.466447000000000000e+06
1.396751000000000000e+06
1.361435000000000000e+06
9.077200000000000000e+05
0.000000000000000000e+00
1.500656000000000000e+06
1.328402000000000000e+06
1.180074000000000000e+06
1.252232000000000000e+06
1.215115000000000000e+06
9.999420000000000000e+05
0.000000000000000000e+00
1.437445000000000000e+06
1.309447000000000000e+06
1.177950000000000000e+06
1.205337000000000000e+06
1.087335000000000000e+06
7.692330000000000000e+05
0.000000000000000000e+00
1.314906000000000000e+06
8.664490000000000000e+05
0.000000000000000000e+00
1.795140000000000000e+05
1.464643000000000000e+06
1.386266000000000000e+06
0.000000000000000000e+00
2.195196000000000000e+06
1.955277000000000000e+06
1.615132000000000000e+06
1.743977000000000000e+06
1.519414000000000000e+06
1.188273000000000000e+06
5.400000000000000000e+03
2.351916000000000000e+06
1.860750000000000000e+06
1.783073000000000000e+06
1.713685000000000000e+06
1.665481000000000000e+06
1.897931000000000000e+06
1.318800000000000000e+04
2.403455000000000000e+06
2.292350000000000000e+06
1.788282000000000000e+06
1.468985000000000000e+06
3.298070000000000000e+05
0.000000000000000000e+00
0.000000000000000000e+00
0.000000000000000000e+00
7.974950000000000000e+05
1.488839000000000000e+06
1.329013000000000000e+06
1.265299000000000000e+06
1.018589000000000000e+06
0.000000000000000000e+00
1.656689000000000000e+06
1.837448000000000000e+06
1.677960000000000000e+06
1.526357000000000000e+06
1.232968000000000000e+06
8.580060000000000000e+05
0.000000000000000000e+00
1.639778000000000000e+06
1.228259000000000000e+06
1.420416000000000000e+06
1.575325000000000000e+06
1.272077000000000000e+06
1.064279000000000000e+06
0.000000000000000000e+00
1.765972000000000000e+06
1.465342000000000000e+06
1.178917000000000000e+06
1.266262000000000000e+06
1.603734000000000000e+06
1.740042000000000000e+06
0.000000000000000000e+00
2.041406000000000000e+06
2.035309000000000000e+06
1.776568000000000000e+06
1.467158000000000000e+06
1.250910000000000000e+06
7.681650000000000000e+05
0.000000000000000000e+00
1.352598000000000000e+06
9.822260000000000000e+05
1.301796000000000000e+06
1.599800000000000000e+06
1.743240000000000000e+06
1.523785000000000000e+06
0.000000000000000000e+00
1.794749000000000000e+06
1.500375000000000000e+06
1.411443000000000000e+06
1.324038000000000000e+06
1.440862000000000000e+06
1.475773000000000000e+06
0.000000000000000000e+00
2.015860000000000000e+06
1.563815000000000000e+06
1.421142000000000000e+06
1.318589000000000000e+06
1.264783000000000000e+06
1.053666000000000000e+06
0.000000000000000000e+00
1.393773000000000000e+06
1.255753000000000000e+06
1.497811000000000000e+06
1.482135000000000000e+06
1.746811000000000000e+06
1.296473000000000000e+06
0.000000000000000000e+00
1.507004000000000000e+06
1.472276000000000000e+06
1.368642000000000000e+06
1.655933000000000000e+06
1.423309000000000000e+06
1.480286000000000000e+06
0.000000000000000000e+00
1.905327000000000000e+06
1.790203000000000000e+06
1.584088000000000000e+06
1.398347000000000000e+06
1.686680000000000000e+06
1.037130000000000000e+06
0.000000000000000000e+00
1.448352000000000000e+06
9.914290000000000000e+05
1.283026000000000000e+06
1.582803000000000000e+06
1.184141000000000000e+06
1.035017000000000000e+06
0.000000000000000000e+00
1.511882000000000000e+06
1.279408000000000000e+06
1.332111000000000000e+06
1.486094000000000000e+06
1.036264000000000000e+06
1.086853000000000000e+06
0.000000000000000000e+00
1.730370000000000000e+06
1.606290000000000000e+06
1.649995000000000000e+06
1.351604000000000000e+06
1.366391000000000000e+06
7.963830000000000000e+05
0.000000000000000000e+00
1.487773000000000000e+06
1.301481000000000000e+06
1.402739000000000000e+06
1.401066000000000000e+06
1.103299000000000000e+06
9.895280000000000000e+05
0.000000000000000000e+00
1.914336000000000000e+06
1.554620000000000000e+06
1.613636000000000000e+06
1.550238000000000000e+06
1.387184000000000000e+06
7.755290000000000000e+05
0.000000000000000000e+00
1.452413000000000000e+06
1.579393000000000000e+06
1.270773000000000000e+06
1.402265000000000000e+06
1.360507000000000000e+06
8.593850000000000000e+05
0.000000000000000000e+00
1.741302000000000000e+06
1.682353000000000000e+06
1.612997000000000000e+06
1.537551000000000000e+06
1.387851000000000000e+06
9.173280000000000000e+05
0.000000000000000000e+00
1.541710000000000000e+06
1.343026000000000000e+06
1.349391000000000000e+06
1.316903000000000000e+06
1.290879000000000000e+06
7.067870000000000000e+05
0.000000000000000000e+00
1.289338000000000000e+06
1.096049000000000000e+06
9.525420000000000000e+05
1.166291000000000000e+06
9.782300000000000000e+05
9.013020000000000000e+05
0.000000000000000000e+00
1.030397000000000000e+06
1.315906000000000000e+06
1.339285000000000000e+06
1.239382000000000000e+06
8.909830000000000000e+05
7.397350000000000000e+05
0.000000000000000000e+00
1.177520000000000000e+06
1.134902000000000000e+06
1.104221000000000000e+06
9.166810000000000000e+05
1.183618000000000000e+06
1.057146000000000000e+06
0.000000000000000000e+00
1.494970000000000000e+06
7.806970000000000000e+05
9.386220000000000000e+05
1.064766000000000000e+06
1.330335000000000000e+06
8.823190000000000000e+05
0.000000000000000000e+00
1.812497000000000000e+06
1.367840000000000000e+06
1.390537000000000000e+06
1.014099000000000000e+06
1.333705000000000000e+06
7.670950000000000000e+05
0.000000000000000000e+00
1.586188000000000000e+06
9.586370000000000000e+05
7.518080000000000000e+05
1.387305000000000000e+06
1.639270000000000000e+06
1.218421000000000000e+06
0.000000000000000000e+00
1.675105000000000000e+06
9.157770000000000000e+05
1.119082000000000000e+06
1.202712000000000000e+06
1.043142000000000000e+06
5.295860000000000000e+05
0.000000000000000000e+00
1.770466000000000000e+06
1.287478000000000000e+06
1.104944000000000000e+06
1.046511000000000000e+06
1.109853000000000000e+06
1.289590000000000000e+05
0.000000000000000000e+00
1.619837000000000000e+06
1.223651000000000000e+06
1.350615000000000000e+06
1.116832000000000000e+06
9.903930000000000000e+05
1.426082000000000000e+06
0.000000000000000000e+00
1.438196000000000000e+06
1.371922000000000000e+06
9.311060000000000000e+05
1.752850000000000000e+06
1.529114000000000000e+06
1.104609000000000000e+06
0.000000000000000000e+00
1.289016000000000000e+06
1.411603000000000000e+06
1.330109000000000000e+06
1.162016000000000000e+06
1.172785000000000000e+06
7.553420000000000000e+05
0.000000000000000000e+00
1.205073000000000000e+06
1.373679000000000000e+06
1.267566000000000000e+06
1.234993000000000000e+06
1.033921000000000000e+06
8.836960000000000000e+05
0.000000000000000000e+00
1.461106000000000000e+06
1.603736000000000000e+06
1.385779000000000000e+06
9.218510000000000000e+05
9.098080000000000000e+05
1.233698000000000000e+06
0.000000000000000000e+00
1.425164000000000000e+06
1.177089000000000000e+06
1.575104000000000000e+06
1.391996000000000000e+06
1.505486000000000000e+06
1.354746000000000000e+06
0.000000000000000000e+00
1.675568000000000000e+06
1.865875000000000000e+06
1.919024000000000000e+06
1.609235000000000000e+06
1.874083000000000000e+06
1.546003000000000000e+06
4.240000000000000000e+03
2.340632000000000000e+06
2.159123000000000000e+06
2.106713000000000000e+06
2.055638000000000000e+06
1.879252000000000000e+06
1.709385000000000000e+06
3.822200000000000000e+04
2.747517000000000000e+06
2.424372000000000000e+06
1.044460000000000000e+06
0.000000000000000000e+00
0.000000000000000000e+00
3.100000000000000000e+03
0.000000000000000000e+00
2.041913000000000000e+06
2.064572000000000000e+06
2.125159000000000000e+06
1.780581000000000000e+06
1.797498000000000000e+06
1.320397000000000000e+06
0.000000000000000000e+00
2.118146000000000000e+06
1.517659000000000000e+06
1.709003000000000000e+06
1.639045000000000000e+06
1.313006000000000000e+06
1.414341000000000000e+06
0.000000000000000000e+00
2.276917000000000000e+06
1.832871000000000000e+06
1.857939000000000000e+06
1.834545000000000000e+06
1.952413000000000000e+06
1.646096000000000000e+06
0.000000000000000000e+00
2.516679000000000000e+06
2.227419000000000000e+06
2.232571000000000000e+06
2.162726000000000000e+06
1.831902000000000000e+06
1.966851000000000000e+06
0.000000000000000000e+00
1.990357000000000000e+06
2.387531000000000000e+06
2.637847000000000000e+06
2.478830000000000000e+06
2.764125000000000000e+06
2.666316000000000000e+06
0.000000000000000000e+00
3.727871000000000000e+06
3.199628000000000000e+06
2.851949000000000000e+06
3.116015000000000000e+06
2.944189000000000000e+06
2.876230000000000000e+06
0.000000000000000000e+00
4.153990000000000000e+06
3.233918000000000000e+06
2.904214000000000000e+06
2.356842000000000000e+06
1.685436000000000000e+06
3.393324000000000000e+06
0.000000000000000000e+00
3.714614000000000000e+06
3.026354000000000000e+06
2.914334000000000000e+06
2.875530000000000000e+06
3.548578000000000000e+06
3.251663000000000000e+06
0.000000000000000000e+00
2.957662000000000000e+06
2.032260000000000000e+06
1.502955000000000000e+06
1.746480000000000000e+06
2.256312000000000000e+06
1.990951000000000000e+06
0.000000000000000000e+00
2.087983000000000000e+06
1.735392000000000000e+06
1.531859000000000000e+06
9.167320000000000000e+05
1.949041000000000000e+06
1.473961000000000000e+06
0.000000000000000000e+00
1.762261000000000000e+06
1.178207000000000000e+06
9.541490000000000000e+05
7.660180000000000000e+05
1.061685000000000000e+06
1.229240000000000000e+06
0.000000000000000000e+00
1.692355000000000000e+06
1.579182000000000000e+06
1.793082000000000000e+06
1.563691000000000000e+06
1.423346000000000000e+06
9.266750000000000000e+05
0.000000000000000000e+00
1.680000000000000000e+06
1.017671000000000000e+06
9.694670000000000000e+05
8.163140000000000000e+05
