0.000000000000000000e+00
4.382000000000000000e+04
5.178250000000000000e+05
3.516010000000000000e+05
3.775480000000000000e+05
3.619520000000000000e+05
1.685960000000000000e+05
0.000000000000000000e+00
3.592300000000000000e+05
3.622210000000000000e+05
3.586950000000000000e+05
3.737950000000000000e+05
4.358170000000000000e+05
2.420500000000000000e+05
0.000000000000000000e+00
4.248970000000000000e+05
3.952260000000000000e+05
3.788920000000000000e+05
4.292000000000000000e+05
4.480730000000000000e+05
2.576450000000000000e+05
0.000000000000000000e+00
4.060860000000000000e+05
4.652730000000000000e+05
0.000000000000000000e+00
0.000000000000000000e+00
0.000000000000000000e+00
0.000000000000000000e+00
0.000000000000000000e+00
0.000000000000000000e+00
0.000000000000000000e+00
3.602230000000000000e+05
5.105600000000000000e+05
4.782080000000000000e+05
3.329480000000000000e+05
0.000000000000000000e+00
3.954040000000000000e+05
3.172720000000000000e+05
3.860700000000000000e+05
3.649230000000000000e+05
2.869370000000000000e+05
1.405870000000000000e+05
0.000000000000000000e+00
2.525500000000000000e+05
4.054660000000000000e+05
4.087790000000000000e+05
4.425700000000000000e+05
3.659140000000000000e+05
1.575850000000000000e+05
0.000000000000000000e+00
4.996680000000000000e+05
3.725420000000000000e+05
2.217340000000000000e+05
3.033470000000000000e+05
2.593960000000000000e+05
2.640850000000000000e+05
0.000000000000000000e+00
4.400530000000000000e+05
4.453600000000000000e+05
4.810990000000000000e+05
4.051210000000000000e+05
3.581180000000000000e+05
2.769380000000000000e+05
0.000000000000000000e+00
5.298680000000000000e+05
3.734890000000000000e+05
3.914530000000000000e+05
3.035970000000000000e+05
3.221790000000000000e+05
2.820250000000000000e+05
0.000000000000000000e+00
4.693030000000000000e+05
4.504240000000000000e+05
2.704920000000000000e+05
4.057920000000000000e+05
4.682010000000000000e+05
2.590700000000000000e+05
0.000000000000000000e+00
4.042740000000000000e+05
4.875570000000000000e+05
2.452300000000000000e+05
1.905040000000000000e+05
3.198730000000000000e+05
1.477950000000000000e+05
0.000000000000000000e+00
4.097950000000000000e+05
2.885600000000000000e+05
3.404150000000000000e+05
3.097240000000000000e+05
3.825570000000000000e+05
3.154750000000000000e+05
0.000000000000000000e+00
3.367780000000000000e+05
3.958870000000000000e+05
3.126350000000000000e+05
3.176560000000000000e+05
2.218370000000000000e+05
1.267150000000000000e+05
0.000000000000000000e+00
4.702990000000000000e+05
3.769310000000000000e+05
2.907310000000000000e+05
3.444610000000000000e+05
3.895070000000000000e+05
1.926850000000000000e+05
0.000000000000000000e+00
6.508550000000000000e+05
4.421400000000000000e+05
3.277250000000000000e+05
4.549400000000000000e+05
3.163290000000000000e+05
1.580830000000000000e+05
0.000000000000000000e+00
4.561400000000000000e+05
4.514910000000000000e+05
3.906920000000000000e+05
3.084520000000000000e+05
4.195810000000000000e+05
9.455700000000000000e+04
0.000000000000000000e+00
5.123630000000000000e+05
4.864290000000000000e+05
4.418890000000000000e+05
2.889750000000000000e+05
2.768580000000000000e+05
1.410980000000000000e+05
0.000000000000000000e+00
3.649360000000000000e+05
5.138900000000000000e+05
3.476760000000000000e+05
3.757630000000000000e+05
4.698490000000000000e+05
1.655510000000000000e+05
0.000000000000000000e+00
5.829590000000000000e+05
3.929820000000000000e+05
4.614910000000000000e+05
3.380730000000000000e+05
3.380760000000000000e+05
1.442860000000000000e+05
0.000000000000000000e+00
4.807950000000000000e+05
3.891400000000000000e+05
4.518130000000000000e+05
3.195950000000000000e+05
3.738020000000000000e+05
1.470000000000000000e+05
0.000000000000000000e+00
4.464540000000000000e+05
2.711030000000000000e+05
4.769320000000000000e+05
5.072180000000000000e+05
2.894880000000000000e+05
1.415860000000000000e+05
0.000000000000000000e+00
4.690210000000000000e+05
3.268260000000000000e+05
3.482210000000000000e+05
3.135190000000000000e+05
3.599210000000000000e+05
1.902250000000000000e+05
0.000000000000000000e+00
4.568690000000000000e+05
4.429600000000000000e+05
3.711630000000000000e+05
2.973100000000000000e+05
3.396230000000000000e+05
1.892740000000000000e+05
0.000000000000000000e+00
5.176680000000000000e+05
3.142030000000000000e+05
3.828770000000000000e+05
2.695270000000000000e+05
3.234550000000000000e+05
1.968500000000000000e+05
0.000000000000000000e+00
3.935290000000000000e+05
3.529700000000000000e+05
3.016610000000000000e+05
2.692500000000000000e+05
3.598520000000000000e+05
2.142720000000000000e+05
0.000000000000000000e+00
3.415290000000000000e+05
3.128250000000000000e+05
2.724640000000000000e+05
2.529840000000000000e+05
2.912520000000000000e+05
1.027610000000000000e+05
0.000000000000000000e+00
4.626660000000000000e+05
3.263630000000000000e+05
2.645010000000000000e+05
3.286330000000000000e+05
3.291620000000000000e+05
9.527100000000000000e+04
0.000000000000000000e+00
4.959170000000000000e+05
2.698810000000000000e+05
2.928760000000000000e+05
3.217490000000000000e+05
3.162050000000000000e+05
7.494200000000000000e+04
0.000000000000000000e+00
4.213410000000000000e+05
3.635000000000000000e+05
2.471690000000000000e+05
2.300710000000000000e+05
2.905730000000000000e+05
9.989300000000000000e+04
0.000000000000000000e+00
4.742640000000000000e+05
5.387040000000000000e+05
2.417980000000000000e+05
2.969250000000000000e+05
1.733570000000000000e+05
4.228000000000000000e+04
0.000000000000000000e+00
3.379210000000000000e+05
3.807670000000000000e+05
2.548120000000000000e+05
3.414150000000000000e+05
2.740580000000000000e+05
1.197820000000000000e+05
0.000000000000000000e+00
3.533930000000000000e+05
3.076960000000000000e+05
2.973800000000000000e+05
4.880290000000000000e+05
3.702340000000000000e+05
1.136800000000000000e+05
0.000000000000000000e+00
3.546200000000000000e+05
4.143020000000000000e+05
3.477260000000000000e+05
3.216060000000000000e+05
3.305760000000000000e+05
1.299150000000000000e+05
0.000000000000000000e+00
3.194750000000000000e+05
3.152660000000000000e+05
3.089270000000000000e+05
4.266050000000000000e+05
3.741160000000000000e+05
9.786500000000000000e+04
0.000000000000000000e+00
3.949160000000000000e+05
4.092690000000000000e+05
3.059490000000000000e+05
3.257850000000000000e+05
3.045980000000000000e+05
1.955970000000000000e+05
0.000000000000000000e+00
3.584420000000000000e+05
3.462710000000000000e+05
3.237020000000000000e+05
2.911000000000000000e+05
4.038560000000000000e+05
2.033920000000000000e+05
0.000000000000000000e+00
4.300220000000000000e+05
4.746630000000000000e+05
4.726960000000000000e+05
3.653300000000000000e+05
4.701540000000000000e+05
2.044390000000000000e+05
1.960000000000000000e+03
4.629270000000000000e+05
4.369950000000000000e+05
4.172810000000000000e+05
4.137510000000000000e+05
4.251210000000000000e+05
2.533110000000000000e+05
1.778000000000000000e+04
3.931960000000000000e+05
1.309420000000000000e+05
0.000000000000000000e+00
0.000000000000000000e+00
0.000000000000000000e+00
4.972100000000000000e+04
0.000000000000000000e+00
3.887560000000000000e+05
4.387960000000000000e+05
3.909250000000000000e+05
3.323530000000000000e+05
3.448910000000000000e+05
1.488030000000000000e+05
0.000000000000000000e+00
3.736870000000000000e+05
4.887660000000000000e+05
4.318850000000000000e+05
3.300760000000000000e+05
4.598880000000000000e+05
1.575990000000000000e+05
0.000000000000000000e+00
5.299370000000000000e+05
4.007870000000000000e+05
3.803670000000000000e+05
3.624290000000000000e+05
2.852130000000000000e+05
1.313370000000000000e+05
0.000000000000000000e+00
3.977660000000000000e+05
4.274900000000000000e+05
3.174210000000000000e+05
4.081380000000000000e+05
3.262330000000000000e+05
2.065030000000000000e+05
0.000000000000000000e+00
3.842090000000000000e+05
3.154120000000000000e+05
3.398740000000000000e+05
2.854980000000000000e+05
3.779650000000000000e+05
1.658870000000000000e+05
0.000000000000000000e+00
4.015930000000000000e+05
3.524810000000000000e+05
3.600520000000000000e+05
3.609730000000000000e+05
4.180690000000000000e+05
1.516640000000000000e+05
0.000000000000000000e+00
3.784730000000000000e+05
4.125000000000000000e+05
2.983930000000000000e+05
4.451320000000000000e+05
2.849950000000000000e+05
2.064260000000000000e+05
0.000000000000000000e+00
4.281920000000000000e+05
3.864700000000000000e+05
3.012570000000000000e+05
4.422730000000000000e+05
3.307670000000000000e+05
2.339860000000000000e+05
0.000000000000000000e+00
4.269460000000000000e+05
4.012030000000000000e+05
3.745850000000000000e+05
2.566260000000000000e+05
2.722010000000000000e+05
2.550100000000000000e+05
0.000000000000000000e+00
3.043740000000000000e+05
3.027860000000000000e+05
2.718160000000000000e+05
2.136250000000000000e+05
2.940710000000000000e+05
2.266430000000000000e+05
0.000000000000000000e+00
4.201580000000000000e+05
4.096700000000000000e+05
3.445000000000000000e+05
5.996540000000000000e+05
4.160630000000000000e+05
3.123350000000000000e+05
0.000000000000000000e+00
4.033000000000000000e+05
2.938260000000000000e+05
3.104060000000000000e+05
2.650850000000000000e+05
4.946170000000000000e+05
1.466760000000000000e+05
0.000000000000000000e+00
0.000000000000000000e+00
8.657000000000000000e+04
4.187610000000000000e+05
4.238770000000000000e+05
4.281080000000000000e+05
2.519380000000000000e+05
0.000000000000000000e+00
3.956220000000000000e+05
3.117890000000000000e+05
2.441880000000000000e+05
2.521550000000000000e+05
1.808080000000000000e+05
1.157350000000000000e+05
0.000000000000000000e+00
2.054730000000000000e+05
2.448290000000000000e+05
4.135940000000000000e+05
3.336300000000000000e+05
3.336330000000000000e+05
4.209090000000000000e+05
0.000000000000000000e+00
6.354740000000000000e+05
4.312690000000000000e+05
4.164550000000000000e+05
3.197680000000000000e+05
2.615160000000000000e+05
1.489630000000000000e+05
0.000000000000000000e+00
2.967350000000000000e+05
3.600210000000000000e+05
4.200450000000000000e+05
4.843330000000000000e+05
4.138560000000000000e+05
3.981210000000000000e+05
0.000000000000000000e+00
4.709690000000000000e+05
3.353560000000000000e+05
2.598150000000000000e+05
2.845430000000000000e+05
3.520760000000000000e+05
2.332860000000000000e+05
0.000000000000000000e+00
5.144940000000000000e+05
5.974430000000000000e+05
4.155070000000000000e+05
3.124000000000000000e+04
0.000000000000000000e+00
0.000000000000000000e+00
0.000000000000000000e+00
2.525210000000000000e+05
5.443380000000000000e+05
5.200530000000000000e+05
3.805940000000000000e+05
3.766590000000000000e+05
3.002840000000000000e+05
0.000000000000000000e+00
4.322270000000000000e+05
2.660040000000000000e+05
3.249580000000000000e+05
3.192690000000000000e+05
2.978050000000000000e+05
2.727510000000000000e+05
0.000000000000000000e+00
7.648610000000000000e+05
3.616920000000000000e+05
2.682790000000000000e+05
4.121670000000000000e+05
3.318680000000000000e+05
2.241470000000000000e+05
0.000000000000000000e+00
5.909120000000000000e+05
4.823280000000000000e+05
4.370670000000000000e+05
3.113650000000000000e+05
3.447610000000000000e+05
2.116750000000000000e+05
0.000000000000000000e+00
4.474070000000000000e+05
4.033010000000000000e+05
2.816280000000000000e+05
2.279820000000000000e+05
1.926760000000000000e+05
2.067450000000000000e+05
0.000000000000000000e+00
5.213650000000000000e+05
4.556860000000000000e+05
4.287550000000000000e+05
3.789880000000000000e+05
3.847220000000000000e+05
3.171520000000000000e+05
0.000000000000000000e+00
5.072960000000000000e+05
3.955280000000000000e+05
3.050170000000000000e+05
3.100220000000000000e+05
2.977380000000000000e+05
1.553050000000000000e+05
0.000000000000000000e+00
3.931560000000000000e+05
3.536400000000000000e+05
3.301700000000000000e+05
3.365020000000000000e+05
3.578500000000000000e+05
1.683800000000000000e+05
0.000000000000000000e+00
3.460310000000000000e+05
4.390420000000000000e+05
4.059190000000000000e+05
3.339970000000000000e+05
3.477840000000000000e+05
1.331550000000000000e+05
0.000000000000000000e+00
2.575890000000000000e+05
2.547310000000000000e+05
3.014710000000000000e+05
3.466160000000000000e+05
3.307620000000000000e+05
1.693540000000000000e+05
0.000000000000000000e+00
4.405360000000000000e+05
4.011420000000000000e+05
2.916060000000000000e+05
2.854200000000000000e+05
3.307540000000000000e+05
1.700950000000000000e+05
0.000000000000000000e+00
3.894880000000000000e+05
3.298760000000000000e+05
3.459030000000000000e+05
3.707370000000000000e+05
3.272870000000000000e+05
2.106980000000000000e+05
0.000000000000000000e+00
3.823220000000000000e+05
3.868310000000000000e+05
3.788000000000000000e+05
4.753390000000000000e+05
3.593750000000000000e+05
1.216980000000000000e+05
0.000000000000000000e+00
4.689680000000000000e+05
3.604020000000000000e+05
3.071080000000000000e+05
3.493310000000000000e+05
3.584560000000000000e+05
1.678240000000000000e+05
0.000000000000000000e+00
4.287550000000000000e+05
3.401790000000000000e+05
2.692960000000000000e+05
4.198620000000000000e+05
4.561620000000000000e+05
1.180270000000000000e+05
0.000000000000000000e+00
4.256640000000000000e+05
3.731360000000000000e+05
2.833640000000000000e+05
2.944400000000000000e+05
2.910500000000000000e+05
1.487550000000000000e+05
0.000000000000000000e+00
3.188330000000000000e+05
3.835610000000000000e+05
3.220970000000000000e+05
2.932790000000000000e+05
3.273920000000000000e+05
1.477430000000000000e+05
0.000000000000000000e+00
5.774260000000000000e+05
3.602800000000000000e+05
4.021520000000000000e+05
3.218750000000000000e+05
3.510820000000000000e+05
1.296680000000000000e+05
0.000000000000000000e+00
3.886050000000000000e+05
3.409980000000000000e+05
2.905040000000000000e+05
2.974750000000000000e+05
3.200800000000000000e+05
2.028000000000000000e+05
0.000000000000000000e+00
3.268550000000000000e+05
3.763160000000000000e+05
2.199280000000000000e+05
3.189660000000000000e+05
3.304410000000000000e+05
1.361680000000000000e+05
0.000000000000000000e+00
4.032700000000000000e+05
3.261810000000000000e+05
3.512440000000000000e+05
3.037240000000000000e+05
2.639090000000000000e+05
1.318100000000000000e+05
0.000000000000000000e+00
3.137640000000000000e+05
4.243380000000000000e+05
3.120770000000000000e+05
2.480570000000000000e+05
2.356500000000000000e+05
1.166940000000000000e+05
0.000000000000000000e+00
3.278950000000000000e+05
2.786800000000000000e+05
2.176740000000000000e+05
1.644840000000000000e+05
2.962790000000000000e+05
1.130460000000000000e+05
0.000000000000000000e+00
2.818460000000000000e+05
3.824040000000000000e+05
3.490750000000000000e+05
4.007250000000000000e+05
2.361890000000000000e+05
2.231000000000000000e+04
0.000000000000000000e+00
2.354370000000000000e+05
2.974990000000000000e+05
3.473880000000000000e+05
2.382760000000000000e+05
2.733540000000000000e+05
1.445780000000000000e+05
0.000000000000000000e+00
3.267100000000000000e+05
2.750800000000000000e+05
2.387850000000000000e+05
2.387580000000000000e+05
3.523250000000000000e+05
0.000000000000000000e+00
0.000000000000000000e+00
3.847170000000000000e+05
3.498990000000000000e+05
2.459750000000000000e+05
3.058920000000000000e+05
2.321610000000000000e+05
1.040890000000000000e+05
0.000000000000000000e+00
2.878550000000000000e+05
2.710420000000000000e+05
2.803680000000000000e+05
3.061450000000000000e+05
2.838420000000000000e+05
1.717560000000000000e+05
0.000000000000000000e+00
3.236740000000000000e+05
3.521890000000000000e+05
3.232590000000000000e+05
3.498410000000000000e+05
2.868640000000000000e+05
1.357770000000000000e+05
0.000000000000000000e+00
4.284680000000000000e+05
3.554160000000000000e+05
3.121260000000000000e+05
3.166200000000000000e+05
3.754500000000000000e+05
1.898770000000000000e+05
2.380000000000000000e+03
4.251940000000000000e+05
5.136410000000000000e+05
4.256360000000000000e+05
4.059650000000000000e+05
4.676820000000000000e+05
1.614700000000000000e+05
5.820000000000000000e+03
0.000000000000000000e+00
0.000000000000000000e+00
0.000000000000000000e+00
2.144590000000000000e+05
4.332360000000000000e+05
2.579120000000000000e+05
0.000000000000000000e+00
5.131070000000000000e+05
5.298390000000000000e+05
3.810910000000000000e+05
3.101850000000000000e+05
2.668220000000000000e+05
9.322500000000000000e+04
0.000000000000000000e+00
4.102750000000000000e+05
3.248460000000000000e+05
2.563230000000000000e+05
3.105440000000000000e+05
2.930150000000000000e+05
1.364540000000000000e+05
0.000000000000000000e+00
3.990920000000000000e+05
3.273120000000000000e+05
4.042250000000000000e+05
2.732910000000000000e+05
3.004330000000000000e+05
1.718350000000000000e+05
0.000000000000000000e+00
3.642390000000000000e+05
4.488940000000000000e+05
3.037720000000000000e+05
2.698270000000000000e+05
3.312080000000000000e+05
9.861100000000000000e+04
0.000000000000000000e+00
3.268860000000000000e+05
3.292570000000000000e+05
4.333320000000000000e+05
3.776460000000000000e+05
3.169760000000000000e+05
1.897370000000000000e+05
0.000000000000000000e+00
4.600240000000000000e+05
3.626420000000000000e+05
4.466220000000000000e+05
2.378160000000000000e+05
1.748780000000000000e+05
1.240400000000000000e+05
0.000000000000000000e+00
4.232040000000000000e+05
3.574850000000000000e+05
2.832160000000000000e+05
3.280400000000000000e+05
3.139220000000000000e+05
2.804980000000000000e+05
0.000000000000000000e+00
3.946180000000000000e+05
3.559560000000000000e+05
2.775530000000000000e+05
3.392270000000000000e+05
3.084760000000000000e+05
2.052830000000000000e+05
0.000000000000000000e+00
3.394120000000000000e+05
4.106950000000000000e+05
2.626480000000000000e+05
3.705420000000000000e+05
4.282040000000000000e+05
3.013130000000000000e+05
0.000000000000000000e+00
3.074670000000000000e+05
3.360900000000000000e+05
2.910520000000000000e+05
3.393800000000000000e+05
3.601510000000000000e+05
2.133320000000000000e+05
0.000000000000000000e+00
4.649990000000000000e+05
4.049420000000000000e+05
3.400450000000000000e+05
3.046760000000000000e+05
2.781110000000000000e+05
1.938950000000000000e+05
0.000000000000000000e+00
5.087780000000000000e+05
3.633860000000000000e+05
3.472350000000000000e+05
3.787280000000000000e+05
4.205160000000000000e+05
1.766120000000000000e+05
0.000000000000000000e+00
3.957230000000000000e+05
3.305130000000000000e+05
3.548590000000000000e+05
4.131270000000000000e+05
3.282310000000000000e+05
2.242960000000000000e+05
0.000000000000000000e+00
3.408730000000000000e+05
0.000000000000000000e+00
2.623500000000000000e+04
3.089760000000000000e+05
3.734960000000000000e+05
2.979140000000000000e+05
0.000000000000000000e+00
5.572620000000000000e+05
5.374630000000000000e+05
4.125520000000000000e+05
3.682290000000000000e+05
3.291500000000000000e+05
2.202980000000000000e+05
0.000000000000000000e+00
3.055280000000000000e+05
2.983670000000000000e+05
4.194170000000000000e+05
6.966730000000000000e+05
4.596080000000000000e+05
2.858520000000000000e+05
0.000000000000000000e+00
4.370000000000000000e+05
3.732900000000000000e+05
4.776470000000000000e+05
4.834290000000000000e+05
5.034980000000000000e+05
3.473050000000000000e+05
5.000000000000000000e+02
6.954480000000000000e+05
4.451880000000000000e+05
4.387560000000000000e+05
4.443630000000000000e+05
4.764620000000000000e+05
2.021260000000000000e+05
0.000000000000000000e+00
3.540000000000000000e+04
0.000000000000000000e+00
0.000000000000000000e+00
2.029000000000000000e+03
2.855680000000000000e+05
3.286840000000000000e+05
0.000000000000000000e+00
5.439370000000000000e+05
4.700340000000000000e+05
5.259500000000000000e+05
4.157540000000000000e+05
4.297660000000000000e+05
2.810750000000000000e+05
0.000000000000000000e+00
5.341450000000000000e+05
3.959330000000000000e+05
2.930830000000000000e+05
1.885500000000000000e+05
3.888170000000000000e+05
3.276960000000000000e+05
0.000000000000000000e+00
4.710670000000000000e+05
4.315610000000000000e+05
3.454750000000000000e+05
6.797000000000000000e+05
2.914880000000000000e+05
2.218280000000000000e+05
0.000000000000000000e+00
3.776410000000000000e+05
3.784010000000000000e+05
2.566970000000000000e+05
4.314250000000000000e+05
2.754410000000000000e+05
4.211000000000000000e+05
0.000000000000000000e+00
5.824740000000000000e+05
4.716540000000000000e+05
3.736760000000000000e+05
4.476720000000000000e+05
4.843570000000000000e+05
3.180340000000000000e+05
0.000000000000000000e+00
4.598370000000000000e+05
3.811070000000000000e+05
3.494850000000000000e+05
3.089980000000000000e+05
3.712500000000000000e+05
2.675670000000000000e+05
0.000000000000000000e+00
4.190180000000000000e+05
3.810880000000000000e+05
3.419450000000000000e+05
2.152570000000000000e+05
2.435880000000000000e+05
2.347660000000000000e+05
0.000000000000000000e+00
4.397570000000000000e+05
4.046460000000000000e+05
3.409220000000000000e+05
3.788450000000000000e+05
3.896010000000000000e+05
1.318480000000000000e+05
0.000000000000000000e+00
4.059470000000000000e+05
2.714830000000000000e+05
3.042300000000000000e+05
3.311340000000000000e+05
3.259920000000000000e+05
1.712910000000000000e+05
0.000000000000000000e+00
4.477950000000000000e+05
3.589510000000000000e+05
4.717620000000000000e+05
2.982450000000000000e+05
3.156200000000000000e+05
1.596930000000000000e+05
0.000000000000000000e+00
4.065660000000000000e+05
3.260620000000000000e+05
2.735240000000000000e+05
3.097940000000000000e+05
3.128280000000000000e+05
2.186720000000000000e+05
0.000000000000000000e+00
4.097560000000000000e+05
4.605810000000000000e+05
4.114410000000000000e+05
4.650110000000000000e+05
3.718560000000000000e+05
1.871440000000000000e+05
0.000000000000000000e+00
4.381770000000000000e+05
3.517210000000000000e+05
4.032720000000000000e+05
3.368720000000000000e+05
3.075050000000000000e+05
1.700040000000000000e+05
0.000000000000000000e+00
3.525370000000000000e+05
3.822950000000000000e+05
3.043920000000000000e+05
3.281650000000000000e+05
4.415630000000000000e+05
1.516190000000000000e+05
0.000000000000000000e+00
3.753840000000000000e+05
3.328500000000000000e+05
3.285910000000000000e+05
3.996180000000000000e+05
3.314430000000000000e+05
1.804690000000000000e+05
0.000000000000000000e+00
4.209890000000000000e+05
2.890090000000000000e+05
3.624610000000000000e+05
3.124410000000000000e+05
4.757010000000000000e+05
1.839770000000000000e+05
0.000000000000000000e+00
4.506130000000000000e+05
3.601440000000000000e+05
4.136440000000000000e+05
5.005820000000000000e+05
2.823650000000000000e+05
1.477330000000000000e+05
0.000000000000000000e+00
3.295690000000000000e+05
3.780400000000000000e+05
3.410840000000000000e+05
3.381300000000000000e+05
3.397030000000000000e+05
1.714220000000000000e+05
0.000000000000000000e+00
5.173570000000000000e+05
3.908620000000000000e+05
5.212180000000000000e+05
3.812400000000000000e+05
3.923120000000000000e+05
1.292450000000000000e+05
0.000000000000000000e+00
3.876730000000000000e+05
4.183860000000000000e+05
3.948420000000000000e+05
3.068520000000000000e+05
3.820070000000000000e+05
1.491150000000000000e+05
0.000000000000000000e+00
3.867540000000000000e+05
3.237660000000000000e+05
4.210680000000000000e+05
3.347560000000000000e+05
2.809430000000000000e+05
1.199110000000000000e+05
0.000000000000000000e+00
3.491910000000000000e+05
4.139590000000000000e+05
3.884300000000000000e+05
2.484990000000000000e+05
2.958200000000000000e+05
1.662660000000000000e+05
0.000000000000000000e+00
3.934040000000000000e+05
3.882030000000000000e+05
3.326050000000000000e+05
2.656290000000000000e+05
3.151410000000000000e+05
1.222560000000000000e+05
0.000000000000000000e+00
4.329800000000000000e+05
3.967320000000000000e+05
3.522460000000000000e+05
2.342410000000000000e+05
2.543730000000000000e+05
1.226190000000000000e+05
0.000000000000000000e+00
3.479510000000000000e+05
2.888220000000000000e+05
4.290580000000000000e+05
3.766570000000000000e+05
2.461370000000000000e+05
1.365900000000000000e+04
0.000000000000000000e+00
3.280490000000000000e+05
3.910480000000000000e+05
2.883150000000000000e+05
3.218230000000000000e+05
2.742540000000000000e+05
1.627530000000000000e+05
0.000000000000000000e+00
4.209320000000000000e+05
2.920520000000000000e+05
3.367690000000000000e+05
2.430270000000000000e+05
2.954020000000000000e+05
1.661600000000000000e+05
0.000000000000000000e+00
4.736340000000000000e+05
3.201520000000000000e+05
2.994110000000000000e+05
3.112570000000000000e+05
3.225570000000000000e+05
1.627050000000000000e+05
0.000000000000000000e+00
5.027340000000000000e+05
4.691480000000000000e+05
4.600230000000000000e+05
3.767640000000000000e+05
2.783120000000000000e+05
1.639540000000000000e+05
0.000000000000000000e+00
5.503890000000000000e+05
5.144030000000000000e+05
4.430840000000000000e+05
3.633440000000000000e+05
4.951710000000000000e+05
2.519880000000000000e+05
0.000000000000000000e+00
5.010810000000000000e+05
5.345970000000000000e+05
4.176510000000000000e+05
3.543000000000000000e+04
0.000000000000000000e+00
0.000000000000000000e+00
0.000000000000000000e+00
2.998090000000000000e+05
5.119550000000000000e+05
4.017830000000000000e+05
4.333550000000000000e+05
4.165900000000000000e+05
2.392670000000000000e+05
0.000000000000000000e+00
2.907360000000000000e+05
4.275860000000000000e+05
3.822640000000000000e+05
3.291580000000000000e+05
4.247390000000000000e+05
2.265560000000000000e+05
0.000000000000000000e+00
5.520390000000000000e+05
5.607360000000000000e+05
3.631220000000000000e+05
2.584710000000000000e+05
2.324710000000000000e+05
2.021210000000000000e+05
0.000000000000000000e+00
3.935750000000000000e+05
3.946800000000000000e+05
4.102350000000000000e+05
3.154680000000000000e+05
4.106120000000000000e+05
1.432090000000000000e+05
0.000000000000000000e+00
3.743660000000000000e+05
3.700770000000000000e+05
3.659900000000000000e+05
4.117000000000000000e+05
3.288280000000000000e+05
1.639320000000000000e+05
0.000000000000000000e+00
4.070690000000000000e+05
3.902570000000000000e+05
3.645870000000000000e+05
5.161370000000000000e+05
3.038510000000000000e+05
1.371270000000000000e+05
0.000000000000000000e+00
4.469030000000000000e+05
3.675870000000000000e+05
2.425960000000000000e+05
3.552680000000000000e+05
3.922040000000000000e+05
1.809720000000000000e+05
0.000000000000000000e+00
3.998500000000000000e+05
3.654140000000000000e+05
3.607070000000000000e+05
2.687380000000000000e+05
3.117870000000000000e+05
1.780880000000000000e+05
0.000000000000000000e+00
3.731730000000000000e+05
2.915890000000000000e+05
2.778590000000000000e+05
3.348080000000000000e+05
2.877590000000000000e+05
1.796590000000000000e+05
0.000000000000000000e+00
3.919900000000000000e+05
2.736590000000000000e+05
3.688410000000000000e+05
2.852860000000000000e+05
3.572770000000000000e+05
1.817110000000000000e+05
0.000000000000000000e+00
3.282990000000000000e+05
3.401340000000000000e+05
2.882080000000000000e+05
3.428020000000000000e+05
3.258820000000000000e+05
1.483940000000000000e+05
0.000000000000000000e+00
3.257360000000000000e+05
3.282110000000000000e+05
3.136880000000000000e+05
3.769380000000000000e+05
2.991200000000000000e+05
1.881190000000000000e+05
0.000000000000000000e+00
3.215400000000000000e+05
3.313170000000000000e+05
3.145020000000000000e+05
2.901210000000000000e+05
3.650930000000000000e+05
1.898720000000000000e+05
0.000000000000000000e+00
3.518930000000000000e+05
3.272380000000000000e+05
2.926000000000000000e+05
2.911960000000000000e+05
2.839860000000000000e+05
2.320820000000000000e+05
0.000000000000000000e+00
4.623480000000000000e+05
2.744580000000000000e+05
3.480390000000000000e+05
2.833780000000000000e+05
3.005220000000000000e+05
1.503590000000000000e+05
0.000000000000000000e+00
3.975410000000000000e+05
2.267340000000000000e+05
0.000000000000000000e+00
1.577600000000000000e+04
4.999380000000000000e+05
3.603250000000000000e+05
0.000000000000000000e+00
5.537520000000000000e+05
4.732900000000000000e+05
4.215520000000000000e+05
3.690870000000000000e+05
3.323000000000000000e+05
2.633570000000000000e+05
0.000000000000000000e+00
5.779630000000000000e+05
4.048700000000000000e+05
4.902780000000000000e+05
3.738860000000000000e+05
4.605470000000000000e+05
3.191990000000000000e+05
2.700000000000000000e+03
5.995780000000000000e+05
5.015200000000000000e+05
4.095650000000000000e+05
2.870280000000000000e+05
3.357000000000000000e+04
0.000000000000000000e+00
0.000000000000000000e+00
0.000000000000000000e+00
1.855850000000000000e+05
2.617860000000000000e+05
2.379180000000000000e+05
2.823910000000000000e+05
3.280060000000000000e+05
0.000000000000000000e+00
5.969300000000000000e+05
5.048670000000000000e+05
4.759030000000000000e+05
3.598120000000000000e+05
3.317090000000000000e+05
1.811700000000000000e+05
0.000000000000000000e+00
4.147460000000000000e+05
3.111670000000000000e+05
3.823850000000000000e+05
3.026640000000000000e+05
3.450130000000000000e+05
2.035740000000000000e+05
0.000000000000000000e+00
3.389200000000000000e+05
1.842780000000000000e+05
1.801470000000000000e+05
3.110000000000000000e+05
3.013990000000000000e+05
2.689780000000000000e+05
0.000000000000000000e+00
4.105870000000000000e+05
3.834830000000000000e+05
4.017320000000000000e+05
2.522690000000000000e+05
3.067000000000000000e+05
2.767500000000000000e+05
0.000000000000000000e+00
4.219510000000000000e+05
3.086340000000000000e+05
4.154520000000000000e+05
3.355610000000000000e+05
3.313970000000000000e+05
2.544400000000000000e+05
0.000000000000000000e+00
3.473470000000000000e+05
3.620380000000000000e+05
2.548460000000000000e+05
2.530640000000000000e+05
3.365200000000000000e+05
3.086460000000000000e+05
0.000000000000000000e+00
4.930850000000000000e+05
3.987090000000000000e+05
2.697850000000000000e+05
2.979210000000000000e+05
2.852750000000000000e+05
2.138360000000000000e+05
0.000000000000000000e+00
3.363150000000000000e+05
3.091060000000000000e+05
3.010690000000000000e+05
2.603540000000000000e+05
2.829820000000000000e+05
1.642080000000000000e+05
0.000000000000000000e+00
3.986520000000000000e+05
3.595040000000000000e+05
3.710670000000000000e+05
3.417950000000000000e+05
3.721130000000000000e+05
1.994760000000000000e+05
0.000000000000000000e+00
3.928310000000000000e+05
3.801650000000000000e+05
4.578320000000000000e+05
3.429460000000000000e+05
3.958550000000000000e+05
1.423160000000000000e+05
0.000000000000000000e+00
4.331340000000000000e+05
3.478220000000000000e+05
3.336250000000000000e+05
3.035710000000000000e+05
2.292000000000000000e+05
1.334990000000000000e+05
0.000000000000000000e+00
4.463330000000000000e+05
3.216710000000000000e+05
4.580480000000000000e+05
3.715070000000000000e+05
2.945060000000000000e+05
1.869470000000000000e+05
0.000000000000000000e+00
5.391890000000000000e+05
5.119590000000000000e+05
3.779930000000000000e+05
3.443180000000000000e+05
2.919130000000000000e+05
1.500100000000000000e+05
0.000000000000000000e+00
5.201960000000000000e+05
4.505460000000000000e+05
4.299310000000000000e+05
4.038610000000000000e+05
2.580350000000000000e+05
1.446060000000000000e+05
0.000000000000000000e+00
3.805850000000000000e+05
4.261900000000000000e+05
3.670960000000000000e+05
3.933420000000000000e+05
3.114580000000000000e+05
2.137380000000000000e+05
0.000000000000000000e+00
3.637580000000000000e+05
4.385650000000000000e+05
3.125560000000000000e+05
3.213710000000000000e+05
3.625860000000000000e+05
1.803900000000000000e+05
0.000000000000000000e+00
3.984200000000000000e+05
4.587050000000000000e+05
4.330490000000000000e+05
3.476940000000000000e+05
4.125960000000000000e+05
1.470130000000000000e+05
0.000000000000000000e+00
4.794800000000000000e+05
3.883150000000000000e+05
3.357650000000000000e+05
3.086060000000000000e+05
4.592610000000000000e+05
1.630450000000000000e+05
0.000000000000000000e+00
4.853190000000000000e+05
3.657160000000000000e+05
2.214680000000000000e+05
4.255980000000000000e+05
3.594130000000000000e+05
1.695860000000000000e+05
0.000000000000000000e+00
2.834860000000000000e+05
3.922320000000000000e+05
2.673410000000000000e+05
3.706390000000000000e+05
2.731420000000000000e+05
1.438810000000000000e+05
0.000000000000000000e+00
4.043590000000000000e+05
3.117010000000000000e+05
3.418340000000000000e+05
2.474030000000000000e+05
3.046220000000000000e+05
1.593810000000000000e+05
0.000000000000000000e+00
3.631160000000000000e+05
3.183940000000000000e+05
3.217470000000000000e+05
3.402270000000000000e+05
3.175100000000000000e+05
1.651940000000000000e+05
0.000000000000000000e+00
5.190020000000000000e+05
3.048270000000000000e+05
3.305470000000000000e+05
2.588400000000000000e+05
3.193070000000000000e+05
1.185700000000000000e+05
0.000000000000000000e+00
3.946530000000000000e+05
2.713050000000000000e+05
3.379360000000000000e+05
3.511330000000000000e+05
3.288410000000000000e+05
1.364510000000000000e+05
0.000000000000000000e+00
4.154320000000000000e+05
2.928800000000000000e+05
2.562460000000000000e+05
1.915310000000000000e+05
2.591010000000000000e+05
9.731900000000000000e+04
0.000000000000000000e+00
4.015210000000000000e+05
3.246220000000000000e+05
3.000180000000000000e+05
2.838430000000000000e+05
2.815010000000000000e+05
3.846000000000000000e+04
0.000000000000000000e+00
4.329700000000000000e+05
2.757160000000000000e+05
2.900760000000000000e+05
2.214560000000000000e+05
2.875600000000000000e+05
1.518280000000000000e+05
0.000000000000000000e+00
3.694150000000000000e+05
3.035980000000000000e+05
2.591580000000000000e+05
3.007050000000000000e+05
3.036110000000000000e+05
1.440710000000000000e+05
0.000000000000000000e+00
4.292880000000000000e+05
3.489940000000000000e+05
2.669140000000000000e+05
2.656190000000000000e+05
2.769820000000000000e+05
1.289590000000000000e+05
0.000000000000000000e+00
3.462930000000000000e+05
3.125760000000000000e+05
3.432270000000000000e+05
2.391240000000000000e+05
2.245150000000000000e+05
1.272200000000000000e+05
0.000000000000000000e+00
3.045910000000000000e+05
3.159480000000000000e+05
3.737050000000000000e+05
3.149430000000000000e+05
2.592820000000000000e+05
1.824990000000000000e+05
0.000000000000000000e+00
3.145540000000000000e+05
2.615850000000000000e+05
2.973680000000000000e+05
3.937830000000000000e+05
2.811950000000000000e+05
1.978970000000000000e+05
0.000000000000000000e+00
3.563820000000000000e+05
3.518020000000000000e+05
4.083990000000000000e+05
3.660910000000000000e+05
3.838740000000000000e+05
1.258820000000000000e+05
0.000000000000000000e+00
5.022300000000000000e+05
4.644110000000000000e+05
4.082980000000000000e+05
4.232330000000000000e+05
4.005270000000000000e+05
1.870760000000000000e+05
6.000000000000000000e+01
4.220130000000000000e+05
3.829080000000000000e+05
7.189300000000000000e+04
0.000000000000000000e+00
0.000000000000000000e+00
0.000000000000000000e+00
0.000000000000000000e+00
4.373930000000000000e+05
4.670380000000000000e+05
4.109540000000000000e+05
3.776960000000000000e+05
2.856900000000000000e+05
1.471100000000000000e+05
0.000000000000000000e+00
4.043090000000000000e+05
2.823320000000000000e+05
4.639010000000000000e+05
3.131640000000000000e+05
2.368730000000000000e+05
1.328960000000000000e+05
0.000000000000000000e+00
3.907910000000000000e+05
3.730860000000000000e+05
3.614160000000000000e+05
4.729110000000000000e+05
3.283680000000000000e+05
1.548550000000000000e+05
0.000000000000000000e+00
5.074340000000000000e+05
3.626140000000000000e+05
3.300500000000000000e+05
3.286310000000000000e+05
2.818360000000000000e+05
1.179410000000000000e+05
0.000000000000000000e+00
5.045420000000000000e+05
3.956980000000000000e+05
4.359390000000000000e+05
4.380410000000000000e+05
4.058290000000000000e+05
2.187090000000000000e+05
0.000000000000000000e+00
4.943530000000000000e+05
4.615460000000000000e+05
4.538950000000000000e+05
3.897810000000000000e+05
3.201820000000000000e+05
1.851930000000000000e+05
0.000000000000000000e+00
4.646170000000000000e+05
4.933200000000000000e+05
3.564750000000000000e+05
2.672660000000000000e+05
2.521730000000000000e+05
1.563970000000000000e+05
0.000000000000000000e+00
4.447630000000000000e+05
3.813450000000000000e+05
4.191480000000000000e+05
3.650490000000000000e+05
4.133630000000000000e+05
2.560200000000000000e+05
0.000000000000000000e+00
5.825840000000000000e+05
5.102270000000000000e+05
4.458980000000000000e+05
3.823120000000000000e+05
4.119680000000000000e+05
2.862730000000000000e+05
0.000000000000000000e+00
5.261050000000000000e+05
4.379550000000000000e+05
3.125970000000000000e+05
3.488980000000000000e+05
3.101140000000000000e+05
2.494130000000000000e+05
0.000000000000000000e+00
4.804930000000000000e+05
3.296490000000000000e+05
2.643980000000000000e+05
2.206860000000000000e+05
2.858990000000000000e+05
2.611230000000000000e+05
0.000000000000000000e+00
5.833810000000000000e+05
4.734000000000000000e+05
3.696060000000000000e+05
3.492870000000000000e+05
3.041140000000000000e+05
1.618310000000000000e+05
0.000000000000000000e+00
4.494620000000000000e+05
2.940350000000000000e+05
2.758540000000000000e+05
2.926830000000000000e+05
