0.000000000000000000e+00
2.244400000000000000e+05
1.328244000000000000e+06
1.513800000000000000e+06
1.729450000000000000e+06
1.987887000000000000e+06
1.386797000000000000e+06
0.000000000000000000e+00
2.458086000000000000e+06
2.236604000000000000e+06
2.392615000000000000e+06
2.201752000000000000e+06
2.832038000000000000e+06
2.097978000000000000e+06
0.000000000000000000e+00
3.742161000000000000e+06
3.408540000000000000e+06
3.184202000000000000e+06
2.865462000000000000e+06
2.504510000000000000e+06
1.493770000000000000e+06
4.374000000000000000e+04
1.965251000000000000e+06
1.113586000000000000e+06
0.000000000000000000e+00
0.000000000000000000e+00
0.000000000000000000e+00
0.000000000000000000e+00
0.000000000000000000e+00
0.000000000000000000e+00
0.000000000000000000e+00
1.939670000000000000e+05
3.265930000000000000e+05
5.283770000000000000e+05
4.595490000000000000e+05
0.000000000000000000e+00
8.612270000000000000e+05
7.762460000000000000e+05
1.003800000000000000e+06
1.090321000000000000e+06
9.290040000000000000e+05
4.317830000000000000e+05
0.000000000000000000e+00
8.748260000000000000e+05
7.418620000000000000e+05
8.742130000000000000e+05
9.914870000000000000e+05
8.872750000000000000e+05
4.194790000000000000e+05
0.000000000000000000e+00
1.070634000000000000e+06
9.527060000000000000e+05
9.024050000000000000e+05
7.038200000000000000e+05
1.061693000000000000e+06
4.645550000000000000e+05
0.000000000000000000e+00
9.089320000000000000e+05
9.074300000000000000e+05
7.662940000000000000e+05
9.972530000000000000e+05
1.061631000000000000e+06
6.419400000000000000e+05
0.000000000000000000e+00
1.311746000000000000e+06
1.105807000000000000e+06
1.064753000000000000e+06
1.091817000000000000e+06
1.382366000000000000e+06
5.672210000000000000e+05
0.000000000000000000e+00
1.198936000000000000e+06
1.036597000000000000e+06
9.418560000000000000e+05
1.069630000000000000e+06
1.006941000000000000e+06
4.325760000000000000e+05
0.000000000000000000e+00
1.105598000000000000e+06
9.112260000000000000e+05
8.944470000000000000e+05
9.508890000000000000e+05
9.860690000000000000e+05
4.155080000000000000e+05
0.000000000000000000e+00
9.072040000000000000e+05
9.428650000000000000e+05
9.079400000000000000e+05
7.871920000000000000e+05
1.044482000000000000e+06
3.131680000000000000e+05
0.000000000000000000e+00
1.118811000000000000e+06
8.772450000000000000e+05
8.588080000000000000e+05
5.768340000000000000e+05
8.243990000000000000e+05
3.713230000000000000e+05
0.000000000000000000e+00
1.147257000000000000e+06
1.120216000000000000e+06
9.274940000000000000e+05
9.155420000000000000e+05
8.846540000000000000e+05
3.420180000000000000e+05
0.000000000000000000e+00
9.688910000000000000e+05
6.925940000000000000e+05
8.471160000000000000e+05
8.639870000000000000e+05
9.948110000000000000e+05
3.319220000000000000e+05
0.000000000000000000e+00
1.151779000000000000e+06
8.766100000000000000e+05
8.640520000000000000e+05
1.058007000000000000e+06
1.063275000000000000e+06
4.989330000000000000e+05
0.000000000000000000e+00
9.445130000000000000e+05
8.712000000000000000e+05
3.915420000000000000e+05
4.293670000000000000e+05
3.479940000000000000e+05
1.421950000000000000e+05
0.000000000000000000e+00
6.749390000000000000e+05
4.292700000000000000e+05
6.931560000000000000e+05
6.743230000000000000e+05
7.511010000000000000e+05
2.791780000000000000e+05
0.000000000000000000e+00
9.106450000000000000e+05
6.311030000000000000e+05
5.720810000000000000e+05
5.209360000000000000e+05
5.853280000000000000e+05
2.373860000000000000e+05
0.000000000000000000e+00
8.250300000000000000e+05
6.175950000000000000e+05
5.787630000000000000e+05
6.672700000000000000e+05
6.748130000000000000e+05
2.022720000000000000e+05
0.000000000000000000e+00
7.081750000000000000e+05
4.289520000000000000e+05
5.949370000000000000e+05
5.758700000000000000e+05
6.779750000000000000e+05
2.043350000000000000e+05
0.000000000000000000e+00
7.526220000000000000e+05
5.490710000000000000e+05
4.589030000000000000e+05
6.622810000000000000e+05
7.575810000000000000e+05
2.038180000000000000e+05
0.000000000000000000e+00
7.156290000000000000e+05
5.189720000000000000e+05
4.738780000000000000e+05
5.124610000000000000e+05
5.114000000000000000e+05
1.851460000000000000e+05
0.000000000000000000e+00
6.442950000000000000e+05
4.246640000000000000e+05
5.080400000000000000e+05
4.724830000000000000e+05
4.459600000000000000e+05
1.402020000000000000e+05
0.000000000000000000e+00
4.295210000000000000e+05
4.229750000000000000e+05
3.317790000000000000e+05
3.081010000000000000e+05
6.684140000000000000e+05
9.919900000000000000e+04
0.000000000000000000e+00
4.187950000000000000e+05
2.558680000000000000e+05
2.874930000000000000e+05
3.517420000000000000e+05
3.455620000000000000e+05
9.643500000000000000e+04
0.000000000000000000e+00
3.877870000000000000e+05
3.074860000000000000e+05
4.151580000000000000e+05
3.205460000000000000e+05
3.202370000000000000e+05
1.114060000000000000e+05
0.000000000000000000e+00
4.218910000000000000e+05
4.056150000000000000e+05
4.501540000000000000e+05
5.032370000000000000e+05
4.985800000000000000e+05
1.975040000000000000e+05
0.000000000000000000e+00
5.351590000000000000e+05
4.206020000000000000e+05
4.015370000000000000e+05
5.255660000000000000e+05
5.282490000000000000e+05
2.917600000000000000e+05
0.000000000000000000e+00
6.320860000000000000e+05
3.513770000000000000e+05
3.552860000000000000e+05
4.973680000000000000e+05
5.314680000000000000e+05
1.596770000000000000e+05
0.000000000000000000e+00
7.874370000000000000e+05
5.307670000000000000e+05
5.078780000000000000e+05
3.931590000000000000e+05
3.408750000000000000e+05
2.681750000000000000e+05
0.000000000000000000e+00
6.728350000000000000e+05
3.722490000000000000e+05
4.340300000000000000e+05
5.462600000000000000e+05
6.478870000000000000e+05
4.945130000000000000e+05
0.000000000000000000e+00
8.549930000000000000e+05
5.693340000000000000e+05
6.582170000000000000e+05
7.190340000000000000e+05
8.041760000000000000e+05
6.669440000000000000e+05
0.000000000000000000e+00
1.374933000000000000e+06
1.220870000000000000e+06
1.424145000000000000e+06
1.476723000000000000e+06
1.891765000000000000e+06
1.553639000000000000e+06
0.000000000000000000e+00
2.443116000000000000e+06
1.946442000000000000e+06
1.826001000000000000e+06
1.768918000000000000e+06
1.555124000000000000e+06
1.368637000000000000e+06
0.000000000000000000e+00
2.160428000000000000e+06
1.586299000000000000e+06
1.628263000000000000e+06
1.642755000000000000e+06
2.045384000000000000e+06
1.665854000000000000e+06
0.000000000000000000e+00
2.936084000000000000e+06
2.717550000000000000e+06
2.716136000000000000e+06
2.977577000000000000e+06
2.987233000000000000e+06
2.929095000000000000e+06
1.040000000000000000e+04
3.845095000000000000e+06
3.166443000000000000e+06
2.837056000000000000e+06
2.261369000000000000e+06
1.693272000000000000e+06
1.667719000000000000e+06
1.132480000000000000e+05
9.047880000000000000e+05
4.933500000000000000e+04
0.000000000000000000e+00
0.000000000000000000e+00
0.000000000000000000e+00
4.791600000000000000e+04
0.000000000000000000e+00
1.147995000000000000e+06
1.158889000000000000e+06
1.327961000000000000e+06
1.344403000000000000e+06
1.114004000000000000e+06
9.898090000000000000e+05
0.000000000000000000e+00
1.654353000000000000e+06
1.423647000000000000e+06
1.390503000000000000e+06
1.306884000000000000e+06
1.348262000000000000e+06
8.771200000000000000e+05
0.000000000000000000e+00
1.721532000000000000e+06
1.391746000000000000e+06
1.451671000000000000e+06
1.434523000000000000e+06
1.555644000000000000e+06
1.137678000000000000e+06
0.000000000000000000e+00
1.900100000000000000e+06
1.551729000000000000e+06
1.728493000000000000e+06
1.575913000000000000e+06
1.617355000000000000e+06
1.291097000000000000e+06
0.000000000000000000e+00
1.938151000000000000e+06
1.596315000000000000e+06
1.533462000000000000e+06
1.777377000000000000e+06
1.602417000000000000e+06
1.189537000000000000e+06
0.000000000000000000e+00
1.760885000000000000e+06
1.495874000000000000e+06
1.552077000000000000e+06
1.390790000000000000e+06
1.457070000000000000e+06
1.109779000000000000e+06
0.000000000000000000e+00
1.647519000000000000e+06
1.394920000000000000e+06
1.439969000000000000e+06
1.367261000000000000e+06
1.339021000000000000e+06
8.305500000000000000e+05
0.000000000000000000e+00
1.583324000000000000e+06
1.178236000000000000e+06
1.138998000000000000e+06
1.185264000000000000e+06
9.978480000000000000e+05
6.172820000000000000e+05
0.000000000000000000e+00
1.239892000000000000e+06
1.081595000000000000e+06
9.737850000000000000e+05
1.029567000000000000e+06
1.085640000000000000e+06
6.568570000000000000e+05
0.000000000000000000e+00
1.385695000000000000e+06
8.728400000000000000e+05
7.320360000000000000e+05
8.092920000000000000e+05
1.095075000000000000e+06
5.708320000000000000e+05
0.000000000000000000e+00
1.155862000000000000e+06
9.925250000000000000e+05
1.117434000000000000e+06
1.225138000000000000e+06
1.398933000000000000e+06
7.114060000000000000e+05
0.000000000000000000e+00
8.371970000000000000e+05
9.935980000000000000e+05
1.010687000000000000e+06
8.876720000000000000e+05
1.002908000000000000e+06
4.159680000000000000e+05
0.000000000000000000e+00
0.000000000000000000e+00
2.488160000000000000e+05
1.197428000000000000e+06
1.043961000000000000e+06
1.158992000000000000e+06
6.737510000000000000e+05
0.000000000000000000e+00
1.597519000000000000e+06
1.145847000000000000e+06
1.046733000000000000e+06
7.961420000000000000e+05
9.112510000000000000e+05
4.629620000000000000e+05
0.000000000000000000e+00
1.689480000000000000e+06
1.458753000000000000e+06
1.572726000000000000e+06
1.593305000000000000e+06
1.764269000000000000e+06
9.901320000000000000e+05
0.000000000000000000e+00
2.228499000000000000e+06
1.437809000000000000e+06
1.077551000000000000e+06
7.109960000000000000e+05
7.463290000000000000e+05
4.348540000000000000e+05
0.000000000000000000e+00
1.818027000000000000e+06
1.300341000000000000e+06
1.975533000000000000e+06
2.568898000000000000e+06
3.140598000000000000e+06
2.613108000000000000e+06
1.200000000000000000e+03
3.613779000000000000e+06
2.672368000000000000e+06
2.532155000000000000e+06
3.076362000000000000e+06
3.010590000000000000e+06
2.283940000000000000e+06
3.774500000000000000e+04
1.971330000000000000e+06
8.305820000000000000e+05
3.287430000000000000e+05
4.736000000000000000e+03
0.000000000000000000e+00
0.000000000000000000e+00
0.000000000000000000e+00
8.316600000000000000e+04
2.173920000000000000e+05
4.027220000000000000e+05
4.499000000000000000e+05
5.879910000000000000e+05
3.036410000000000000e+05
0.000000000000000000e+00
1.005665000000000000e+06
7.741310000000000000e+05
8.178840000000000000e+05
5.946620000000000000e+05
7.695740000000000000e+05
3.372280000000000000e+05
0.000000000000000000e+00
1.032662000000000000e+06
7.804260000000000000e+05
1.035498000000000000e+06
8.655120000000000000e+05
6.687340000000000000e+05
4.857860000000000000e+05
0.000000000000000000e+00
1.314940000000000000e+06
9.441210000000000000e+05
9.354240000000000000e+05
9.315640000000000000e+05
8.857540000000000000e+05
4.691640000000000000e+05
0.000000000000000000e+00
1.108371000000000000e+06
7.676860000000000000e+05
9.521890000000000000e+05
6.879700000000000000e+05
1.116754000000000000e+06
4.506480000000000000e+05
0.000000000000000000e+00
1.252688000000000000e+06
8.770990000000000000e+05
9.846410000000000000e+05
9.212460000000000000e+05
9.598330000000000000e+05
4.229890000000000000e+05
0.000000000000000000e+00
1.265829000000000000e+06
1.039299000000000000e+06
1.234674000000000000e+06
6.783470000000000000e+05
8.496440000000000000e+05
4.836630000000000000e+05
0.000000000000000000e+00
1.214357000000000000e+06
1.053172000000000000e+06
1.214037000000000000e+06
1.041580000000000000e+06
1.120708000000000000e+06
3.246290000000000000e+05
0.000000000000000000e+00
1.313826000000000000e+06
1.023527000000000000e+06
9.404730000000000000e+05
9.009380000000000000e+05
1.085066000000000000e+06
4.224150000000000000e+05
0.000000000000000000e+00
1.065818000000000000e+06
7.207270000000000000e+05
1.170427000000000000e+06
9.863960000000000000e+05
1.038760000000000000e+06
3.713670000000000000e+05
0.000000000000000000e+00
1.055291000000000000e+06
9.782880000000000000e+05
8.189340000000000000e+05
1.001013000000000000e+06
1.115755000000000000e+06
4.279560000000000000e+05
0.000000000000000000e+00
8.101930000000000000e+05
8.917650000000000000e+05
8.452080000000000000e+05
9.626280000000000000e+05
1.054766000000000000e+06
3.957770000000000000e+05
0.000000000000000000e+00
1.302139000000000000e+06
9.552270000000000000e+05
9.028100000000000000e+05
8.586230000000000000e+05
8.508620000000000000e+05
4.853250000000000000e+05
0.000000000000000000e+00
1.027729000000000000e+06
4.030460000000000000e+05
5.557070000000000000e+05
7.067260000000000000e+05
8.045400000000000000e+05
2.915460000000000000e+05
0.000000000000000000e+00
8.686810000000000000e+05
6.672760000000000000e+05
7.021050000000000000e+05
6.986590000000000000e+05
7.662220000000000000e+05
3.241370000000000000e+05
0.000000000000000000e+00
1.048965000000000000e+06
7.583570000000000000e+05
7.275500000000000000e+05
7.255400000000000000e+05
9.568900000000000000e+05
2.735000000000000000e+05
0.000000000000000000e+00
8.572410000000000000e+05
8.229600000000000000e+05
5.542880000000000000e+05
6.710880000000000000e+05
8.048750000000000000e+05
2.733350000000000000e+05
0.000000000000000000e+00
8.865630000000000000e+05
7.468990000000000000e+05
7.376560000000000000e+05
7.442610000000000000e+05
7.539820000000000000e+05
2.582100000000000000e+05
0.000000000000000000e+00
8.141410000000000000e+05
6.298450000000000000e+05
5.076550000000000000e+05
4.437230000000000000e+05
6.855510000000000000e+05
1.459730000000000000e+05
0.000000000000000000e+00
5.045570000000000000e+05
3.605840000000000000e+05
5.325830000000000000e+05
5.856810000000000000e+05
5.953300000000000000e+05
2.079700000000000000e+05
0.000000000000000000e+00
7.345450000000000000e+05
5.497360000000000000e+05
6.811010000000000000e+05
6.184050000000000000e+05
5.301050000000000000e+05
1.903880000000000000e+05
0.000000000000000000e+00
6.289070000000000000e+05
4.277080000000000000e+05
4.478950000000000000e+05
4.136370000000000000e+05
5.019610000000000000e+05
1.683400000000000000e+05
0.000000000000000000e+00
5.709980000000000000e+05
4.647050000000000000e+05
4.940200000000000000e+05
4.534310000000000000e+05
5.128720000000000000e+05
2.033900000000000000e+05
0.000000000000000000e+00
4.759120000000000000e+05
5.204130000000000000e+05
4.836810000000000000e+05
3.870900000000000000e+05
4.499190000000000000e+05
1.092950000000000000e+05
0.000000000000000000e+00
6.391490000000000000e+05
4.508770000000000000e+05
4.947630000000000000e+05
4.665520000000000000e+05
5.084340000000000000e+05
2.409970000000000000e+05
0.000000000000000000e+00
6.716290000000000000e+05
4.247720000000000000e+05
3.800310000000000000e+05
3.769450000000000000e+05
3.980550000000000000e+05
0.000000000000000000e+00
0.000000000000000000e+00
6.648540000000000000e+05
5.858900000000000000e+05
8.426360000000000000e+05
9.389270000000000000e+05
6.174320000000000000e+05
5.287510000000000000e+05
0.000000000000000000e+00
6.604350000000000000e+05
3.789870000000000000e+05
5.699540000000000000e+05
8.244970000000000000e+05
1.083546000000000000e+06
6.274530000000000000e+05
0.000000000000000000e+00
1.961249000000000000e+06
1.560560000000000000e+06
1.722451000000000000e+06
1.728842000000000000e+06
1.740177000000000000e+06
1.711025000000000000e+06
0.000000000000000000e+00
2.710455000000000000e+06
2.449042000000000000e+06
2.606339000000000000e+06
2.836664000000000000e+06
2.945176000000000000e+06
3.023938000000000000e+06
2.109000000000000000e+04
4.171822000000000000e+06
3.349659000000000000e+06
2.714008000000000000e+06
1.871553000000000000e+06
1.228042000000000000e+06
4.091800000000000000e+05
1.267500000000000000e+04
0.000000000000000000e+00
0.000000000000000000e+00
0.000000000000000000e+00
2.539500000000000000e+05
5.472890000000000000e+05
8.383140000000000000e+05
0.000000000000000000e+00
1.757625000000000000e+06
1.219430000000000000e+06
1.175975000000000000e+06
1.309223000000000000e+06
1.363243000000000000e+06
4.495530000000000000e+05
0.000000000000000000e+00
1.066589000000000000e+06
7.417260000000000000e+05
9.298860000000000000e+05
9.364480000000000000e+05
9.648340000000000000e+05
5.914250000000000000e+05
0.000000000000000000e+00
1.292828000000000000e+06
1.176794000000000000e+06
1.236890000000000000e+06
1.432636000000000000e+06
1.540019000000000000e+06
1.155814000000000000e+06
0.000000000000000000e+00
2.092298000000000000e+06
1.553441000000000000e+06
1.673333000000000000e+06
1.659569000000000000e+06
1.653028000000000000e+06
1.082667000000000000e+06
0.000000000000000000e+00
1.800253000000000000e+06
1.577838000000000000e+06
1.551765000000000000e+06
1.634275000000000000e+06
1.631341000000000000e+06
1.282633000000000000e+06
0.000000000000000000e+00
1.897688000000000000e+06
1.609169000000000000e+06
1.605505000000000000e+06
1.438173000000000000e+06
1.474002000000000000e+06
1.264740000000000000e+06
0.000000000000000000e+00
1.840516000000000000e+06
1.607639000000000000e+06
1.481950000000000000e+06
1.459791000000000000e+06
1.544457000000000000e+06
1.062496000000000000e+06
0.000000000000000000e+00
1.654282000000000000e+06
1.375341000000000000e+06
1.229332000000000000e+06
1.038064000000000000e+06
1.115316000000000000e+06
5.695900000000000000e+05
0.000000000000000000e+00
1.150949000000000000e+06
9.422240000000000000e+05
9.711690000000000000e+05
8.783840000000000000e+05
9.585530000000000000e+05
4.910420000000000000e+05
0.000000000000000000e+00
1.214935000000000000e+06
7.820620000000000000e+05
1.088590000000000000e+06
1.075426000000000000e+06
1.027340000000000000e+06
4.124820000000000000e+05
0.000000000000000000e+00
8.031260000000000000e+05
1.005468000000000000e+06
7.105750000000000000e+05
9.343110000000000000e+05
1.119621000000000000e+06
5.160180000000000000e+05
0.000000000000000000e+00
1.169436000000000000e+06
1.246007000000000000e+06
1.322835000000000000e+06
1.289279000000000000e+06
1.333065000000000000e+06
6.104210000000000000e+05
0.000000000000000000e+00
1.264772000000000000e+06
6.516750000000000000e+05
9.066920000000000000e+05
8.833830000000000000e+05
6.644360000000000000e+05
3.026680000000000000e+05
0.000000000000000000e+00
3.472100000000000000e+05
0.000000000000000000e+00
1.280290000000000000e+05
1.120523000000000000e+06
1.383771000000000000e+06
5.750350000000000000e+05
0.000000000000000000e+00
1.820018000000000000e+06
1.368376000000000000e+06
1.664912000000000000e+06
1.505662000000000000e+06
1.723166000000000000e+06
7.703030000000000000e+05
0.000000000000000000e+00
1.947594000000000000e+06
1.714718000000000000e+06
1.708141000000000000e+06
1.566966000000000000e+06
1.807664000000000000e+06
1.211559000000000000e+06
0.000000000000000000e+00
3.061472000000000000e+06
2.711553000000000000e+06
2.807653000000000000e+06
2.754685000000000000e+06
2.620529000000000000e+06
1.679177000000000000e+06
2.066000000000000000e+04
2.392668000000000000e+06
1.694888000000000000e+06
1.315606000000000000e+06
8.472710000000000000e+05
4.884440000000000000e+05
1.890810000000000000e+05
9.240000000000000000e+03
3.501700000000000000e+04
0.000000000000000000e+00
0.000000000000000000e+00
2.103600000000000000e+04
1.304570000000000000e+05
1.187480000000000000e+05
0.000000000000000000e+00
4.534210000000000000e+05
6.602810000000000000e+05
5.813770000000000000e+05
6.552800000000000000e+05
7.215570000000000000e+05
3.185900000000000000e+05
0.000000000000000000e+00
8.876160000000000000e+05
4.816170000000000000e+05
4.074790000000000000e+05
6.405390000000000000e+05
7.911190000000000000e+05
2.609640000000000000e+05
0.000000000000000000e+00
9.756980000000000000e+05
6.593440000000000000e+05
7.466250000000000000e+05
7.056300000000000000e+05
6.200190000000000000e+05
2.073600000000000000e+05
0.000000000000000000e+00
1.133158000000000000e+06
7.809650000000000000e+05
9.583120000000000000e+05
8.511500000000000000e+05
9.068090000000000000e+05
3.605630000000000000e+05
0.000000000000000000e+00
1.029301000000000000e+06
1.028983000000000000e+06
8.685270000000000000e+05
6.762130000000000000e+05
8.181430000000000000e+05
2.631350000000000000e+05
0.000000000000000000e+00
1.180998000000000000e+06
9.202220000000000000e+05
9.566530000000000000e+05
6.295910000000000000e+05
9.097680000000000000e+05
3.093670000000000000e+05
0.000000000000000000e+00
9.782880000000000000e+05
7.893140000000000000e+05
8.468650000000000000e+05
8.286540000000000000e+05
7.524160000000000000e+05
2.879150000000000000e+05
0.000000000000000000e+00
1.084907000000000000e+06
8.373260000000000000e+05
9.839360000000000000e+05
9.885420000000000000e+05
9.592450000000000000e+05
2.884090000000000000e+05
0.000000000000000000e+00
9.948630000000000000e+05
8.872890000000000000e+05
8.405770000000000000e+05
1.121393000000000000e+06
9.823850000000000000e+05
3.304880000000000000e+05
0.000000000000000000e+00
9.691070000000000000e+05
9.739360000000000000e+05
9.408740000000000000e+05
8.803880000000000000e+05
8.464060000000000000e+05
2.782280000000000000e+05
0.000000000000000000e+00
9.357290000000000000e+05
8.136870000000000000e+05
7.222170000000000000e+05
7.703860000000000000e+05
5.913690000000000000e+05
2.354560000000000000e+05
0.000000000000000000e+00
7.255740000000000000e+05
5.949200000000000000e+05
8.020790000000000000e+05
8.416980000000000000e+05
8.888650000000000000e+05
2.878520000000000000e+05
0.000000000000000000e+00
6.631490000000000000e+05
8.694690000000000000e+05
9.843760000000000000e+05
7.128190000000000000e+05
7.190890000000000000e+05
2.184750000000000000e+05
0.000000000000000000e+00
7.652860000000000000e+05
6.124300000000000000e+05
6.370340000000000000e+05
5.873250000000000000e+05
5.527070000000000000e+05
1.846580000000000000e+05
0.000000000000000000e+00
6.715520000000000000e+05
6.135420000000000000e+05
5.935470000000000000e+05
4.973620000000000000e+05
5.394190000000000000e+05
1.545700000000000000e+05
0.000000000000000000e+00
5.852750000000000000e+05
4.701110000000000000e+05
5.907070000000000000e+05
4.475390000000000000e+05
4.711000000000000000e+05
2.390450000000000000e+05
0.000000000000000000e+00
6.287880000000000000e+05
5.375650000000000000e+05
5.701150000000000000e+05
4.610730000000000000e+05
3.952230000000000000e+05
1.641700000000000000e+05
0.000000000000000000e+00
7.746610000000000000e+05
7.028220000000000000e+05
7.015560000000000000e+05
5.242300000000000000e+05
5.490000000000000000e+05
1.500520000000000000e+05
0.000000000000000000e+00
5.994540000000000000e+05
4.402270000000000000e+05
4.871280000000000000e+05
4.911370000000000000e+05
4.820620000000000000e+05
1.275850000000000000e+05
0.000000000000000000e+00
5.346860000000000000e+05
3.940950000000000000e+05
4.389800000000000000e+05
2.834750000000000000e+05
3.526160000000000000e+05
1.098030000000000000e+05
0.000000000000000000e+00
4.687810000000000000e+05
3.597170000000000000e+05
3.545780000000000000e+05
2.832720000000000000e+05
3.653400000000000000e+05
9.665300000000000000e+04
0.000000000000000000e+00
4.253180000000000000e+05
3.177650000000000000e+05
3.583280000000000000e+05
2.437150000000000000e+05
3.305980000000000000e+05
1.120270000000000000e+05
0.000000000000000000e+00
4.552530000000000000e+05
3.131920000000000000e+05
3.564010000000000000e+05
3.364750000000000000e+05
3.067100000000000000e+05
1.495130000000000000e+05
0.000000000000000000e+00
3.127190000000000000e+05
3.620920000000000000e+05
4.234600000000000000e+05
3.797850000000000000e+05
2.946590000000000000e+05
1.466760000000000000e+05
0.000000000000000000e+00
3.944910000000000000e+05
3.326370000000000000e+05
4.400300000000000000e+05
4.143240000000000000e+05
3.735380000000000000e+05
1.024820000000000000e+05
0.000000000000000000e+00
5.617920000000000000e+05
4.088940000000000000e+05
3.557700000000000000e+05
3.015390000000000000e+05
3.759120000000000000e+05
2.181440000000000000e+05
0.000000000000000000e+00
6.038060000000000000e+05
4.809800000000000000e+05
5.256610000000000000e+05
4.307940000000000000e+05
3.948900000000000000e+05
2.810710000000000000e+05
0.000000000000000000e+00
7.208080000000000000e+05
5.930820000000000000e+05
7.113080000000000000e+05
7.772570000000000000e+05
7.073850000000000000e+05
8.325990000000000000e+05
0.000000000000000000e+00
1.979896000000000000e+06
1.605609000000000000e+06
1.388245000000000000e+06
1.565689000000000000e+06
2.092465000000000000e+06
2.092462000000000000e+06
7.280000000000000000e+03
4.110799000000000000e+06
3.818834000000000000e+06
4.131691000000000000e+06
4.180659000000000000e+06
4.166720000000000000e+06
3.854718000000000000e+06
2.120100000000000000e+05
4.898090000000000000e+06
2.688408000000000000e+06
7.874380000000000000e+05
5.489000000000000000e+04
2.000000000000000000e+01
0.000000000000000000e+00
0.000000000000000000e+00
3.047050000000000000e+05
1.559942000000000000e+06
1.476605000000000000e+06
1.352047000000000000e+06
1.601776000000000000e+06
9.535050000000000000e+05
0.000000000000000000e+00
7.754420000000000000e+05
1.088147000000000000e+06
1.105638000000000000e+06
1.088798000000000000e+06
1.078134000000000000e+06
8.041410000000000000e+05
0.000000000000000000e+00
1.501005000000000000e+06
1.350181000000000000e+06
1.059267000000000000e+06
4.996520000000000000e+05
7.803860000000000000e+05
5.872050000000000000e+05
0.000000000000000000e+00
1.277423000000000000e+06
8.837660000000000000e+05
8.704360000000000000e+05
1.076808000000000000e+06
1.469505000000000000e+06
8.792260000000000000e+05
0.000000000000000000e+00
1.663449000000000000e+06
1.328363000000000000e+06
1.416069000000000000e+06
1.327376000000000000e+06
1.541812000000000000e+06
9.422070000000000000e+05
0.000000000000000000e+00
1.968649000000000000e+06
1.586933000000000000e+06
1.496347000000000000e+06
1.514883000000000000e+06
1.518751000000000000e+06
1.147535000000000000e+06
0.000000000000000000e+00
2.034216000000000000e+06
1.604875000000000000e+06
1.672285000000000000e+06
1.702142000000000000e+06
1.757805000000000000e+06
1.421633000000000000e+06
0.000000000000000000e+00
2.196495000000000000e+06
1.795531000000000000e+06
1.780811000000000000e+06
1.741664000000000000e+06
1.869994000000000000e+06
1.470675000000000000e+06
0.000000000000000000e+00
2.064847000000000000e+06
1.819085000000000000e+06
1.658946000000000000e+06
1.643281000000000000e+06
1.627600000000000000e+06
1.240874000000000000e+06
0.000000000000000000e+00
1.703649000000000000e+06
1.654824000000000000e+06
1.505225000000000000e+06
1.462960000000000000e+06
1.523057000000000000e+06
1.074024000000000000e+06
0.000000000000000000e+00
1.651760000000000000e+06
1.278297000000000000e+06
1.315693000000000000e+06
1.222582000000000000e+06
1.089997000000000000e+06
6.151680000000000000e+05
0.000000000000000000e+00
1.164801000000000000e+06
1.081954000000000000e+06
1.130849000000000000e+06
1.158076000000000000e+06
9.926560000000000000e+05
4.564160000000000000e+05
0.000000000000000000e+00
1.232364000000000000e+06
1.231240000000000000e+06
1.468569000000000000e+06
1.358161000000000000e+06
1.278324000000000000e+06
5.601670000000000000e+05
0.000000000000000000e+00
1.661594000000000000e+06
1.355137000000000000e+06
1.166414000000000000e+06
1.317753000000000000e+06
1.277224000000000000e+06
5.022690000000000000e+05
0.000000000000000000e+00
1.545317000000000000e+06
1.199376000000000000e+06
9.422190000000000000e+05
9.884640000000000000e+05
1.047827000000000000e+06
5.385150000000000000e+05
0.000000000000000000e+00
1.115647000000000000e+06
6.577110000000000000e+05
8.250000000000000000e+02
1.540690000000000000e+05
1.339920000000000000e+06
1.175649000000000000e+06
0.000000000000000000e+00
2.337581000000000000e+06
1.638754000000000000e+06
1.830374000000000000e+06
2.371601000000000000e+06
3.140548000000000000e+06
2.672447000000000000e+06
1.344000000000000000e+04
4.566852000000000000e+06
3.227037000000000000e+06
2.980788000000000000e+06
2.653964000000000000e+06
2.319966000000000000e+06
1.576206000000000000e+06
4.030500000000000000e+04
1.968810000000000000e+06
9.988380000000000000e+05
5.426370000000000000e+05
2.320300000000000000e+05
2.728000000000000000e+04
0.000000000000000000e+00
0.000000000000000000e+00
0.000000000000000000e+00
1.237480000000000000e+05
3.793630000000000000e+05
5.159430000000000000e+05
8.445010000000000000e+05
3.387340000000000000e+05
0.000000000000000000e+00
1.223190000000000000e+06
8.017850000000000000e+05
8.787320000000000000e+05
7.242750000000000000e+05
7.516920000000000000e+05
2.667430000000000000e+05
0.000000000000000000e+00
9.813820000000000000e+05
8.813440000000000000e+05
9.558830000000000000e+05
6.677320000000000000e+05
1.010129000000000000e+06
3.115400000000000000e+05
0.000000000000000000e+00
8.804590000000000000e+05
6.342330000000000000e+05
8.889230000000000000e+05
9.210750000000000000e+05
9.858580000000000000e+05
2.940480000000000000e+05
0.000000000000000000e+00
9.356230000000000000e+05
6.902360000000000000e+05
7.053470000000000000e+05
8.541820000000000000e+05
7.674590000000000000e+05
2.511360000000000000e+05
0.000000000000000000e+00
1.242193000000000000e+06
1.126978000000000000e+06
1.184705000000000000e+06
1.173026000000000000e+06
1.120148000000000000e+06
4.814670000000000000e+05
0.000000000000000000e+00
1.499024000000000000e+06
1.194713000000000000e+06
1.026139000000000000e+06
1.208077000000000000e+06
1.166836000000000000e+06
4.951930000000000000e+05
0.000000000000000000e+00
1.428355000000000000e+06
1.104821000000000000e+06
1.116953000000000000e+06
1.089563000000000000e+06
9.845950000000000000e+05
4.087040000000000000e+05
0.000000000000000000e+00
1.493869000000000000e+06
1.007615000000000000e+06
1.092654000000000000e+06
9.667090000000000000e+05
8.779130000000000000e+05
3.819010000000000000e+05
0.000000000000000000e+00
1.216198000000000000e+06
1.028256000000000000e+06
1.102938000000000000e+06
1.027011000000000000e+06
1.156795000000000000e+06
4.210570000000000000e+05
0.000000000000000000e+00
1.278922000000000000e+06
1.078956000000000000e+06
1.219376000000000000e+06
1.185461000000000000e+06
1.086922000000000000e+06
3.683710000000000000e+05
0.000000000000000000e+00
1.364021000000000000e+06
1.035824000000000000e+06
7.558430000000000000e+05
8.397980000000000000e+05
4.928550000000000000e+05
2.357470000000000000e+05
0.000000000000000000e+00
1.073672000000000000e+06
9.957460000000000000e+05
1.043880000000000000e+06
1.008027000000000000e+06
1.030499000000000000e+06
3.475160000000000000e+05
0.000000000000000000e+00
1.144041000000000000e+06
9.965780000000000000e+05
9.475480000000000000e+05
4.908600000000000000e+05
4.018560000000000000e+05
1.122960000000000000e+05
0.000000000000000000e+00
7.679520000000000000e+05
5.346200000000000000e+05
6.454310000000000000e+05
6.765930000000000000e+05
3.622550000000000000e+05
1.372910000000000000e+05
0.000000000000000000e+00
5.100840000000000000e+05
7.204130000000000000e+05
7.002920000000000000e+05
5.201160000000000000e+05
5.132230000000000000e+05
1.404880000000000000e+05
0.000000000000000000e+00
3.667270000000000000e+05
4.727700000000000000e+05
3.513540000000000000e+05
3.131820000000000000e+05
6.077890000000000000e+05
1.917170000000000000e+05
0.000000000000000000e+00
7.131210000000000000e+05
5.258470000000000000e+05
5.428450000000000000e+05
4.618620000000000000e+05
5.354610000000000000e+05
2.091030000000000000e+05
0.000000000000000000e+00
5.241720000000000000e+05
3.873490000000000000e+05
3.984750000000000000e+05
3.979550000000000000e+05
5.125060000000000000e+05
1.361370000000000000e+05
0.000000000000000000e+00
4.901530000000000000e+05
3.366370000000000000e+05
2.174100000000000000e+05
4.581660000000000000e+05
3.684200000000000000e+05
9.715600000000000000e+04
0.000000000000000000e+00
2.697270000000000000e+05
3.845080000000000000e+05
4.062010000000000000e+05
3.012600000000000000e+05
3.409500000000000000e+05
6.378200000000000000e+04
0.000000000000000000e+00
2.658390000000000000e+05
2.993780000000000000e+05
3.458440000000000000e+05
2.081830000000000000e+05
3.018100000000000000e+05
8.844700000000000000e+04
0.000000000000000000e+00
2.902650000000000000e+05
7.030100000000000000e+04
2.585600000000000000e+05
1.264980000000000000e+05
2.564100000000000000e+05
3.776800000000000000e+04
0.000000000000000000e+00
2.682740000000000000e+05
2.182720000000000000e+05
2.517100000000000000e+05
1.450390000000000000e+05
3.204030000000000000e+05
4.310100000000000000e+04
0.000000000000000000e+00
2.085250000000000000e+05
1.793480000000000000e+05
2.538050000000000000e+05
2.742790000000000000e+05
4.478300000000000000e+05
1.169360000000000000e+05
0.000000000000000000e+00
5.763850000000000000e+05
3.128780000000000000e+05
2.646930000000000000e+05
2.350730000000000000e+05
2.307870000000000000e+05
1.520030000000000000e+05
0.000000000000000000e+00
7.009220000000000000e+05
3.355690000000000000e+05
2.523850000000000000e+05
3.058350000000000000e+05
3.256790000000000000e+05
3.102290000000000000e+05
0.000000000000000000e+00
9.019860000000000000e+05
7.824640000000000000e+05
7.326000000000000000e+05
5.450150000000000000e+05
4.190430000000000000e+05
2.142040000000000000e+05
0.000000000000000000e+00
5.419110000000000000e+05
3.862600000000000000e+05
2.564500000000000000e+05
5.768350000000000000e+05
6.368140000000000000e+05
4.402940000000000000e+05
0.000000000000000000e+00
6.689010000000000000e+05
5.735380000000000000e+05
9.174400000000000000e+05
6.884870000000000000e+05
9.181150000000000000e+05
6.983260000000000000e+05
0.000000000000000000e+00
1.531776000000000000e+06
1.114798000000000000e+06
1.219717000000000000e+06
9.384500000000000000e+05
9.643970000000000000e+05
8.871990000000000000e+05
0.000000000000000000e+00
1.752998000000000000e+06
1.528671000000000000e+06
1.580345000000000000e+06
1.277848000000000000e+06
1.226379000000000000e+06
1.256150000000000000e+06
0.000000000000000000e+00
1.335636000000000000e+06
1.715929000000000000e+06
1.907223000000000000e+06
1.655042000000000000e+06
1.694531000000000000e+06
1.413888000000000000e+06
0.000000000000000000e+00
2.244689000000000000e+06
1.959148000000000000e+06
1.986577000000000000e+06
2.104098000000000000e+06
2.190330000000000000e+06
1.868932000000000000e+06
8.105000000000000000e+03
3.101314000000000000e+06
2.250253000000000000e+06
2.121785000000000000e+06
2.029240000000000000e+06
1.922309000000000000e+06
1.479863000000000000e+06
3.846500000000000000e+04
1.522713000000000000e+06
3.470580000000000000e+05
7.209300000000000000e+04
0.000000000000000000e+00
0.000000000000000000e+00
0.000000000000000000e+00
0.000000000000000000e+00
5.496670000000000000e+05
5.958380000000000000e+05
7.926530000000000000e+05
9.545550000000000000e+05
1.064658000000000000e+06
7.999430000000000000e+05
0.000000000000000000e+00
1.857698000000000000e+06
8.314160000000000000e+05
1.471545000000000000e+06
1.506556000000000000e+06
8.881610000000000000e+05
1.082076000000000000e+06
0.000000000000000000e+00
1.972256000000000000e+06
1.626768000000000000e+06
1.595974000000000000e+06
1.500373000000000000e+06
1.492153000000000000e+06
1.197597000000000000e+06
0.000000000000000000e+00
1.976609000000000000e+06
1.613104000000000000e+06
1.659542000000000000e+06
1.642217000000000000e+06
8.461410000000000000e+05
1.204549000000000000e+06
0.000000000000000000e+00
1.957280000000000000e+06
1.589830000000000000e+06
1.573621000000000000e+06
1.445588000000000000e+06
1.566555000000000000e+06
1.158419000000000000e+06
0.000000000000000000e+00
1.849872000000000000e+06
1.485356000000000000e+06
1.708062000000000000e+06
1.431231000000000000e+06
1.527939000000000000e+06
1.011263000000000000e+06
0.000000000000000000e+00
1.833268000000000000e+06
1.344316000000000000e+06
1.433101000000000000e+06
1.153851000000000000e+06
9.899980000000000000e+05
7.334040000000000000e+05
0.000000000000000000e+00
1.367153000000000000e+06
9.464370000000000000e+05
9.654500000000000000e+05
9.279110000000000000e+05
1.031401000000000000e+06
4.402370000000000000e+05
0.000000000000000000e+00
8.685860000000000000e+05
8.609660000000000000e+05
9.272830000000000000e+05
9.672670000000000000e+05
1.073260000000000000e+06
4.101060000000000000e+05
0.000000000000000000e+00
1.144849000000000000e+06
1.137931000000000000e+06
5.856670000000000000e+05
1.051893000000000000e+06
6.756250000000000000e+05
5.497790000000000000e+05
0.000000000000000000e+00
9.200700000000000000e+05
6.615670000000000000e+05
6.995420000000000000e+05
6.893000000000000000e+05
8.644000000000000000e+05
3.809470000000000000e+05
0.000000000000000000e+00
1.062808000000000000e+06
1.016210000000000000e+06
1.161268000000000000e+06
1.072599000000000000e+06
6.073090000000000000e+05
2.730560000000000000e+05
0.000000000000000000e+00
1.054407000000000000e+06
8.186160000000000000e+05
6.331200000000000000e+05
2.451020000000000000e+05
