0.000000000000000000e+00
2.882400000000000000e+05
2.257771000000000000e+06
1.685400000000000000e+06
2.290976000000000000e+06
1.692630000000000000e+06
1.518556000000000000e+06
0.000000000000000000e+00
1.953365000000000000e+06
2.647141000000000000e+06
2.112719000000000000e+06
2.426980000000000000e+06
1.911317000000000000e+06
1.314535000000000000e+06
0.000000000000000000e+00
1.208529000000000000e+06
2.082812000000000000e+06
1.599605000000000000e+06
2.394216000000000000e+06
1.706740000000000000e+06
1.296484000000000000e+06
0.000000000000000000e+00
1.721358000000000000e+06
1.740932000000000000e+06
0.000000000000000000e+00
0.000000000000000000e+00
0.000000000000000000e+00
0.000000000000000000e+00
0.000000000000000000e+00
0.000000000000000000e+00
0.000000000000000000e+00
1.596621000000000000e+06
1.678611000000000000e+06
1.725103000000000000e+06
1.599713000000000000e+06
0.000000000000000000e+00
1.909012000000000000e+06
1.904966000000000000e+06
1.786337000000000000e+06
1.545561000000000000e+06
1.432921000000000000e+06
1.181029000000000000e+06
0.000000000000000000e+00
1.444585000000000000e+06
1.633378000000000000e+06
1.548450000000000000e+06
1.748250000000000000e+06
1.334121000000000000e+06
1.305108000000000000e+06
0.000000000000000000e+00
1.585290000000000000e+06
1.554538000000000000e+06
1.462912000000000000e+06
1.140055000000000000e+06
1.399259000000000000e+06
1.125195000000000000e+06
0.000000000000000000e+00
1.593969000000000000e+06
1.575345000000000000e+06
1.598707000000000000e+06
1.454428000000000000e+06
1.567319000000000000e+06
1.326091000000000000e+06
0.000000000000000000e+00
2.648638000000000000e+06
1.650059000000000000e+06
1.517871000000000000e+06
1.578443000000000000e+06
1.599712000000000000e+06
1.311209000000000000e+06
0.000000000000000000e+00
1.836203000000000000e+06
2.195738000000000000e+06
1.755014000000000000e+06
1.723377000000000000e+06
1.619480000000000000e+06
1.339829000000000000e+06
0.000000000000000000e+00
1.493484000000000000e+06
1.498993000000000000e+06
1.376655000000000000e+06
1.061935000000000000e+06
1.281534000000000000e+06
1.175233000000000000e+06
0.000000000000000000e+00
1.421194000000000000e+06
1.614626000000000000e+06
2.001077000000000000e+06
1.504636000000000000e+06
2.206436000000000000e+06
1.630935000000000000e+06
0.000000000000000000e+00
2.061618000000000000e+06
2.106726000000000000e+06
2.465518000000000000e+06
1.941899000000000000e+06
2.116860000000000000e+06
1.984486000000000000e+06
0.000000000000000000e+00
2.953171000000000000e+06
2.434264000000000000e+06
2.611876000000000000e+06
2.354206000000000000e+06
2.857984000000000000e+06
2.683217000000000000e+06
0.000000000000000000e+00
2.709254000000000000e+06
2.561402000000000000e+06
2.486274000000000000e+06
2.721101000000000000e+06
2.911481000000000000e+06
2.566622000000000000e+06
0.000000000000000000e+00
3.209936000000000000e+06
2.904581000000000000e+06
2.829633000000000000e+06
2.263875000000000000e+06
2.546394000000000000e+06
2.390680000000000000e+06
0.000000000000000000e+00
3.466137000000000000e+06
2.591889000000000000e+06
2.385927000000000000e+06
2.461994000000000000e+06
1.930651000000000000e+06
1.317156000000000000e+06
0.000000000000000000e+00
2.288553000000000000e+06
2.444435000000000000e+06
1.580217000000000000e+06
2.116430000000000000e+06
2.705127000000000000e+06
2.650429000000000000e+06
0.000000000000000000e+00
3.869365000000000000e+06
2.811094000000000000e+06
2.823785000000000000e+06
2.728580000000000000e+06
2.657380000000000000e+06
2.327247000000000000e+06
0.000000000000000000e+00
3.078302000000000000e+06
2.543058000000000000e+06
2.552792000000000000e+06
2.267999000000000000e+06
2.379451000000000000e+06
2.531545000000000000e+06
0.000000000000000000e+00
3.525283000000000000e+06
2.683992000000000000e+06
2.729970000000000000e+06
2.843664000000000000e+06
2.553436000000000000e+06
2.467942000000000000e+06
0.000000000000000000e+00
3.802998000000000000e+06
3.186832000000000000e+06
2.481171000000000000e+06
2.206327000000000000e+06
2.535641000000000000e+06
3.075099000000000000e+06
0.000000000000000000e+00
4.732334000000000000e+06
3.602208000000000000e+06
3.210684000000000000e+06
3.162358000000000000e+06
3.182083000000000000e+06
2.415078000000000000e+06
0.000000000000000000e+00
3.431199000000000000e+06
2.181547000000000000e+06
2.900935000000000000e+06
2.501522000000000000e+06
2.405465000000000000e+06
1.794678000000000000e+06
0.000000000000000000e+00
1.776294000000000000e+06
1.353502000000000000e+06
1.338020000000000000e+06
1.645013000000000000e+06
1.822006000000000000e+06
1.379609000000000000e+06
0.000000000000000000e+00
1.638688000000000000e+06
1.318441000000000000e+06
1.647836000000000000e+06
1.506571000000000000e+06
1.432521000000000000e+06
1.187504000000000000e+06
0.000000000000000000e+00
1.533856000000000000e+06
1.421842000000000000e+06
1.621311000000000000e+06
1.625648000000000000e+06
1.707469000000000000e+06
1.299557000000000000e+06
0.000000000000000000e+00
1.690966000000000000e+06
1.437668000000000000e+06
1.411296000000000000e+06
1.499903000000000000e+06
1.631742000000000000e+06
1.318983000000000000e+06
0.000000000000000000e+00
1.388066000000000000e+06
1.279627000000000000e+06
1.243420000000000000e+06
1.373316000000000000e+06
1.395422000000000000e+06
1.139605000000000000e+06
0.000000000000000000e+00
1.580499000000000000e+06
1.234235000000000000e+06
1.442409000000000000e+06
1.475594000000000000e+06
1.743932000000000000e+06
2.130420000000000000e+05
0.000000000000000000e+00
1.977439000000000000e+06
1.379410000000000000e+06
1.584758000000000000e+06
1.520911000000000000e+06
1.764034000000000000e+06
1.327171000000000000e+06
0.000000000000000000e+00
1.582160000000000000e+06
1.391190000000000000e+06
1.212760000000000000e+06
1.666324000000000000e+06
2.027203000000000000e+06
1.403675000000000000e+06
0.000000000000000000e+00
1.782790000000000000e+06
1.697891000000000000e+06
1.881891000000000000e+06
1.664331000000000000e+06
1.759153000000000000e+06
1.080264000000000000e+06
0.000000000000000000e+00
1.791927000000000000e+06
1.575560000000000000e+06
1.401045000000000000e+06
1.481484000000000000e+06
2.019030000000000000e+06
1.386339000000000000e+06
0.000000000000000000e+00
1.895700000000000000e+06
1.802547000000000000e+06
1.710126000000000000e+06
1.330341000000000000e+06
1.763289000000000000e+06
1.196486000000000000e+06
0.000000000000000000e+00
1.814527000000000000e+06
1.579009000000000000e+06
1.842209000000000000e+06
1.870426000000000000e+06
2.490278000000000000e+06
1.474787000000000000e+06
0.000000000000000000e+00
2.215974000000000000e+06
1.857799000000000000e+06
1.799590000000000000e+06
1.651399000000000000e+06
1.811278000000000000e+06
1.220221000000000000e+06
4.000000000000000000e+03
1.869225000000000000e+06
1.804212000000000000e+06
1.895913000000000000e+06
1.526421000000000000e+06
1.751403000000000000e+06
1.507246000000000000e+06
6.413000000000000000e+04
1.241826000000000000e+06
9.471800000000000000e+04
0.000000000000000000e+00
0.000000000000000000e+00
0.000000000000000000e+00
5.627020000000000000e+05
0.000000000000000000e+00
1.341899000000000000e+06
1.681616000000000000e+06
2.121880000000000000e+06
2.145640000000000000e+06
1.833525000000000000e+06
1.367067000000000000e+06
0.000000000000000000e+00
1.765777000000000000e+06
1.869497000000000000e+06
1.881515000000000000e+06
1.923569000000000000e+06
1.755634000000000000e+06
1.221812000000000000e+06
0.000000000000000000e+00
1.806199000000000000e+06
1.622496000000000000e+06
1.701356000000000000e+06
1.288645000000000000e+06
1.347187000000000000e+06
1.241206000000000000e+06
0.000000000000000000e+00
1.433929000000000000e+06
1.045548000000000000e+06
1.824509000000000000e+06
1.551567000000000000e+06
1.613725000000000000e+06
1.421416000000000000e+06
0.000000000000000000e+00
1.882008000000000000e+06
1.795900000000000000e+06
1.956637000000000000e+06
1.739887000000000000e+06
1.858599000000000000e+06
1.382483000000000000e+06
0.000000000000000000e+00
2.024271000000000000e+06
1.763548000000000000e+06
1.632932000000000000e+06
1.627709000000000000e+06
1.687540000000000000e+06
1.379821000000000000e+06
0.000000000000000000e+00
1.691818000000000000e+06
1.674172000000000000e+06
1.728177000000000000e+06
1.684716000000000000e+06
1.407420000000000000e+06
1.242166000000000000e+06
0.000000000000000000e+00
1.515958000000000000e+06
1.423903000000000000e+06
1.591968000000000000e+06
1.636332000000000000e+06
1.658944000000000000e+06
1.321186000000000000e+06
0.000000000000000000e+00
1.878394000000000000e+06
1.677408000000000000e+06
1.744601000000000000e+06
1.283682000000000000e+06
1.649346000000000000e+06
1.234380000000000000e+06
0.000000000000000000e+00
1.933366000000000000e+06
1.334646000000000000e+06
1.435844000000000000e+06
1.409158000000000000e+06
1.420013000000000000e+06
1.179800000000000000e+06
0.000000000000000000e+00
1.807642000000000000e+06
1.780692000000000000e+06
1.806775000000000000e+06
1.834083000000000000e+06
1.866865000000000000e+06
1.517251000000000000e+06
0.000000000000000000e+00
1.625373000000000000e+06
1.481288000000000000e+06
1.603501000000000000e+06
1.464397000000000000e+06
1.416087000000000000e+06
9.150860000000000000e+05
0.000000000000000000e+00
0.000000000000000000e+00
2.462390000000000000e+05
2.044440000000000000e+06
2.037721000000000000e+06
2.051677000000000000e+06
1.392595000000000000e+06
0.000000000000000000e+00
2.111233000000000000e+06
1.792490000000000000e+06
1.759918000000000000e+06
1.375738000000000000e+06
9.839100000000000000e+05
5.325820000000000000e+05
0.000000000000000000e+00
1.831201000000000000e+06
1.669606000000000000e+06
1.880411000000000000e+06
2.267814000000000000e+06
1.751875000000000000e+06
1.458506000000000000e+06
0.000000000000000000e+00
1.957143000000000000e+06
1.578196000000000000e+06
1.114556000000000000e+06
1.202699000000000000e+06
6.772420000000000000e+05
4.875590000000000000e+05
0.000000000000000000e+00
1.646456000000000000e+06
2.087155000000000000e+06
1.719368000000000000e+06
3.061400000000000000e+06
1.962107000000000000e+06
1.795486000000000000e+06
0.000000000000000000e+00
1.900049000000000000e+06
1.665680000000000000e+06
1.177191000000000000e+06
2.373130000000000000e+06
2.296616000000000000e+06
1.656312000000000000e+06
0.000000000000000000e+00
2.349805000000000000e+06
2.774349000000000000e+06
1.642671000000000000e+06
1.832690000000000000e+05
0.000000000000000000e+00
0.000000000000000000e+00
0.000000000000000000e+00
1.161205000000000000e+06
1.580848000000000000e+06
1.650716000000000000e+06
1.984845000000000000e+06
1.616280000000000000e+06
1.239062000000000000e+06
0.000000000000000000e+00
1.514213000000000000e+06
1.497404000000000000e+06
2.249102000000000000e+06
1.470542000000000000e+06
1.149292000000000000e+06
1.283682000000000000e+06
0.000000000000000000e+00
1.828705000000000000e+06
1.642798000000000000e+06
2.140119000000000000e+06
3.250226000000000000e+06
1.500035000000000000e+06
1.551310000000000000e+06
0.000000000000000000e+00
2.318663000000000000e+06
1.884306000000000000e+06
1.765828000000000000e+06
1.718422000000000000e+06
1.301211000000000000e+06
1.365147000000000000e+06
0.000000000000000000e+00
1.859883000000000000e+06
1.486019000000000000e+06
1.620886000000000000e+06
1.679579000000000000e+06
1.861936000000000000e+06
1.698353000000000000e+06
0.000000000000000000e+00
2.037410000000000000e+06
2.393046000000000000e+06
2.155916000000000000e+06
2.094192000000000000e+06
2.851461000000000000e+06
1.991728000000000000e+06
0.000000000000000000e+00
2.714539000000000000e+06
2.250257000000000000e+06
2.213378000000000000e+06
2.242477000000000000e+06
2.206437000000000000e+06
2.310521000000000000e+06
0.000000000000000000e+00
2.816442000000000000e+06
2.723673000000000000e+06
2.776844000000000000e+06
3.161655000000000000e+06
2.627084000000000000e+06
2.789443000000000000e+06
0.000000000000000000e+00
2.796178000000000000e+06
2.586424000000000000e+06
2.803413000000000000e+06
2.756317000000000000e+06
2.581736000000000000e+06
2.344883000000000000e+06
0.000000000000000000e+00
2.457788000000000000e+06
1.581843000000000000e+06
1.712245000000000000e+06
2.103714000000000000e+06
2.029262000000000000e+06
2.512278000000000000e+06
0.000000000000000000e+00
3.780663000000000000e+06
3.636643000000000000e+06
2.832911000000000000e+06
2.475575000000000000e+06
2.736566000000000000e+06
3.262648000000000000e+06
0.000000000000000000e+00
2.812788000000000000e+06
2.226251000000000000e+06
2.205326000000000000e+06
2.689302000000000000e+06
3.888868000000000000e+06
3.342232000000000000e+06
0.000000000000000000e+00
3.183369000000000000e+06
2.730354000000000000e+06
3.286591000000000000e+06
2.883048000000000000e+06
2.453307000000000000e+06
1.874730000000000000e+06
0.000000000000000000e+00
3.518022000000000000e+06
3.012399000000000000e+06
2.978187000000000000e+06
2.383279000000000000e+06
2.771992000000000000e+06
2.889580000000000000e+06
0.000000000000000000e+00
4.502798000000000000e+06
3.370767000000000000e+06
3.412913000000000000e+06
3.555683000000000000e+06
3.377090000000000000e+06
2.677975000000000000e+06
0.000000000000000000e+00
3.869033000000000000e+06
3.300632000000000000e+06
2.813508000000000000e+06
2.961444000000000000e+06
3.079943000000000000e+06
3.622991000000000000e+06
0.000000000000000000e+00
4.512579000000000000e+06
3.369313000000000000e+06
2.514647000000000000e+06
2.842512000000000000e+06
3.946548000000000000e+06
2.996124000000000000e+06
0.000000000000000000e+00
4.892871000000000000e+06
3.669457000000000000e+06
2.935113000000000000e+06
3.017616000000000000e+06
3.150961000000000000e+06
3.029129000000000000e+06
0.000000000000000000e+00
4.175016000000000000e+06
2.943515000000000000e+06
1.952119000000000000e+06
1.762896000000000000e+06
1.621316000000000000e+06
1.898421000000000000e+06
0.000000000000000000e+00
1.246450000000000000e+06
1.241367000000000000e+06
1.468993000000000000e+06
1.807111000000000000e+06
1.677406000000000000e+06
1.371739000000000000e+06
0.000000000000000000e+00
2.079142000000000000e+06
1.324533000000000000e+06
1.764696000000000000e+06
2.846524000000000000e+06
2.270336000000000000e+06
1.624372000000000000e+06
0.000000000000000000e+00
2.059771000000000000e+06
1.643418000000000000e+06
1.775231000000000000e+06
1.655534000000000000e+06
1.699582000000000000e+06
1.110915000000000000e+06
0.000000000000000000e+00
1.734334000000000000e+06
1.289229000000000000e+06
1.376564000000000000e+06
1.364590000000000000e+06
1.478565000000000000e+06
1.392377000000000000e+06
0.000000000000000000e+00
1.958874000000000000e+06
1.675500000000000000e+06
1.557711000000000000e+06
1.497280000000000000e+06
1.515181000000000000e+06
1.773860000000000000e+05
0.000000000000000000e+00
1.469954000000000000e+06
1.472705000000000000e+06
1.810650000000000000e+06
1.625112000000000000e+06
2.069295000000000000e+06
1.530126000000000000e+06
0.000000000000000000e+00
2.217640000000000000e+06
2.285783000000000000e+06
1.996832000000000000e+06
1.951412000000000000e+06
1.597518000000000000e+06
0.000000000000000000e+00
0.000000000000000000e+00
2.149053000000000000e+06
1.810531000000000000e+06
2.124076000000000000e+06
1.527792000000000000e+06
1.011913000000000000e+06
1.202631000000000000e+06
0.000000000000000000e+00
1.901031000000000000e+06
1.555711000000000000e+06
1.593966000000000000e+06
1.784396000000000000e+06
1.618009000000000000e+06
1.290487000000000000e+06
0.000000000000000000e+00
2.153468000000000000e+06
1.588413000000000000e+06
2.201673000000000000e+06
2.214069000000000000e+06
2.265003000000000000e+06
1.942671000000000000e+06
0.000000000000000000e+00
2.706294000000000000e+06
2.392913000000000000e+06
2.463913000000000000e+06
2.420327000000000000e+06
1.861166000000000000e+06
1.550993000000000000e+06
0.000000000000000000e+00
2.326814000000000000e+06
2.049990000000000000e+06
2.321202000000000000e+06
1.902380000000000000e+06
1.540935000000000000e+06
8.911120000000000000e+05
7.320000000000000000e+03
0.000000000000000000e+00
0.000000000000000000e+00
0.000000000000000000e+00
1.611186000000000000e+06
2.083991000000000000e+06
2.170788000000000000e+06
0.000000000000000000e+00
2.422829000000000000e+06
1.796994000000000000e+06
2.052513000000000000e+06
1.905956000000000000e+06
1.910049000000000000e+06
1.231958000000000000e+06
0.000000000000000000e+00
1.798190000000000000e+06
2.043706000000000000e+06
1.771707000000000000e+06
1.909219000000000000e+06
1.957782000000000000e+06
1.636811000000000000e+06
0.000000000000000000e+00
2.213701000000000000e+06
1.825105000000000000e+06
2.119260000000000000e+06
2.098982000000000000e+06
2.018571000000000000e+06
1.694790000000000000e+06
0.000000000000000000e+00
2.095511000000000000e+06
1.907171000000000000e+06
1.646935000000000000e+06
1.761644000000000000e+06
1.764228000000000000e+06
1.254952000000000000e+06
0.000000000000000000e+00
1.925763000000000000e+06
1.670730000000000000e+06
1.568260000000000000e+06
1.841550000000000000e+06
1.927408000000000000e+06
1.465390000000000000e+06
0.000000000000000000e+00
1.894826000000000000e+06
1.938718000000000000e+06
1.941835000000000000e+06
1.731700000000000000e+06
1.519207000000000000e+06
1.561511000000000000e+06
0.000000000000000000e+00
2.397055000000000000e+06
1.949471000000000000e+06
1.973648000000000000e+06
2.173679000000000000e+06
2.050259000000000000e+06
1.535180000000000000e+06
0.000000000000000000e+00
2.040102000000000000e+06
1.839416000000000000e+06
1.849608000000000000e+06
1.825903000000000000e+06
1.791021000000000000e+06
1.522876000000000000e+06
0.000000000000000000e+00
1.953940000000000000e+06
1.991821000000000000e+06
1.988425000000000000e+06
1.804943000000000000e+06
1.615992000000000000e+06
1.364996000000000000e+06
0.000000000000000000e+00
2.025515000000000000e+06
1.520259000000000000e+06
1.699744000000000000e+06
2.091024000000000000e+06
2.337660000000000000e+06
1.398234000000000000e+06
0.000000000000000000e+00
1.976928000000000000e+06
1.946241000000000000e+06
1.824620000000000000e+06
1.999402000000000000e+06
1.957982000000000000e+06
1.419291000000000000e+06
0.000000000000000000e+00
1.941588000000000000e+06
2.134982000000000000e+06
2.132387000000000000e+06
1.947636000000000000e+06
2.003035000000000000e+06
1.348902000000000000e+06
0.000000000000000000e+00
2.154193000000000000e+06
1.691324000000000000e+06
1.900400000000000000e+06
1.822446000000000000e+06
1.588246000000000000e+06
1.170738000000000000e+06
0.000000000000000000e+00
9.723650000000000000e+05
0.000000000000000000e+00
1.532630000000000000e+05
2.344573000000000000e+06
2.217894000000000000e+06
1.625102000000000000e+06
0.000000000000000000e+00
2.524737000000000000e+06
1.966384000000000000e+06
2.119348000000000000e+06
2.184525000000000000e+06
2.055760000000000000e+06
1.493114000000000000e+06
0.000000000000000000e+00
2.215275000000000000e+06
1.923716000000000000e+06
2.075292000000000000e+06
2.377687000000000000e+06
1.920109000000000000e+06
1.353813000000000000e+06
0.000000000000000000e+00
2.138080000000000000e+06
1.878328000000000000e+06
2.009280000000000000e+06
2.301202000000000000e+06
2.400182000000000000e+06
1.642691000000000000e+06
2.000000000000000000e+03
2.182133000000000000e+06
2.111381000000000000e+06
1.660745000000000000e+06
1.964921000000000000e+06
1.729367000000000000e+06
1.338049000000000000e+06
8.000000000000000000e+00
2.461700000000000000e+04
0.000000000000000000e+00
0.000000000000000000e+00
1.290800000000000000e+04
1.716311000000000000e+06
1.695271000000000000e+06
0.000000000000000000e+00
2.404303000000000000e+06
1.890243000000000000e+06
1.936403000000000000e+06
1.867495000000000000e+06
1.986557000000000000e+06
1.482964000000000000e+06
0.000000000000000000e+00
1.983894000000000000e+06
1.973540000000000000e+06
1.340880000000000000e+06
1.810939000000000000e+06
1.704523000000000000e+06
1.390336000000000000e+06
0.000000000000000000e+00
2.073438000000000000e+06
2.145481000000000000e+06
2.531583000000000000e+06
2.041392000000000000e+06
1.696528000000000000e+06
1.416586000000000000e+06
0.000000000000000000e+00
1.926279000000000000e+06
1.833887000000000000e+06
2.045096000000000000e+06
1.855938000000000000e+06
1.961585000000000000e+06
1.539056000000000000e+06
0.000000000000000000e+00
1.805084000000000000e+06
1.651855000000000000e+06
1.591881000000000000e+06
1.669606000000000000e+06
2.031501000000000000e+06
2.056717000000000000e+06
0.000000000000000000e+00
2.247594000000000000e+06
2.214813000000000000e+06
1.788127000000000000e+06
1.828087000000000000e+06
1.769521000000000000e+06
1.408449000000000000e+06
0.000000000000000000e+00
2.322228000000000000e+06
1.843964000000000000e+06
1.859273000000000000e+06
2.138024000000000000e+06
1.996653000000000000e+06
1.885234000000000000e+06
0.000000000000000000e+00
2.236442000000000000e+06
2.153993000000000000e+06
1.980977000000000000e+06
2.199998000000000000e+06
2.634695000000000000e+06
2.295917000000000000e+06
0.000000000000000000e+00
2.391240000000000000e+06
1.974258000000000000e+06
1.932032000000000000e+06
2.099005000000000000e+06
1.944815000000000000e+06
2.433361000000000000e+06
0.000000000000000000e+00
3.520882000000000000e+06
2.955876000000000000e+06
2.813583000000000000e+06
2.486822000000000000e+06
2.821881000000000000e+06
2.552296000000000000e+06
0.000000000000000000e+00
3.796339000000000000e+06
2.721752000000000000e+06
2.013097000000000000e+06
2.447821000000000000e+06
2.423817000000000000e+06
2.265499000000000000e+06
0.000000000000000000e+00
2.893393000000000000e+06
2.340155000000000000e+06
2.211231000000000000e+06
2.672725000000000000e+06
3.092293000000000000e+06
3.091752000000000000e+06
0.000000000000000000e+00
3.613465000000000000e+06
3.319223000000000000e+06
3.416710000000000000e+06
3.419159000000000000e+06
3.443891000000000000e+06
3.384316000000000000e+06
0.000000000000000000e+00
4.194242000000000000e+06
3.377398000000000000e+06
3.068889000000000000e+06
3.186643000000000000e+06
2.844421000000000000e+06
2.310128000000000000e+06
0.000000000000000000e+00
2.169579000000000000e+06
2.356443000000000000e+06
2.493470000000000000e+06
2.914686000000000000e+06
3.371539000000000000e+06
3.101865000000000000e+06
0.000000000000000000e+00
4.212267000000000000e+06
2.261044000000000000e+06
2.657527000000000000e+06
2.595097000000000000e+06
3.082592000000000000e+06
2.482644000000000000e+06
0.000000000000000000e+00
4.521680000000000000e+06
3.765521000000000000e+06
4.131596000000000000e+06
4.224378000000000000e+06
3.008392000000000000e+06
2.373170000000000000e+06
0.000000000000000000e+00
4.386481000000000000e+06
3.857405000000000000e+06
3.697283000000000000e+06
4.065666000000000000e+06
4.382799000000000000e+06
3.137540000000000000e+06
0.000000000000000000e+00
4.738566000000000000e+06
3.502940000000000000e+06
2.913029000000000000e+06
2.860880000000000000e+06
3.188685000000000000e+06
2.705635000000000000e+06
0.000000000000000000e+00
3.392253000000000000e+06
3.515987000000000000e+06
3.462376000000000000e+06
2.071760000000000000e+06
2.056363000000000000e+06
2.414140000000000000e+06
0.000000000000000000e+00
2.418992000000000000e+06
2.065605000000000000e+06
2.698897000000000000e+06
2.352085000000000000e+06
2.509103000000000000e+06
1.736937000000000000e+06
0.000000000000000000e+00
2.329471000000000000e+06
2.009022000000000000e+06
2.015219000000000000e+06
1.518043000000000000e+06
1.590541000000000000e+06
1.642155000000000000e+06
0.000000000000000000e+00
2.291825000000000000e+06
1.825516000000000000e+06
1.868326000000000000e+06
1.712129000000000000e+06
1.456037000000000000e+06
1.185870000000000000e+06
0.000000000000000000e+00
1.712313000000000000e+06
1.559712000000000000e+06
1.794061000000000000e+06
1.726517000000000000e+06
1.726804000000000000e+06
1.185989000000000000e+06
0.000000000000000000e+00
1.703350000000000000e+06
1.726522000000000000e+06
1.793961000000000000e+06
1.489233000000000000e+06
1.516115000000000000e+06
2.060920000000000000e+05
0.000000000000000000e+00
1.890256000000000000e+06
1.530606000000000000e+06
1.709039000000000000e+06
1.490420000000000000e+06
1.620604000000000000e+06
1.677903000000000000e+06
0.000000000000000000e+00
2.055744000000000000e+06
1.687459000000000000e+06
1.980134000000000000e+06
1.898451000000000000e+06
1.677720000000000000e+06
1.576157000000000000e+06
0.000000000000000000e+00
2.318370000000000000e+06
1.977567000000000000e+06
2.022686000000000000e+06
1.794401000000000000e+06
1.484172000000000000e+06
1.421576000000000000e+06
0.000000000000000000e+00
2.267783000000000000e+06
2.373910000000000000e+06
1.684853000000000000e+06
1.999487000000000000e+06
2.012351000000000000e+06
1.771475000000000000e+06
0.000000000000000000e+00
2.646219000000000000e+06
2.193259000000000000e+06
2.243562000000000000e+06
2.124070000000000000e+06
1.926039000000000000e+06
1.699306000000000000e+06
4.080000000000000000e+03
2.197754000000000000e+06
1.652657000000000000e+06
1.662665000000000000e+06
1.089480000000000000e+05
0.000000000000000000e+00
0.000000000000000000e+00
0.000000000000000000e+00
1.201890000000000000e+06
1.877617000000000000e+06
2.125738000000000000e+06
2.096810000000000000e+06
2.463051000000000000e+06
1.971112000000000000e+06
0.000000000000000000e+00
1.540654000000000000e+06
1.926347000000000000e+06
2.257214000000000000e+06
2.406710000000000000e+06
2.190720000000000000e+06
1.456333000000000000e+06
0.000000000000000000e+00
2.122632000000000000e+06
2.173294000000000000e+06
1.545701000000000000e+06
1.166643000000000000e+06
1.314022000000000000e+06
1.420618000000000000e+06
0.000000000000000000e+00
2.077793000000000000e+06
1.809188000000000000e+06
1.869111000000000000e+06
2.018903000000000000e+06
1.956920000000000000e+06
1.640835000000000000e+06
0.000000000000000000e+00
1.970233000000000000e+06
1.845635000000000000e+06
1.876845000000000000e+06
1.610368000000000000e+06
1.856960000000000000e+06
1.180293000000000000e+06
0.000000000000000000e+00
1.983559000000000000e+06
1.696500000000000000e+06
1.790650000000000000e+06
1.707924000000000000e+06
1.664825000000000000e+06
1.516267000000000000e+06
0.000000000000000000e+00
1.861361000000000000e+06
1.704480000000000000e+06
1.723430000000000000e+06
1.755523000000000000e+06
1.886220000000000000e+06
1.505567000000000000e+06
0.000000000000000000e+00
1.902489000000000000e+06
1.700790000000000000e+06
1.714327000000000000e+06
1.706236000000000000e+06
1.720860000000000000e+06
1.458068000000000000e+06
0.000000000000000000e+00
1.873507000000000000e+06
1.754216000000000000e+06
1.674947000000000000e+06
1.687799000000000000e+06
1.722722000000000000e+06
1.544250000000000000e+06
0.000000000000000000e+00
1.876523000000000000e+06
1.539435000000000000e+06
1.833531000000000000e+06
1.789266000000000000e+06
1.916626000000000000e+06
1.511960000000000000e+06
0.000000000000000000e+00
1.716195000000000000e+06
1.800025000000000000e+06
1.636940000000000000e+06
1.435055000000000000e+06
1.667837000000000000e+06
1.364464000000000000e+06
0.000000000000000000e+00
1.550916000000000000e+06
1.688753000000000000e+06
1.746209000000000000e+06
1.667764000000000000e+06
1.657436000000000000e+06
1.374476000000000000e+06
0.000000000000000000e+00
1.879266000000000000e+06
1.758084000000000000e+06
1.943473000000000000e+06
1.663794000000000000e+06
1.733219000000000000e+06
1.359666000000000000e+06
0.000000000000000000e+00
1.792408000000000000e+06
1.638344000000000000e+06
1.795294000000000000e+06
1.599188000000000000e+06
1.653610000000000000e+06
1.253860000000000000e+06
0.000000000000000000e+00
1.688201000000000000e+06
1.643478000000000000e+06
1.499832000000000000e+06
1.537088000000000000e+06
1.612958000000000000e+06
1.319452000000000000e+06
0.000000000000000000e+00
1.814507000000000000e+06
1.295845000000000000e+06
0.000000000000000000e+00
1.420450000000000000e+05
2.171839000000000000e+06
1.568074000000000000e+06
0.000000000000000000e+00
2.186921000000000000e+06
1.927689000000000000e+06
1.828132000000000000e+06
1.758735000000000000e+06
2.237677000000000000e+06
1.760871000000000000e+06
0.000000000000000000e+00
2.397352000000000000e+06
2.213442000000000000e+06
2.074787000000000000e+06
2.022079000000000000e+06
1.835255000000000000e+06
1.440579000000000000e+06
0.000000000000000000e+00
1.898960000000000000e+06
1.655095000000000000e+06
1.421526000000000000e+06
1.135926000000000000e+06
7.784800000000000000e+04
0.000000000000000000e+00
0.000000000000000000e+00
4.200000000000000000e+03
9.903230000000000000e+05
1.628428000000000000e+06
1.589458000000000000e+06
1.524729000000000000e+06
1.473485000000000000e+06
0.000000000000000000e+00
1.911076000000000000e+06
1.620895000000000000e+06
1.622911000000000000e+06
1.526751000000000000e+06
1.557209000000000000e+06
1.272134000000000000e+06
0.000000000000000000e+00
1.770734000000000000e+06
1.657631000000000000e+06
1.465777000000000000e+06
1.306568000000000000e+06
1.443396000000000000e+06
1.387524000000000000e+06
0.000000000000000000e+00
1.674711000000000000e+06
1.259631000000000000e+06
1.306482000000000000e+06
1.693458000000000000e+06
1.514024000000000000e+06
1.418257000000000000e+06
0.000000000000000000e+00
1.612368000000000000e+06
1.640967000000000000e+06
1.322435000000000000e+06
1.828716000000000000e+06
1.987392000000000000e+06
1.327789000000000000e+06
0.000000000000000000e+00
2.989149000000000000e+06
2.120594000000000000e+06
1.494749000000000000e+06
1.400221000000000000e+06
1.540877000000000000e+06
1.113235000000000000e+06
0.000000000000000000e+00
1.417946000000000000e+06
1.290837000000000000e+06
1.309091000000000000e+06
1.500945000000000000e+06
1.632604000000000000e+06
1.443259000000000000e+06
0.000000000000000000e+00
2.257857000000000000e+06
1.664994000000000000e+06
1.612030000000000000e+06
1.711950000000000000e+06
1.571226000000000000e+06
1.377683000000000000e+06
0.000000000000000000e+00
1.752756000000000000e+06
1.474020000000000000e+06
1.367276000000000000e+06
1.538435000000000000e+06
1.352690000000000000e+06
1.306413000000000000e+06
0.000000000000000000e+00
1.890117000000000000e+06
1.884280000000000000e+06
2.133980000000000000e+06
2.143414000000000000e+06
1.818120000000000000e+06
2.076868000000000000e+06
0.000000000000000000e+00
2.834623000000000000e+06
2.560049000000000000e+06
2.823269000000000000e+06
2.611676000000000000e+06
2.457989000000000000e+06
2.114170000000000000e+06
0.000000000000000000e+00
2.220634000000000000e+06
2.178709000000000000e+06
2.293479000000000000e+06
2.701974000000000000e+06
1.696656000000000000e+06
1.553739000000000000e+06
0.000000000000000000e+00
2.427037000000000000e+06
2.053097000000000000e+06
2.704587000000000000e+06
3.224444000000000000e+06
2.655757000000000000e+06
2.804265000000000000e+06
0.000000000000000000e+00
3.419164000000000000e+06
2.932978000000000000e+06
2.785737000000000000e+06
2.325429000000000000e+06
2.282117000000000000e+06
2.138112000000000000e+06
0.000000000000000000e+00
2.436505000000000000e+06
2.356319000000000000e+06
2.585711000000000000e+06
2.829742000000000000e+06
2.333139000000000000e+06
2.379311000000000000e+06
0.000000000000000000e+00
2.650349000000000000e+06
2.471699000000000000e+06
2.768260000000000000e+06
2.926478000000000000e+06
3.052568000000000000e+06
1.631568000000000000e+06
0.000000000000000000e+00
2.593839000000000000e+06
2.955848000000000000e+06
2.175491000000000000e+06
2.343073000000000000e+06
3.138191000000000000e+06
3.321595000000000000e+06
0.000000000000000000e+00
4.475051000000000000e+06
3.341301000000000000e+06
3.298110000000000000e+06
3.234826000000000000e+06
2.990649000000000000e+06
2.166353000000000000e+06
8.452500000000000000e+04
3.049943000000000000e+06
2.836788000000000000e+06
2.748889000000000000e+06
2.952549000000000000e+06
2.995180000000000000e+06
2.764004000000000000e+06
0.000000000000000000e+00
4.505252000000000000e+06
3.463848000000000000e+06
2.100191000000000000e+06
2.794185000000000000e+06
1.902227000000000000e+06
2.047858000000000000e+06
0.000000000000000000e+00
1.804204000000000000e+06
2.400903000000000000e+06
2.488936000000000000e+06
2.641584000000000000e+06
2.334412000000000000e+06
1.460937000000000000e+06
1.289400000000000000e+04
2.547485000000000000e+06
3.189552000000000000e+06
3.615522000000000000e+06
1.762464000000000000e+06
2.294291000000000000e+06
2.511432000000000000e+06
0.000000000000000000e+00
3.446070000000000000e+06
1.620316000000000000e+06
1.868107000000000000e+06
1.571415000000000000e+06
2.113078000000000000e+06
1.474627000000000000e+06
0.000000000000000000e+00
2.232090000000000000e+06
2.202535000000000000e+06
2.074747000000000000e+06
1.573333000000000000e+06
1.818947000000000000e+06
1.030990000000000000e+06
0.000000000000000000e+00
1.229634000000000000e+06
1.058088000000000000e+06
1.476031000000000000e+06
1.487540000000000000e+06
1.858091000000000000e+06
1.474794000000000000e+06
0.000000000000000000e+00
1.993564000000000000e+06
1.592416000000000000e+06
1.212621000000000000e+06
1.472232000000000000e+06
1.424928000000000000e+06
1.260597000000000000e+06
0.000000000000000000e+00
1.626030000000000000e+06
1.429301000000000000e+06
1.352233000000000000e+06
1.648616000000000000e+06
1.656958000000000000e+06
1.334990000000000000e+05
0.000000000000000000e+00
2.709265000000000000e+06
2.060141000000000000e+06
2.085798000000000000e+06
1.797341000000000000e+06
1.784955000000000000e+06
1.365412000000000000e+06
0.000000000000000000e+00
1.917833000000000000e+06
1.738829000000000000e+06
1.334248000000000000e+06
1.517565000000000000e+06
1.854798000000000000e+06
1.447465000000000000e+06
0.000000000000000000e+00
1.977568000000000000e+06
1.768825000000000000e+06
1.931006000000000000e+06
1.613808000000000000e+06
1.993867000000000000e+06
1.555692000000000000e+06
0.000000000000000000e+00
2.150342000000000000e+06
1.735338000000000000e+06
1.547834000000000000e+06
1.203052000000000000e+06
1.214713000000000000e+06
1.595164000000000000e+06
0.000000000000000000e+00
1.760684000000000000e+06
1.908767000000000000e+06
1.724061000000000000e+06
1.597586000000000000e+06
1.499655000000000000e+06
1.525632000000000000e+06
0.000000000000000000e+00
1.665720000000000000e+06
1.278478000000000000e+06
1.919432000000000000e+06
1.755773000000000000e+06
2.039039000000000000e+06
1.635254000000000000e+06
2.348820000000000000e+05
2.526890000000000000e+06
1.952264000000000000e+06
2.090858000000000000e+06
1.985522000000000000e+06
2.085488000000000000e+06
1.569763000000000000e+06
1.700000000000000000e+04
2.494194000000000000e+06
2.076597000000000000e+06
2.277192000000000000e+06
2.281429000000000000e+06
2.074511000000000000e+06
2.089078000000000000e+06
1.636000000000000000e+04
2.235782000000000000e+06
1.209646000000000000e+06
1.366960000000000000e+05
0.000000000000000000e+00
0.000000000000000000e+00
0.000000000000000000e+00
0.000000000000000000e+00
1.733549000000000000e+06
1.611985000000000000e+06
1.873622000000000000e+06
1.885754000000000000e+06
2.135150000000000000e+06
1.790801000000000000e+06
0.000000000000000000e+00
2.371979000000000000e+06
1.649256000000000000e+06
1.913442000000000000e+06
1.722966000000000000e+06
1.355820000000000000e+06
1.232682000000000000e+06
0.000000000000000000e+00
1.765527000000000000e+06
1.863240000000000000e+06
1.727439000000000000e+06
1.364535000000000000e+06
1.932521000000000000e+06
1.450415000000000000e+06
0.000000000000000000e+00
1.916678000000000000e+06
1.723588000000000000e+06
1.575932000000000000e+06
1.571081000000000000e+06
1.248735000000000000e+06
1.231199000000000000e+06
0.000000000000000000e+00
2.126168000000000000e+06
1.623414000000000000e+06
1.716121000000000000e+06
1.728696000000000000e+06
1.969668000000000000e+06
1.705453000000000000e+06
0.000000000000000000e+00
2.133231000000000000e+06
1.793170000000000000e+06
1.926330000000000000e+06
1.900259000000000000e+06
1.825599000000000000e+06
1.381998000000000000e+06
0.000000000000000000e+00
2.024070000000000000e+06
1.623345000000000000e+06
1.715292000000000000e+06
1.381832000000000000e+06
1.251716000000000000e+06
1.423151000000000000e+06
0.000000000000000000e+00
1.960194000000000000e+06
1.750419000000000000e+06
1.737923000000000000e+06
1.448417000000000000e+06
1.624905000000000000e+06
1.501983000000000000e+06
0.000000000000000000e+00
2.055798000000000000e+06
1.832971000000000000e+06
1.684805000000000000e+06
1.545077000000000000e+06
1.581457000000000000e+06
1.112403000000000000e+06
0.000000000000000000e+00
1.704233000000000000e+06
1.581770000000000000e+06
1.338252000000000000e+06
1.596907000000000000e+06
1.356634000000000000e+06
1.144301000000000000e+06
0.000000000000000000e+00
1.625684000000000000e+06
1.303853000000000000e+06
1.370306000000000000e+06
1.208438000000000000e+06
1.377874000000000000e+06
1.091115000000000000e+06
0.000000000000000000e+00
1.713577000000000000e+06
1.656836000000000000e+06
1.645473000000000000e+06
1.721764000000000000e+06
1.523574000000000000e+06
1.108960000000000000e+06
0.000000000000000000e+00
1.868621000000000000e+06
1.592470000000000000e+06
1.211664000000000000e+06
1.044006000000000000e+06
