0.000000000000000000e+00
6.698900000000000000e+04
3.117980000000000000e+05
3.296350000000000000e+05
3.147790000000000000e+05
3.302870000000000000e+05
3.158110000000000000e+05
0.000000000000000000e+00
3.972540000000000000e+05
2.967170000000000000e+05
2.872090000000000000e+05
2.576690000000000000e+05
2.458560000000000000e+05
2.130510000000000000e+05
0.000000000000000000e+00
2.964050000000000000e+05
2.387060000000000000e+05
2.482520000000000000e+05
2.636950000000000000e+05
2.746260000000000000e+05
2.854460000000000000e+05
0.000000000000000000e+00
4.634760000000000000e+05
4.086900000000000000e+05
0.000000000000000000e+00
0.000000000000000000e+00
0.000000000000000000e+00
0.000000000000000000e+00
0.000000000000000000e+00
0.000000000000000000e+00
0.000000000000000000e+00
4.128910000000000000e+05
2.834070000000000000e+05
2.901420000000000000e+05
2.908790000000000000e+05
0.000000000000000000e+00
3.680530000000000000e+05
2.839820000000000000e+05
2.791750000000000000e+05
2.561760000000000000e+05
2.513360000000000000e+05
1.919790000000000000e+05
0.000000000000000000e+00
2.433920000000000000e+05
2.396960000000000000e+05
2.511350000000000000e+05
2.606590000000000000e+05
2.476610000000000000e+05
2.322400000000000000e+05
0.000000000000000000e+00
3.139010000000000000e+05
2.544470000000000000e+05
2.530210000000000000e+05
2.418210000000000000e+05
2.536360000000000000e+05
2.488760000000000000e+05
0.000000000000000000e+00
3.481000000000000000e+05
2.576780000000000000e+05
2.707320000000000000e+05
2.753740000000000000e+05
2.828100000000000000e+05
2.872960000000000000e+05
0.000000000000000000e+00
4.122710000000000000e+05
3.351030000000000000e+05
3.188340000000000000e+05
2.798130000000000000e+05
2.882230000000000000e+05
2.718060000000000000e+05
0.000000000000000000e+00
3.776110000000000000e+05
3.274990000000000000e+05
3.402060000000000000e+05
3.090040000000000000e+05
3.085260000000000000e+05
2.788230000000000000e+05
0.000000000000000000e+00
3.753440000000000000e+05
3.328500000000000000e+05
3.281430000000000000e+05
2.826800000000000000e+05
3.569090000000000000e+05
3.518100000000000000e+05
0.000000000000000000e+00
4.631360000000000000e+05
3.491910000000000000e+05
3.643820000000000000e+05
3.342280000000000000e+05
3.416790000000000000e+05
3.281630000000000000e+05
0.000000000000000000e+00
4.411050000000000000e+05
3.450690000000000000e+05
3.390890000000000000e+05
3.127140000000000000e+05
3.384240000000000000e+05
3.472960000000000000e+05
0.000000000000000000e+00
4.771130000000000000e+05
3.502380000000000000e+05
3.352170000000000000e+05
3.241710000000000000e+05
3.416280000000000000e+05
3.198280000000000000e+05
0.000000000000000000e+00
4.408450000000000000e+05
3.441960000000000000e+05
3.632990000000000000e+05
3.396100000000000000e+05
3.594590000000000000e+05
3.211330000000000000e+05
0.000000000000000000e+00
4.217310000000000000e+05
3.355520000000000000e+05
3.690010000000000000e+05
3.373560000000000000e+05
3.575950000000000000e+05
3.494830000000000000e+05
0.000000000000000000e+00
5.089650000000000000e+05
4.085130000000000000e+05
3.687170000000000000e+05
3.468220000000000000e+05
3.349010000000000000e+05
3.439310000000000000e+05
0.000000000000000000e+00
5.358910000000000000e+05
3.737870000000000000e+05
4.024670000000000000e+05
4.061330000000000000e+05
4.106370000000000000e+05
3.765830000000000000e+05
0.000000000000000000e+00
5.547630000000000000e+05
3.732550000000000000e+05
3.631420000000000000e+05
3.196900000000000000e+05
3.460730000000000000e+05
3.340240000000000000e+05
0.000000000000000000e+00
4.621210000000000000e+05
4.021000000000000000e+05
4.019630000000000000e+05
3.954220000000000000e+05
4.143740000000000000e+05
3.973000000000000000e+05
0.000000000000000000e+00
4.824850000000000000e+05
3.693910000000000000e+05
3.571830000000000000e+05
3.291960000000000000e+05
3.357340000000000000e+05
3.447160000000000000e+05
0.000000000000000000e+00
5.064050000000000000e+05
3.984810000000000000e+05
4.124180000000000000e+05
4.037110000000000000e+05
4.245860000000000000e+05
4.046040000000000000e+05
0.000000000000000000e+00
5.171700000000000000e+05
3.888410000000000000e+05
3.943930000000000000e+05
3.725100000000000000e+05
3.829280000000000000e+05
3.815050000000000000e+05
0.000000000000000000e+00
5.069140000000000000e+05
3.630400000000000000e+05
3.840260000000000000e+05
3.789710000000000000e+05
3.769140000000000000e+05
3.720240000000000000e+05
0.000000000000000000e+00
4.938060000000000000e+05
3.965890000000000000e+05
3.761700000000000000e+05
3.602810000000000000e+05
3.493530000000000000e+05
3.527920000000000000e+05
0.000000000000000000e+00
4.648050000000000000e+05
3.615040000000000000e+05
3.758460000000000000e+05
3.180970000000000000e+05
3.532750000000000000e+05
3.022780000000000000e+05
0.000000000000000000e+00
3.822970000000000000e+05
3.365950000000000000e+05
3.270270000000000000e+05
3.227230000000000000e+05
3.265350000000000000e+05
2.866880000000000000e+05
0.000000000000000000e+00
3.875800000000000000e+05
3.512320000000000000e+05
3.642140000000000000e+05
3.213780000000000000e+05
3.142540000000000000e+05
2.473810000000000000e+05
0.000000000000000000e+00
2.855770000000000000e+05
2.574340000000000000e+05
3.459470000000000000e+05
3.806270000000000000e+05
2.891420000000000000e+05
2.241470000000000000e+05
0.000000000000000000e+00
3.735960000000000000e+05
3.017450000000000000e+05
3.029040000000000000e+05
3.607830000000000000e+05
3.888750000000000000e+05
6.633300000000000000e+04
0.000000000000000000e+00
4.434450000000000000e+05
3.908370000000000000e+05
4.066050000000000000e+05
3.705290000000000000e+05
2.887710000000000000e+05
2.366150000000000000e+05
0.000000000000000000e+00
4.605190000000000000e+05
3.650210000000000000e+05
2.958220000000000000e+05
2.478480000000000000e+05
3.127370000000000000e+05
2.874120000000000000e+05
0.000000000000000000e+00
3.926380000000000000e+05
2.597100000000000000e+05
2.801090000000000000e+05
3.323650000000000000e+05
2.567610000000000000e+05
2.416910000000000000e+05
0.000000000000000000e+00
4.525720000000000000e+05
3.543210000000000000e+05
3.244650000000000000e+05
3.108200000000000000e+05
3.201810000000000000e+05
2.906550000000000000e+05
0.000000000000000000e+00
3.574340000000000000e+05
2.933420000000000000e+05
2.822180000000000000e+05
2.759360000000000000e+05
2.487810000000000000e+05
2.797580000000000000e+05
0.000000000000000000e+00
3.583460000000000000e+05
2.651610000000000000e+05
2.264890000000000000e+05
3.139860000000000000e+05
3.095480000000000000e+05
2.880900000000000000e+05
0.000000000000000000e+00
3.684670000000000000e+05
2.998630000000000000e+05
3.379710000000000000e+05
3.063080000000000000e+05
3.230260000000000000e+05
3.329130000000000000e+05
0.000000000000000000e+00
4.315730000000000000e+05
3.988430000000000000e+05
4.020520000000000000e+05
3.795370000000000000e+05
3.726310000000000000e+05
4.220770000000000000e+05
1.574900000000000000e+04
4.975400000000000000e+05
1.525890000000000000e+05
0.000000000000000000e+00
0.000000000000000000e+00
4.420000000000000000e+02
1.524090000000000000e+05
0.000000000000000000e+00
6.755900000000000000e+05
4.514950000000000000e+05
4.356470000000000000e+05
3.412120000000000000e+05
3.423630000000000000e+05
3.589410000000000000e+05
0.000000000000000000e+00
4.807530000000000000e+05
3.625590000000000000e+05
3.445620000000000000e+05
2.992980000000000000e+05
3.287170000000000000e+05
3.213580000000000000e+05
0.000000000000000000e+00
3.913980000000000000e+05
3.302170000000000000e+05
3.091500000000000000e+05
3.206860000000000000e+05
2.880700000000000000e+05
2.983460000000000000e+05
0.000000000000000000e+00
3.441200000000000000e+05
3.007790000000000000e+05
2.901960000000000000e+05
2.798540000000000000e+05
2.899650000000000000e+05
2.854220000000000000e+05
0.000000000000000000e+00
3.640480000000000000e+05
2.988520000000000000e+05
2.949530000000000000e+05
2.900270000000000000e+05
2.915900000000000000e+05
2.909300000000000000e+05
0.000000000000000000e+00
3.724650000000000000e+05
3.225760000000000000e+05
3.235250000000000000e+05
2.978340000000000000e+05
2.933090000000000000e+05
2.861370000000000000e+05
0.000000000000000000e+00
3.317420000000000000e+05
3.097960000000000000e+05
3.189120000000000000e+05
2.832670000000000000e+05
3.011970000000000000e+05
2.846410000000000000e+05
0.000000000000000000e+00
3.650130000000000000e+05
3.277550000000000000e+05
3.305400000000000000e+05
2.904160000000000000e+05
3.019020000000000000e+05
2.695280000000000000e+05
0.000000000000000000e+00
3.661020000000000000e+05
3.184680000000000000e+05
3.411910000000000000e+05
3.382580000000000000e+05
3.318130000000000000e+05
2.867500000000000000e+05
0.000000000000000000e+00
3.701480000000000000e+05
3.179550000000000000e+05
3.257440000000000000e+05
3.009730000000000000e+05
3.147270000000000000e+05
2.637460000000000000e+05
0.000000000000000000e+00
3.472790000000000000e+05
2.809770000000000000e+05
3.087150000000000000e+05
2.685410000000000000e+05
2.803300000000000000e+05
2.644710000000000000e+05
0.000000000000000000e+00
3.469510000000000000e+05
3.023620000000000000e+05
3.206420000000000000e+05
3.296210000000000000e+05
3.029730000000000000e+05
2.614940000000000000e+05
0.000000000000000000e+00
0.000000000000000000e+00
9.511700000000000000e+04
4.390040000000000000e+05
2.760220000000000000e+05
2.879210000000000000e+05
2.791700000000000000e+05
0.000000000000000000e+00
3.749170000000000000e+05
2.837180000000000000e+05
2.500130000000000000e+05
2.530100000000000000e+05
2.312560000000000000e+05
2.118890000000000000e+05
0.000000000000000000e+00
2.825120000000000000e+05
2.392920000000000000e+05
2.191880000000000000e+05
2.084540000000000000e+05
2.550950000000000000e+05
2.568530000000000000e+05
0.000000000000000000e+00
3.319850000000000000e+05
2.659130000000000000e+05
2.447880000000000000e+05
2.040730000000000000e+05
1.815280000000000000e+05
1.717790000000000000e+05
0.000000000000000000e+00
2.672130000000000000e+05
2.363860000000000000e+05
2.318530000000000000e+05
2.039620000000000000e+05
2.040050000000000000e+05
2.017610000000000000e+05
0.000000000000000000e+00
2.975540000000000000e+05
2.473840000000000000e+05
2.131360000000000000e+05
2.085800000000000000e+05
2.394080000000000000e+05
2.827760000000000000e+05
2.030000000000000000e+02
4.254940000000000000e+05
3.006050000000000000e+05
2.645770000000000000e+05
6.731000000000000000e+04
0.000000000000000000e+00
0.000000000000000000e+00
0.000000000000000000e+00
1.999030000000000000e+05
3.113290000000000000e+05
2.974760000000000000e+05
2.909340000000000000e+05
2.765330000000000000e+05
2.453520000000000000e+05
0.000000000000000000e+00
3.343370000000000000e+05
2.588200000000000000e+05
2.469620000000000000e+05
2.187250000000000000e+05
1.948920000000000000e+05
2.321660000000000000e+05
0.000000000000000000e+00
3.661290000000000000e+05
3.097730000000000000e+05
2.801880000000000000e+05
2.661040000000000000e+05
2.224070000000000000e+05
2.258820000000000000e+05
0.000000000000000000e+00
3.459770000000000000e+05
2.608240000000000000e+05
2.525340000000000000e+05
2.309900000000000000e+05
2.150820000000000000e+05
2.475820000000000000e+05
0.000000000000000000e+00
3.939720000000000000e+05
3.026300000000000000e+05
2.909660000000000000e+05
2.341000000000000000e+05
2.551990000000000000e+05
2.991010000000000000e+05
0.000000000000000000e+00
3.797440000000000000e+05
2.852070000000000000e+05
2.689770000000000000e+05
2.687330000000000000e+05
2.830350000000000000e+05
2.856850000000000000e+05
0.000000000000000000e+00
4.138350000000000000e+05
3.223600000000000000e+05
3.337250000000000000e+05
3.067010000000000000e+05
3.390860000000000000e+05
3.591720000000000000e+05
0.000000000000000000e+00
4.986420000000000000e+05
3.534860000000000000e+05
3.334060000000000000e+05
3.243000000000000000e+05
3.289030000000000000e+05
3.341070000000000000e+05
0.000000000000000000e+00
4.314290000000000000e+05
3.594230000000000000e+05
3.683560000000000000e+05
3.769700000000000000e+05
3.818050000000000000e+05
4.043780000000000000e+05
0.000000000000000000e+00
5.011840000000000000e+05
3.611520000000000000e+05
3.599170000000000000e+05
3.836000000000000000e+05
3.673830000000000000e+05
3.414890000000000000e+05
0.000000000000000000e+00
4.139210000000000000e+05
3.157690000000000000e+05
3.413060000000000000e+05
3.469580000000000000e+05
3.948980000000000000e+05
3.893410000000000000e+05
0.000000000000000000e+00
4.531530000000000000e+05
3.594960000000000000e+05
3.400180000000000000e+05
3.529550000000000000e+05
3.558390000000000000e+05
3.317780000000000000e+05
0.000000000000000000e+00
4.607760000000000000e+05
3.847160000000000000e+05
3.763600000000000000e+05
3.728460000000000000e+05
4.035440000000000000e+05
4.220550000000000000e+05
0.000000000000000000e+00
5.575590000000000000e+05
3.626410000000000000e+05
3.518100000000000000e+05
3.245500000000000000e+05
3.680330000000000000e+05
3.765010000000000000e+05
0.000000000000000000e+00
5.014130000000000000e+05
3.862570000000000000e+05
3.851770000000000000e+05
3.801810000000000000e+05
4.009020000000000000e+05
3.846760000000000000e+05
0.000000000000000000e+00
4.784640000000000000e+05
3.698960000000000000e+05
3.644720000000000000e+05
3.648090000000000000e+05
3.455740000000000000e+05
3.286890000000000000e+05
0.000000000000000000e+00
4.772380000000000000e+05
4.396950000000000000e+05
4.457850000000000000e+05
4.374430000000000000e+05
4.175000000000000000e+05
4.247770000000000000e+05
0.000000000000000000e+00
5.257420000000000000e+05
4.157590000000000000e+05
3.839180000000000000e+05
3.906890000000000000e+05
3.824860000000000000e+05
3.783690000000000000e+05
0.000000000000000000e+00
4.607440000000000000e+05
3.820640000000000000e+05
3.333730000000000000e+05
3.235620000000000000e+05
3.078540000000000000e+05
3.458460000000000000e+05
0.000000000000000000e+00
4.249180000000000000e+05
3.392980000000000000e+05
3.064150000000000000e+05
3.431910000000000000e+05
3.184140000000000000e+05
3.547180000000000000e+05
0.000000000000000000e+00
4.607080000000000000e+05
3.465750000000000000e+05
3.084040000000000000e+05
3.061220000000000000e+05
3.150550000000000000e+05
3.122040000000000000e+05
0.000000000000000000e+00
4.322600000000000000e+05
3.377310000000000000e+05
2.986990000000000000e+05
2.758860000000000000e+05
3.012120000000000000e+05
2.720760000000000000e+05
0.000000000000000000e+00
3.682310000000000000e+05
3.020640000000000000e+05
3.291040000000000000e+05
3.119450000000000000e+05
3.527770000000000000e+05
2.872280000000000000e+05
0.000000000000000000e+00
4.084230000000000000e+05
3.732020000000000000e+05
3.749020000000000000e+05
3.529780000000000000e+05
3.287790000000000000e+05
4.955200000000000000e+04
0.000000000000000000e+00
3.853740000000000000e+05
3.682160000000000000e+05
4.011750000000000000e+05
4.312440000000000000e+05
3.754870000000000000e+05
3.096240000000000000e+05
0.000000000000000000e+00
4.865140000000000000e+05
4.334450000000000000e+05
4.040030000000000000e+05
3.756740000000000000e+05
3.408160000000000000e+05
0.000000000000000000e+00
0.000000000000000000e+00
4.786130000000000000e+05
4.183710000000000000e+05
3.839700000000000000e+05
3.729410000000000000e+05
3.231890000000000000e+05
2.575430000000000000e+05
0.000000000000000000e+00
4.396150000000000000e+05
3.058560000000000000e+05
2.584650000000000000e+05
2.651910000000000000e+05
2.676680000000000000e+05
3.397570000000000000e+05
0.000000000000000000e+00
5.070730000000000000e+05
3.718250000000000000e+05
3.313240000000000000e+05
3.344710000000000000e+05
3.552660000000000000e+05
3.253830000000000000e+05
0.000000000000000000e+00
3.589450000000000000e+05
3.029790000000000000e+05
2.885150000000000000e+05
3.057230000000000000e+05
3.080190000000000000e+05
2.952110000000000000e+05
1.272000000000000000e+03
3.279450000000000000e+05
3.478520000000000000e+05
4.017320000000000000e+05
4.033750000000000000e+05
4.026720000000000000e+05
2.485130000000000000e+05
6.730000000000000000e+02
0.000000000000000000e+00
0.000000000000000000e+00
0.000000000000000000e+00
2.318200000000000000e+05
4.071720000000000000e+05
3.926960000000000000e+05
0.000000000000000000e+00
5.617740000000000000e+05
3.780590000000000000e+05
3.472290000000000000e+05
3.207530000000000000e+05
3.284380000000000000e+05
2.291630000000000000e+05
0.000000000000000000e+00
3.183900000000000000e+05
2.940710000000000000e+05
3.078140000000000000e+05
3.211260000000000000e+05
3.170450000000000000e+05
3.018710000000000000e+05
0.000000000000000000e+00
3.447730000000000000e+05
2.750310000000000000e+05
2.403920000000000000e+05
2.336330000000000000e+05
2.267910000000000000e+05
2.281040000000000000e+05
0.000000000000000000e+00
2.960760000000000000e+05
2.455110000000000000e+05
2.123040000000000000e+05
2.346950000000000000e+05
2.177990000000000000e+05
2.003470000000000000e+05
0.000000000000000000e+00
2.880220000000000000e+05
2.436160000000000000e+05
2.380810000000000000e+05
2.163970000000000000e+05
2.274580000000000000e+05
2.176890000000000000e+05
0.000000000000000000e+00
2.868330000000000000e+05
2.456640000000000000e+05
2.432350000000000000e+05
2.246220000000000000e+05
2.392300000000000000e+05
2.714690000000000000e+05
0.000000000000000000e+00
3.496660000000000000e+05
2.648750000000000000e+05
2.627950000000000000e+05
2.473410000000000000e+05
2.483970000000000000e+05
2.372550000000000000e+05
0.000000000000000000e+00
3.080500000000000000e+05
2.974390000000000000e+05
3.140330000000000000e+05
2.669640000000000000e+05
2.769020000000000000e+05
2.569820000000000000e+05
0.000000000000000000e+00
3.391450000000000000e+05
2.736420000000000000e+05
2.713600000000000000e+05
2.557550000000000000e+05
2.566780000000000000e+05
2.319260000000000000e+05
0.000000000000000000e+00
3.169300000000000000e+05
2.583820000000000000e+05
2.680520000000000000e+05
2.820070000000000000e+05
2.952970000000000000e+05
2.724640000000000000e+05
0.000000000000000000e+00
3.334200000000000000e+05
2.752410000000000000e+05
2.699020000000000000e+05
2.660450000000000000e+05
2.807430000000000000e+05
2.622490000000000000e+05
0.000000000000000000e+00
3.356930000000000000e+05
2.780760000000000000e+05
3.002000000000000000e+05
2.863720000000000000e+05
2.724530000000000000e+05
2.521490000000000000e+05
0.000000000000000000e+00
3.610700000000000000e+05
2.889130000000000000e+05
2.753480000000000000e+05
2.777140000000000000e+05
2.889580000000000000e+05
2.595930000000000000e+05
0.000000000000000000e+00
3.214850000000000000e+05
0.000000000000000000e+00
4.354400000000000000e+04
3.513070000000000000e+05
2.773270000000000000e+05
2.812670000000000000e+05
0.000000000000000000e+00
3.892460000000000000e+05
2.847740000000000000e+05
2.500430000000000000e+05
2.466960000000000000e+05
2.424550000000000000e+05
2.166390000000000000e+05
0.000000000000000000e+00
3.326680000000000000e+05
2.534470000000000000e+05
2.595180000000000000e+05
2.529510000000000000e+05
2.873200000000000000e+05
2.503350000000000000e+05
0.000000000000000000e+00
3.167870000000000000e+05
2.573980000000000000e+05
2.680370000000000000e+05
2.580350000000000000e+05
2.549580000000000000e+05
2.630630000000000000e+05
2.000000000000000000e+02
3.747140000000000000e+05
3.141260000000000000e+05
2.900640000000000000e+05
2.692660000000000000e+05
2.553050000000000000e+05
2.490410000000000000e+05
1.711000000000000000e+03
1.165690000000000000e+05
0.000000000000000000e+00
0.000000000000000000e+00
1.473900000000000000e+04
2.569540000000000000e+05
2.394280000000000000e+05
0.000000000000000000e+00
3.490180000000000000e+05
2.507910000000000000e+05
2.325270000000000000e+05
2.206970000000000000e+05
1.978480000000000000e+05
1.978850000000000000e+05
0.000000000000000000e+00
2.873180000000000000e+05
2.063910000000000000e+05
1.825090000000000000e+05
1.850550000000000000e+05
2.277680000000000000e+05
2.272710000000000000e+05
0.000000000000000000e+00
3.023010000000000000e+05
2.255740000000000000e+05
2.140010000000000000e+05
2.127140000000000000e+05
1.988590000000000000e+05
2.191520000000000000e+05
0.000000000000000000e+00
3.430300000000000000e+05
2.700640000000000000e+05
2.589920000000000000e+05
2.394080000000000000e+05
2.550030000000000000e+05
2.745290000000000000e+05
0.000000000000000000e+00
3.636240000000000000e+05
2.744540000000000000e+05
2.734300000000000000e+05
2.748290000000000000e+05
2.821730000000000000e+05
2.623480000000000000e+05
0.000000000000000000e+00
3.810430000000000000e+05
2.926340000000000000e+05
2.855120000000000000e+05
2.931670000000000000e+05
3.084120000000000000e+05
3.026330000000000000e+05
0.000000000000000000e+00
4.233850000000000000e+05
3.547990000000000000e+05
3.321310000000000000e+05
3.336180000000000000e+05
3.330050000000000000e+05
3.294780000000000000e+05
0.000000000000000000e+00
4.240790000000000000e+05
3.391580000000000000e+05
3.291460000000000000e+05
3.335820000000000000e+05
3.268010000000000000e+05
3.223950000000000000e+05
0.000000000000000000e+00
4.473720000000000000e+05
3.699110000000000000e+05
3.660530000000000000e+05
3.552590000000000000e+05
3.960300000000000000e+05
3.874970000000000000e+05
0.000000000000000000e+00
4.966020000000000000e+05
3.788080000000000000e+05
3.702340000000000000e+05
3.455390000000000000e+05
3.748530000000000000e+05
3.811530000000000000e+05
0.000000000000000000e+00
5.024580000000000000e+05
3.856440000000000000e+05
3.718660000000000000e+05
3.498650000000000000e+05
3.709940000000000000e+05
3.549830000000000000e+05
0.000000000000000000e+00
4.681580000000000000e+05
3.535880000000000000e+05
3.439200000000000000e+05
3.459890000000000000e+05
3.328230000000000000e+05
3.255890000000000000e+05
0.000000000000000000e+00
4.286570000000000000e+05
3.359830000000000000e+05
3.537910000000000000e+05
3.492990000000000000e+05
3.792820000000000000e+05
3.943300000000000000e+05
0.000000000000000000e+00
4.638420000000000000e+05
3.386250000000000000e+05
3.345390000000000000e+05
3.304280000000000000e+05
3.373290000000000000e+05
3.266500000000000000e+05
0.000000000000000000e+00
4.424010000000000000e+05
3.941140000000000000e+05
3.846210000000000000e+05
3.410960000000000000e+05
3.612150000000000000e+05
3.499190000000000000e+05
0.000000000000000000e+00
4.759710000000000000e+05
3.771210000000000000e+05
4.354610000000000000e+05
4.375270000000000000e+05
4.116700000000000000e+05
3.732400000000000000e+05
0.000000000000000000e+00
5.054780000000000000e+05
3.840820000000000000e+05
3.721920000000000000e+05
3.531610000000000000e+05
3.467050000000000000e+05
3.576700000000000000e+05
0.000000000000000000e+00
5.322070000000000000e+05
4.019340000000000000e+05
3.793200000000000000e+05
3.462380000000000000e+05
3.328310000000000000e+05
3.271020000000000000e+05
0.000000000000000000e+00
4.411830000000000000e+05
3.795760000000000000e+05
3.844520000000000000e+05
3.870490000000000000e+05
3.814940000000000000e+05
3.733890000000000000e+05
0.000000000000000000e+00
4.968800000000000000e+05
4.235390000000000000e+05
4.097510000000000000e+05
3.660830000000000000e+05
3.868790000000000000e+05
3.681820000000000000e+05
0.000000000000000000e+00
4.504600000000000000e+05
3.856610000000000000e+05
3.670540000000000000e+05
3.340890000000000000e+05
3.060150000000000000e+05
3.063970000000000000e+05
0.000000000000000000e+00
3.900620000000000000e+05
3.323270000000000000e+05
3.201350000000000000e+05
3.156270000000000000e+05
3.005320000000000000e+05
2.944150000000000000e+05
0.000000000000000000e+00
4.438960000000000000e+05
3.355330000000000000e+05
2.989010000000000000e+05
2.845000000000000000e+05
3.255100000000000000e+05
2.981540000000000000e+05
0.000000000000000000e+00
3.536800000000000000e+05
3.151490000000000000e+05
4.284370000000000000e+05
3.669850000000000000e+05
3.391720000000000000e+05
2.422350000000000000e+05
0.000000000000000000e+00
3.761590000000000000e+05
2.873860000000000000e+05
4.317440000000000000e+05
3.650390000000000000e+05
3.461730000000000000e+05
5.920300000000000000e+04
0.000000000000000000e+00
4.330900000000000000e+05
4.011930000000000000e+05
3.859990000000000000e+05
3.104100000000000000e+05
2.730010000000000000e+05
3.399890000000000000e+05
0.000000000000000000e+00
4.192800000000000000e+05
3.423790000000000000e+05
3.094830000000000000e+05
2.976010000000000000e+05
2.663700000000000000e+05
1.778260000000000000e+05
0.000000000000000000e+00
4.163140000000000000e+05
3.835790000000000000e+05
3.531370000000000000e+05
3.242380000000000000e+05
3.046290000000000000e+05
3.166500000000000000e+05
0.000000000000000000e+00
4.500830000000000000e+05
3.964520000000000000e+05
3.803830000000000000e+05
3.494280000000000000e+05
3.903070000000000000e+05
3.463520000000000000e+05
1.778000000000000000e+03
4.588570000000000000e+05
3.926020000000000000e+05
3.275010000000000000e+05
2.793180000000000000e+05
3.405930000000000000e+05
3.543420000000000000e+05
1.415000000000000000e+03
4.975360000000000000e+05
4.310930000000000000e+05
3.893810000000000000e+05
1.484300000000000000e+05
0.000000000000000000e+00
0.000000000000000000e+00
0.000000000000000000e+00
2.830250000000000000e+05
4.457500000000000000e+05
3.740580000000000000e+05
3.741580000000000000e+05
3.412390000000000000e+05
3.235840000000000000e+05
0.000000000000000000e+00
3.439560000000000000e+05
3.058140000000000000e+05
3.348110000000000000e+05
3.748610000000000000e+05
3.458700000000000000e+05
3.219370000000000000e+05
0.000000000000000000e+00
3.992390000000000000e+05
3.174570000000000000e+05
2.726590000000000000e+05
2.931050000000000000e+05
2.613260000000000000e+05
2.703860000000000000e+05
0.000000000000000000e+00
5.086680000000000000e+05
3.743590000000000000e+05
3.301180000000000000e+05
3.642380000000000000e+05
3.668610000000000000e+05
3.216410000000000000e+05
0.000000000000000000e+00
4.344720000000000000e+05
3.208740000000000000e+05
3.050240000000000000e+05
3.130390000000000000e+05
3.111060000000000000e+05
2.926170000000000000e+05
0.000000000000000000e+00
3.955870000000000000e+05
3.231470000000000000e+05
3.087450000000000000e+05
2.818410000000000000e+05
2.829370000000000000e+05
2.843220000000000000e+05
0.000000000000000000e+00
3.499490000000000000e+05
2.902750000000000000e+05
2.771160000000000000e+05
2.712370000000000000e+05
2.739210000000000000e+05
2.509720000000000000e+05
0.000000000000000000e+00
3.342200000000000000e+05
2.910470000000000000e+05
2.676280000000000000e+05
2.709900000000000000e+05
2.704850000000000000e+05
2.655910000000000000e+05
0.000000000000000000e+00
3.363770000000000000e+05
2.882040000000000000e+05
2.953020000000000000e+05
2.608740000000000000e+05
2.638380000000000000e+05
2.544840000000000000e+05
0.000000000000000000e+00
3.123430000000000000e+05
2.623750000000000000e+05
2.683290000000000000e+05
2.535730000000000000e+05
2.513090000000000000e+05
2.339120000000000000e+05
0.000000000000000000e+00
3.277390000000000000e+05
2.863910000000000000e+05
2.961310000000000000e+05
2.769810000000000000e+05
2.696450000000000000e+05
2.455360000000000000e+05
0.000000000000000000e+00
3.528180000000000000e+05
2.866160000000000000e+05
2.937680000000000000e+05
2.832090000000000000e+05
2.930020000000000000e+05
2.556480000000000000e+05
0.000000000000000000e+00
3.376980000000000000e+05
2.861710000000000000e+05
3.023460000000000000e+05
2.667920000000000000e+05
2.660040000000000000e+05
2.301930000000000000e+05
0.000000000000000000e+00
3.033740000000000000e+05
2.581690000000000000e+05
2.655620000000000000e+05
2.520570000000000000e+05
2.750920000000000000e+05
2.503000000000000000e+05
0.000000000000000000e+00
3.201670000000000000e+05
2.553410000000000000e+05
2.367730000000000000e+05
2.146460000000000000e+05
2.173430000000000000e+05
2.134960000000000000e+05
0.000000000000000000e+00
3.661370000000000000e+05
2.870120000000000000e+05
0.000000000000000000e+00
4.261400000000000000e+04
3.833170000000000000e+05
2.908450000000000000e+05
0.000000000000000000e+00
4.243950000000000000e+05
3.184790000000000000e+05
2.563080000000000000e+05
2.453120000000000000e+05
2.612630000000000000e+05
2.567110000000000000e+05
0.000000000000000000e+00
3.063440000000000000e+05
2.431980000000000000e+05
2.522110000000000000e+05
2.659250000000000000e+05
2.784830000000000000e+05
2.699020000000000000e+05
6.870000000000000000e+02
4.307570000000000000e+05
3.815400000000000000e+05
2.858140000000000000e+05
2.094110000000000000e+05
6.665200000000000000e+04
0.000000000000000000e+00
0.000000000000000000e+00
3.480000000000000000e+02
1.587020000000000000e+05
2.118790000000000000e+05
1.748760000000000000e+05
1.845780000000000000e+05
1.794660000000000000e+05
0.000000000000000000e+00
2.453090000000000000e+05
1.994520000000000000e+05
1.847020000000000000e+05
1.934160000000000000e+05
2.160300000000000000e+05
1.660180000000000000e+05
0.000000000000000000e+00
2.555910000000000000e+05
2.428670000000000000e+05
2.481790000000000000e+05
2.026780000000000000e+05
2.060780000000000000e+05
2.068780000000000000e+05
0.000000000000000000e+00
2.625190000000000000e+05
2.029240000000000000e+05
1.888630000000000000e+05
1.687040000000000000e+05
1.620520000000000000e+05
1.553860000000000000e+05
0.000000000000000000e+00
2.496770000000000000e+05
2.103220000000000000e+05
1.816860000000000000e+05
1.726750000000000000e+05
2.083300000000000000e+05
2.031670000000000000e+05
0.000000000000000000e+00
3.097610000000000000e+05
2.521820000000000000e+05
2.260150000000000000e+05
2.016070000000000000e+05
2.293680000000000000e+05
2.385790000000000000e+05
0.000000000000000000e+00
3.246220000000000000e+05
2.592240000000000000e+05
2.460090000000000000e+05
2.449070000000000000e+05
2.750760000000000000e+05
2.493410000000000000e+05
0.000000000000000000e+00
3.296700000000000000e+05
2.743870000000000000e+05
2.420170000000000000e+05
2.420930000000000000e+05
2.531490000000000000e+05
2.415500000000000000e+05
0.000000000000000000e+00
3.441720000000000000e+05
2.794370000000000000e+05
2.756700000000000000e+05
2.560780000000000000e+05
2.789990000000000000e+05
2.864850000000000000e+05
0.000000000000000000e+00
4.449290000000000000e+05
3.891330000000000000e+05
3.475540000000000000e+05
3.393790000000000000e+05
3.541220000000000000e+05
3.458030000000000000e+05
0.000000000000000000e+00
4.696680000000000000e+05
3.910200000000000000e+05
3.585880000000000000e+05
3.449280000000000000e+05
3.730560000000000000e+05
3.630030000000000000e+05
0.000000000000000000e+00
5.028490000000000000e+05
4.149390000000000000e+05
3.949480000000000000e+05
3.618170000000000000e+05
2.403280000000000000e+05
3.229630000000000000e+05
0.000000000000000000e+00
4.592510000000000000e+05
3.627460000000000000e+05
3.452020000000000000e+05
3.190000000000000000e+05
2.406000000000000000e+05
3.189500000000000000e+05
0.000000000000000000e+00
4.773520000000000000e+05
4.032950000000000000e+05
4.037300000000000000e+05
3.865210000000000000e+05
3.814760000000000000e+05
3.688400000000000000e+05
0.000000000000000000e+00
5.305290000000000000e+05
4.361140000000000000e+05
4.158920000000000000e+05
3.922280000000000000e+05
2.530410000000000000e+05
3.683570000000000000e+05
0.000000000000000000e+00
4.488750000000000000e+05
4.106520000000000000e+05
3.573720000000000000e+05
3.645260000000000000e+05
3.787440000000000000e+05
3.797510000000000000e+05
0.000000000000000000e+00
4.637280000000000000e+05
4.565310000000000000e+05
3.851520000000000000e+05
3.773940000000000000e+05
4.026970000000000000e+05
4.001430000000000000e+05
0.000000000000000000e+00
5.077460000000000000e+05
4.015270000000000000e+05
3.731340000000000000e+05
3.757930000000000000e+05
3.790410000000000000e+05
3.580510000000000000e+05
0.000000000000000000e+00
4.798190000000000000e+05
4.102620000000000000e+05
3.838690000000000000e+05
3.905830000000000000e+05
4.028320000000000000e+05
4.059970000000000000e+05
0.000000000000000000e+00
5.097250000000000000e+05
4.424620000000000000e+05
2.774200000000000000e+05
3.849230000000000000e+05
3.970310000000000000e+05
4.007130000000000000e+05
0.000000000000000000e+00
3.576230000000000000e+05
4.955040000000000000e+05
4.311940000000000000e+05
4.046130000000000000e+05
3.697810000000000000e+05
2.612380000000000000e+05
0.000000000000000000e+00
3.911390000000000000e+05
3.793400000000000000e+05
3.480510000000000000e+05
3.192530000000000000e+05
3.478520000000000000e+05
3.888060000000000000e+05
0.000000000000000000e+00
4.887130000000000000e+05
2.853640000000000000e+05
3.677650000000000000e+05
3.117970000000000000e+05
3.255280000000000000e+05
2.576000000000000000e+05
0.000000000000000000e+00
3.897720000000000000e+05
3.616220000000000000e+05
3.448370000000000000e+05
2.913060000000000000e+05
3.148340000000000000e+05
2.645850000000000000e+05
0.000000000000000000e+00
4.128240000000000000e+05
3.273250000000000000e+05
2.856350000000000000e+05
3.587470000000000000e+05
3.656060000000000000e+05
2.696430000000000000e+05
0.000000000000000000e+00
3.840680000000000000e+05
2.725680000000000000e+05
1.803830000000000000e+05
3.215540000000000000e+05
3.297140000000000000e+05
2.388790000000000000e+05
0.000000000000000000e+00
4.050150000000000000e+05
3.552180000000000000e+05
3.099920000000000000e+05
3.389290000000000000e+05
3.577920000000000000e+05
5.126300000000000000e+04
0.000000000000000000e+00
4.185280000000000000e+05
3.210690000000000000e+05
2.645120000000000000e+05
2.879780000000000000e+05
2.488690000000000000e+05
3.189820000000000000e+05
0.000000000000000000e+00
5.267960000000000000e+05
3.394610000000000000e+05
1.929750000000000000e+05
2.861310000000000000e+05
3.578220000000000000e+05
3.202770000000000000e+05
0.000000000000000000e+00
2.671900000000000000e+05
3.651560000000000000e+05
3.705560000000000000e+05
3.127180000000000000e+05
2.947240000000000000e+05
2.562670000000000000e+05
0.000000000000000000e+00
3.274570000000000000e+05
3.147210000000000000e+05
3.299560000000000000e+05
2.990640000000000000e+05
2.744190000000000000e+05
2.433980000000000000e+05
0.000000000000000000e+00
3.419340000000000000e+05
2.894160000000000000e+05
3.354390000000000000e+05
2.797450000000000000e+05
1.838210000000000000e+05
2.465430000000000000e+05
0.000000000000000000e+00
3.277280000000000000e+05
2.743560000000000000e+05
2.244320000000000000e+05
3.041140000000000000e+05
2.777830000000000000e+05
2.945640000000000000e+05
0.000000000000000000e+00
2.705840000000000000e+05
3.109860000000000000e+05
3.034320000000000000e+05
2.735570000000000000e+05
2.421750000000000000e+05
2.694160000000000000e+05
8.420000000000000000e+02
3.707080000000000000e+05
2.873890000000000000e+05
2.680900000000000000e+05
2.693300000000000000e+05
2.834420000000000000e+05
3.052910000000000000e+05
1.719000000000000000e+03
4.974330000000000000e+05
3.402120000000000000e+05
1.350550000000000000e+05
0.000000000000000000e+00
0.000000000000000000e+00
5.830000000000000000e+02
0.000000000000000000e+00
5.298630000000000000e+05
3.821320000000000000e+05
3.389270000000000000e+05
3.391440000000000000e+05
3.206100000000000000e+05
3.126900000000000000e+05
0.000000000000000000e+00
4.213730000000000000e+05
2.444200000000000000e+05
3.031680000000000000e+05
3.163070000000000000e+05
2.039790000000000000e+05
3.081010000000000000e+05
0.000000000000000000e+00
3.691650000000000000e+05
3.248480000000000000e+05
2.803340000000000000e+05
2.842000000000000000e+05
2.980020000000000000e+05
3.072540000000000000e+05
0.000000000000000000e+00
3.871260000000000000e+05
3.076500000000000000e+05
2.724420000000000000e+05
2.864890000000000000e+05
2.156490000000000000e+05
2.434000000000000000e+05
0.000000000000000000e+00
3.326530000000000000e+05
3.059460000000000000e+05
2.932960000000000000e+05
2.744660000000000000e+05
2.765790000000000000e+05
2.662080000000000000e+05
0.000000000000000000e+00
3.715700000000000000e+05
3.106160000000000000e+05
3.006910000000000000e+05
2.734680000000000000e+05
3.004280000000000000e+05
2.895260000000000000e+05
0.000000000000000000e+00
3.870530000000000000e+05
3.279630000000000000e+05
2.891850000000000000e+05
2.900130000000000000e+05
2.843230000000000000e+05
2.891160000000000000e+05
0.000000000000000000e+00
4.101750000000000000e+05
3.500790000000000000e+05
3.505440000000000000e+05
3.033790000000000000e+05
3.108950000000000000e+05
2.655000000000000000e+05
0.000000000000000000e+00
3.391500000000000000e+05
2.715390000000000000e+05
2.748560000000000000e+05
2.670090000000000000e+05
2.850250000000000000e+05
2.780760000000000000e+05
0.000000000000000000e+00
4.117700000000000000e+05
3.201590000000000000e+05
2.812060000000000000e+05
2.930280000000000000e+05
2.782100000000000000e+05
2.759200000000000000e+05
0.000000000000000000e+00
3.723720000000000000e+05
2.942510000000000000e+05
2.792340000000000000e+05
2.661420000000000000e+05
2.494480000000000000e+05
2.240010000000000000e+05
0.000000000000000000e+00
3.439600000000000000e+05
2.648860000000000000e+05
2.806470000000000000e+05
2.689080000000000000e+05
2.664590000000000000e+05
2.571960000000000000e+05
0.000000000000000000e+00
4.143970000000000000e+05
3.341210000000000000e+05
3.452930000000000000e+05
3.315650000000000000e+05
