0.000000000000000000e+00
1.884600000000000000e+04
1.032720000000000000e+05
9.301900000000000000e+04
3.693860000000000000e+05
6.885500000000000000e+04
4.202900000000000000e+04
0.000000000000000000e+00
6.447200000000000000e+04
1.143500000000000000e+05
1.234110000000000000e+05
5.390890000000000000e+05
8.368700000000000000e+04
6.506900000000000000e+04
0.000000000000000000e+00
7.676700000000000000e+04
1.084370000000000000e+05
1.070260000000000000e+05
3.949490000000000000e+05
1.246230000000000000e+05
8.069500000000000000e+04
0.000000000000000000e+00
9.871000000000000000e+04
2.197550000000000000e+05
0.000000000000000000e+00
0.000000000000000000e+00
0.000000000000000000e+00
0.000000000000000000e+00
0.000000000000000000e+00
0.000000000000000000e+00
0.000000000000000000e+00
6.564000000000000000e+04
2.893010000000000000e+05
8.755900000000000000e+04
6.018700000000000000e+04
0.000000000000000000e+00
7.403400000000000000e+04
8.404300000000000000e+04
8.573200000000000000e+04
5.473050000000000000e+05
9.152900000000000000e+04
5.236200000000000000e+04
0.000000000000000000e+00
6.594000000000000000e+04
9.518500000000000000e+04
7.066300000000000000e+04
6.276600000000000000e+05
1.008110000000000000e+05
5.860200000000000000e+04
0.000000000000000000e+00
6.892300000000000000e+04
9.084000000000000000e+04
9.253200000000000000e+04
4.710030000000000000e+05
8.198100000000000000e+04
5.964700000000000000e+04
0.000000000000000000e+00
8.301700000000000000e+04
9.177300000000000000e+04
1.150900000000000000e+05
5.008690000000000000e+05
8.972300000000000000e+04
7.688900000000000000e+04
0.000000000000000000e+00
7.631700000000000000e+04
1.015690000000000000e+05
1.018090000000000000e+05
4.763310000000000000e+05
9.824700000000000000e+04
8.163800000000000000e+04
0.000000000000000000e+00
8.720800000000000000e+04
9.251800000000000000e+04
9.250800000000000000e+04
7.918300000000000000e+04
1.190620000000000000e+05
6.893800000000000000e+04
0.000000000000000000e+00
9.101500000000000000e+04
9.262600000000000000e+04
8.942500000000000000e+04
9.881900000000000000e+04
8.266800000000000000e+04
6.323500000000000000e+04
0.000000000000000000e+00
8.475800000000000000e+04
5.058110000000000000e+05
3.280720000000000000e+05
1.591770000000000000e+05
7.822700000000000000e+04
1.091600000000000000e+05
0.000000000000000000e+00
8.477200000000000000e+04
7.057590000000000000e+05
9.098800000000000000e+04
2.888760000000000000e+05
7.393800000000000000e+04
6.935600000000000000e+04
0.000000000000000000e+00
9.788600000000000000e+04
1.036861000000000000e+06
8.916400000000000000e+04
2.305770000000000000e+05
1.066810000000000000e+05
8.942400000000000000e+04
0.000000000000000000e+00
8.521800000000000000e+04
6.310190000000000000e+05
9.433600000000000000e+04
2.143710000000000000e+05
1.237880000000000000e+05
1.019280000000000000e+05
0.000000000000000000e+00
1.182380000000000000e+05
2.954820000000000000e+05
9.981500000000000000e+04
1.574580000000000000e+05
1.186970000000000000e+05
1.000130000000000000e+05
0.000000000000000000e+00
1.569970000000000000e+05
1.758920000000000000e+05
1.265260000000000000e+05
3.305590000000000000e+05
1.239480000000000000e+05
8.345200000000000000e+04
0.000000000000000000e+00
1.363890000000000000e+05
1.992450000000000000e+05
1.772210000000000000e+05
1.458730000000000000e+05
1.976750000000000000e+05
1.381530000000000000e+05
0.000000000000000000e+00
3.221200000000000000e+05
2.971410000000000000e+05
2.919160000000000000e+05
2.829740000000000000e+05
3.064150000000000000e+05
2.513020000000000000e+05
0.000000000000000000e+00
5.773460000000000000e+05
6.671610000000000000e+05
5.775220000000000000e+05
5.144850000000000000e+05
6.144890000000000000e+05
4.927070000000000000e+05
0.000000000000000000e+00
6.565840000000000000e+05
6.551100000000000000e+05
6.930540000000000000e+05
6.036020000000000000e+05
5.909300000000000000e+05
5.319210000000000000e+05
0.000000000000000000e+00
7.311030000000000000e+05
6.311420000000000000e+05
3.166730000000000000e+05
3.869910000000000000e+05
4.722590000000000000e+05
2.787810000000000000e+05
0.000000000000000000e+00
5.790100000000000000e+05
2.851900000000000000e+05
3.536780000000000000e+05
2.660510000000000000e+05
3.054800000000000000e+05
1.828290000000000000e+05
0.000000000000000000e+00
3.207820000000000000e+05
1.726490000000000000e+05
2.346260000000000000e+05
1.913400000000000000e+05
2.351210000000000000e+05
1.644550000000000000e+05
0.000000000000000000e+00
1.908400000000000000e+05
1.646640000000000000e+05
1.052630000000000000e+05
1.466020000000000000e+05
2.942860000000000000e+05
1.368110000000000000e+05
0.000000000000000000e+00
1.360910000000000000e+05
1.190020000000000000e+05
1.084480000000000000e+05
1.108530000000000000e+05
7.070900000000000000e+04
6.892000000000000000e+04
0.000000000000000000e+00
8.517800000000000000e+04
9.951700000000000000e+04
9.262800000000000000e+04
9.220500000000000000e+04
1.144940000000000000e+05
9.021400000000000000e+04
0.000000000000000000e+00
9.542800000000000000e+04
9.070200000000000000e+04
8.248900000000000000e+04
8.466700000000000000e+04
8.960100000000000000e+04
6.858300000000000000e+04
0.000000000000000000e+00
1.464760000000000000e+05
8.633700000000000000e+04
9.171900000000000000e+04
8.581100000000000000e+04
7.392600000000000000e+04
6.296500000000000000e+04
0.000000000000000000e+00
1.305480000000000000e+05
1.259740000000000000e+05
1.023080000000000000e+05
9.884400000000000000e+04
7.704000000000000000e+04
1.199300000000000000e+04
0.000000000000000000e+00
8.715700000000000000e+04
8.809400000000000000e+04
7.454900000000000000e+04
8.455400000000000000e+04
7.469700000000000000e+04
6.938700000000000000e+04
0.000000000000000000e+00
9.270300000000000000e+04
7.577500000000000000e+04
8.959800000000000000e+04
8.553300000000000000e+04
6.540800000000000000e+04
5.519000000000000000e+04
0.000000000000000000e+00
7.801000000000000000e+04
9.185900000000000000e+04
8.952000000000000000e+04
7.664500000000000000e+04
1.514380000000000000e+05
9.252400000000000000e+04
0.000000000000000000e+00
6.761000000000000000e+04
9.756100000000000000e+04
9.057300000000000000e+04
1.462730000000000000e+05
1.314540000000000000e+05
6.888000000000000000e+04
0.000000000000000000e+00
1.209470000000000000e+05
1.116730000000000000e+05
5.829000000000000000e+04
8.357500000000000000e+04
6.564500000000000000e+04
7.581300000000000000e+04
0.000000000000000000e+00
6.593800000000000000e+04
9.326700000000000000e+04
7.824000000000000000e+04
9.276900000000000000e+04
1.133750000000000000e+05
8.409700000000000000e+04
0.000000000000000000e+00
1.647120000000000000e+05
1.265140000000000000e+05
9.338900000000000000e+04
3.403570000000000000e+05
1.057160000000000000e+05
1.022140000000000000e+05
0.000000000000000000e+00
1.249610000000000000e+05
1.168200000000000000e+05
9.836700000000000000e+04
2.813150000000000000e+05
1.270640000000000000e+05
1.862470000000000000e+05
7.782000000000000000e+03
1.046420000000000000e+05
2.725000000000000000e+04
0.000000000000000000e+00
0.000000000000000000e+00
0.000000000000000000e+00
2.412200000000000000e+04
0.000000000000000000e+00
8.585400000000000000e+04
1.226410000000000000e+05
1.091370000000000000e+05
1.716320000000000000e+05
8.271600000000000000e+04
6.954800000000000000e+04
0.000000000000000000e+00
1.190590000000000000e+05
7.455500000000000000e+04
7.409000000000000000e+04
1.229990000000000000e+05
7.243200000000000000e+04
7.681900000000000000e+04
0.000000000000000000e+00
9.980200000000000000e+04
1.003070000000000000e+05
7.050100000000000000e+04
1.219220000000000000e+05
7.806200000000000000e+04
6.300000000000000000e+04
0.000000000000000000e+00
5.374300000000000000e+04
1.467490000000000000e+05
2.399130000000000000e+05
1.378540000000000000e+05
1.186570000000000000e+05
7.063500000000000000e+04
0.000000000000000000e+00
9.542600000000000000e+04
1.206000000000000000e+05
1.073660000000000000e+05
1.339790000000000000e+05
1.070490000000000000e+05
9.797800000000000000e+04
0.000000000000000000e+00
1.004520000000000000e+05
1.257000000000000000e+05
1.256980000000000000e+05
2.099520000000000000e+05
1.238440000000000000e+05
8.283000000000000000e+04
0.000000000000000000e+00
1.143890000000000000e+05
1.562790000000000000e+05
1.008240000000000000e+05
3.414840000000000000e+05
9.087900000000000000e+04
9.430700000000000000e+04
0.000000000000000000e+00
1.051720000000000000e+05
7.436200000000000000e+04
4.511960000000000000e+05
2.182410000000000000e+05
1.341170000000000000e+05
8.256900000000000000e+04
0.000000000000000000e+00
8.718700000000000000e+04
1.136580000000000000e+05
8.378100000000000000e+04
1.365440000000000000e+05
8.087700000000000000e+04
6.397300000000000000e+04
0.000000000000000000e+00
1.000560000000000000e+05
1.057370000000000000e+05
8.579200000000000000e+04
1.012860000000000000e+05
8.613300000000000000e+04
5.913500000000000000e+04
0.000000000000000000e+00
1.028550000000000000e+05
9.786600000000000000e+04
9.234400000000000000e+04
9.338700000000000000e+04
9.291300000000000000e+04
6.454600000000000000e+04
0.000000000000000000e+00
6.295300000000000000e+04
1.214620000000000000e+05
1.160330000000000000e+05
1.706820000000000000e+05
2.128800000000000000e+05
4.435800000000000000e+04
0.000000000000000000e+00
0.000000000000000000e+00
1.896400000000000000e+04
1.304480000000000000e+05
8.329600000000000000e+04
1.224280000000000000e+05
7.819100000000000000e+04
0.000000000000000000e+00
7.308600000000000000e+04
1.033380000000000000e+05
1.016610000000000000e+05
7.372800000000000000e+04
6.272900000000000000e+04
6.254700000000000000e+04
0.000000000000000000e+00
7.901800000000000000e+04
1.761420000000000000e+05
8.677300000000000000e+04
9.356700000000000000e+04
9.143900000000000000e+04
7.110200000000000000e+04
0.000000000000000000e+00
8.365500000000000000e+04
9.869300000000000000e+04
8.789200000000000000e+04
6.947100000000000000e+04
6.719100000000000000e+04
5.030900000000000000e+04
0.000000000000000000e+00
8.409300000000000000e+04
1.157520000000000000e+05
1.254930000000000000e+05
1.241830000000000000e+05
1.476930000000000000e+05
1.266470000000000000e+05
0.000000000000000000e+00
9.663000000000000000e+04
1.418680000000000000e+05
8.630900000000000000e+04
1.142360000000000000e+05
9.259300000000000000e+04
9.134600000000000000e+04
0.000000000000000000e+00
1.193060000000000000e+05
1.428980000000000000e+05
1.061610000000000000e+05
1.245270000000000000e+05
0.000000000000000000e+00
0.000000000000000000e+00
0.000000000000000000e+00
6.005200000000000000e+04
6.843000000000000000e+04
8.143100000000000000e+04
8.523400000000000000e+04
6.729300000000000000e+04
8.034500000000000000e+04
0.000000000000000000e+00
2.368390000000000000e+05
9.585500000000000000e+04
1.140220000000000000e+05
1.128230000000000000e+05
9.443300000000000000e+04
8.688300000000000000e+04
0.000000000000000000e+00
8.676400000000000000e+04
1.185570000000000000e+05
8.892300000000000000e+04
9.814500000000000000e+04
1.110780000000000000e+05
8.620300000000000000e+04
0.000000000000000000e+00
1.033610000000000000e+05
1.169130000000000000e+05
9.636200000000000000e+04
1.756400000000000000e+05
1.323800000000000000e+05
1.052740000000000000e+05
0.000000000000000000e+00
1.071680000000000000e+05
1.607210000000000000e+05
1.072310000000000000e+05
8.383100000000000000e+04
1.248290000000000000e+05
1.022100000000000000e+05
0.000000000000000000e+00
1.207510000000000000e+05
1.436110000000000000e+05
1.582510000000000000e+05
1.198720000000000000e+05
1.338490000000000000e+05
2.348450000000000000e+05
0.000000000000000000e+00
1.382770000000000000e+05
1.637170000000000000e+05
1.177490000000000000e+05
1.349340000000000000e+05
8.954000000000000000e+04
1.022180000000000000e+05
0.000000000000000000e+00
1.279470000000000000e+05
1.626410000000000000e+05
1.419660000000000000e+05
1.539640000000000000e+05
1.292130000000000000e+05
1.131030000000000000e+05
0.000000000000000000e+00
1.070780000000000000e+05
1.412250000000000000e+05
1.557580000000000000e+05
2.479120000000000000e+05
1.782390000000000000e+05
9.451800000000000000e+04
0.000000000000000000e+00
1.029780000000000000e+05
1.329370000000000000e+05
9.774100000000000000e+04
1.054480000000000000e+05
1.401270000000000000e+05
1.098210000000000000e+05
0.000000000000000000e+00
1.858640000000000000e+05
2.814430000000000000e+05
1.590900000000000000e+05
1.208890000000000000e+05
1.581330000000000000e+05
2.573270000000000000e+05
0.000000000000000000e+00
1.743300000000000000e+05
1.534400000000000000e+05
1.630650000000000000e+05
1.913660000000000000e+05
2.000060000000000000e+05
1.707370000000000000e+05
0.000000000000000000e+00
3.429000000000000000e+05
2.699000000000000000e+05
3.133520000000000000e+05
2.082380000000000000e+05
3.159360000000000000e+05
1.628300000000000000e+05
0.000000000000000000e+00
4.079630000000000000e+05
3.447470000000000000e+05
3.891540000000000000e+05
4.332160000000000000e+05
4.514670000000000000e+05
4.570470000000000000e+05
0.000000000000000000e+00
9.643910000000000000e+05
6.194610000000000000e+05
5.149060000000000000e+05
7.033750000000000000e+05
7.480980000000000000e+05
4.740400000000000000e+05
0.000000000000000000e+00
7.575230000000000000e+05
6.221630000000000000e+05
4.481920000000000000e+05
4.526380000000000000e+05
5.389860000000000000e+05
3.140020000000000000e+05
0.000000000000000000e+00
4.330720000000000000e+05
3.508530000000000000e+05
3.193020000000000000e+05
2.671840000000000000e+05
3.092300000000000000e+05
2.336450000000000000e+05
0.000000000000000000e+00
3.356940000000000000e+05
2.289890000000000000e+05
2.062290000000000000e+05
2.881700000000000000e+05
2.486690000000000000e+05
2.003830000000000000e+05
0.000000000000000000e+00
2.637070000000000000e+05
2.222210000000000000e+05
1.089920000000000000e+05
2.291720000000000000e+05
2.034480000000000000e+05
1.789660000000000000e+05
0.000000000000000000e+00
1.886520000000000000e+05
1.443960000000000000e+05
1.167010000000000000e+05
1.534380000000000000e+05
1.442840000000000000e+05
9.765800000000000000e+04
0.000000000000000000e+00
1.293490000000000000e+05
2.456580000000000000e+05
2.491110000000000000e+05
1.157870000000000000e+05
2.026590000000000000e+05
9.018400000000000000e+04
0.000000000000000000e+00
2.147690000000000000e+05
1.411700000000000000e+05
1.019370000000000000e+05
9.107500000000000000e+04
1.137780000000000000e+05
8.281500000000000000e+04
0.000000000000000000e+00
1.189200000000000000e+05
1.758640000000000000e+05
8.821900000000000000e+04
9.182000000000000000e+04
1.062500000000000000e+05
6.741300000000000000e+04
0.000000000000000000e+00
1.004090000000000000e+05
1.539450000000000000e+05
2.388780000000000000e+05
1.124560000000000000e+05
1.041230000000000000e+05
2.086200000000000000e+04
0.000000000000000000e+00
7.983500000000000000e+04
8.841400000000000000e+04
1.352310000000000000e+05
8.601700000000000000e+04
1.160390000000000000e+05
6.544100000000000000e+04
0.000000000000000000e+00
8.035500000000000000e+04
1.143070000000000000e+05
7.289800000000000000e+04
1.023540000000000000e+05
1.310990000000000000e+05
0.000000000000000000e+00
0.000000000000000000e+00
1.030160000000000000e+05
1.013260000000000000e+05
1.018070000000000000e+05
1.051960000000000000e+05
7.828200000000000000e+04
7.164200000000000000e+04
0.000000000000000000e+00
8.722800000000000000e+04
7.866000000000000000e+04
9.322900000000000000e+04
8.885700000000000000e+04
1.365640000000000000e+05
7.832900000000000000e+04
0.000000000000000000e+00
9.475900000000000000e+04
8.353300000000000000e+04
1.892490000000000000e+05
1.456050000000000000e+05
1.158420000000000000e+05
8.819900000000000000e+04
0.000000000000000000e+00
9.080900000000000000e+04
1.309330000000000000e+05
1.317340000000000000e+05
1.076880000000000000e+05
9.218800000000000000e+04
9.197200000000000000e+04
0.000000000000000000e+00
1.227270000000000000e+05
1.706080000000000000e+05
1.291140000000000000e+05
1.372900000000000000e+05
1.520410000000000000e+05
8.663200000000000000e+04
9.000000000000000000e+01
0.000000000000000000e+00
0.000000000000000000e+00
0.000000000000000000e+00
8.518400000000000000e+04
1.022810000000000000e+05
7.368900000000000000e+04
0.000000000000000000e+00
1.080870000000000000e+05
1.452340000000000000e+05
9.521300000000000000e+04
9.685200000000000000e+04
9.598400000000000000e+04
7.951700000000000000e+04
0.000000000000000000e+00
6.666100000000000000e+04
1.078710000000000000e+05
1.027640000000000000e+05
1.248350000000000000e+05
1.112080000000000000e+05
9.739600000000000000e+04
0.000000000000000000e+00
1.096980000000000000e+05
1.339390000000000000e+05
1.099240000000000000e+05
1.113220000000000000e+05
1.055240000000000000e+05
8.409700000000000000e+04
0.000000000000000000e+00
1.021680000000000000e+05
8.397300000000000000e+04
1.036110000000000000e+05
9.179900000000000000e+04
9.430800000000000000e+04
7.198700000000000000e+04
0.000000000000000000e+00
9.720000000000000000e+04
1.046940000000000000e+05
1.258830000000000000e+05
1.309260000000000000e+05
1.142730000000000000e+05
8.802900000000000000e+04
0.000000000000000000e+00
1.068520000000000000e+05
1.310560000000000000e+05
1.287510000000000000e+05
1.022170000000000000e+05
9.501500000000000000e+04
1.155410000000000000e+05
0.000000000000000000e+00
1.626590000000000000e+05
1.318350000000000000e+05
1.544720000000000000e+05
1.813770000000000000e+05
1.414410000000000000e+05
1.197670000000000000e+05
0.000000000000000000e+00
1.303270000000000000e+05
1.503350000000000000e+05
1.231150000000000000e+05
1.673200000000000000e+05
1.221450000000000000e+05
1.390570000000000000e+05
0.000000000000000000e+00
1.318310000000000000e+05
1.088210000000000000e+05
1.032450000000000000e+05
2.530610000000000000e+05
1.436500000000000000e+05
9.686500000000000000e+04
0.000000000000000000e+00
1.123610000000000000e+05
1.291880000000000000e+05
9.629300000000000000e+04
1.057050000000000000e+05
1.261660000000000000e+05
8.753700000000000000e+04
0.000000000000000000e+00
6.730700000000000000e+04
1.212380000000000000e+05
1.119410000000000000e+05
7.168000000000000000e+04
1.099130000000000000e+05
6.936200000000000000e+04
0.000000000000000000e+00
1.045870000000000000e+05
1.302340000000000000e+05
1.220820000000000000e+05
9.813200000000000000e+04
9.072000000000000000e+04
9.491800000000000000e+04
0.000000000000000000e+00
9.579900000000000000e+04
8.570700000000000000e+04
9.939200000000000000e+04
8.639100000000000000e+04
9.761700000000000000e+04
1.078820000000000000e+05
0.000000000000000000e+00
1.198740000000000000e+05
0.000000000000000000e+00
1.283800000000000000e+04
2.065260000000000000e+05
1.314810000000000000e+05
1.167050000000000000e+05
0.000000000000000000e+00
1.088430000000000000e+05
9.349300000000000000e+04
1.025760000000000000e+05
1.004810000000000000e+05
8.833700000000000000e+04
9.817100000000000000e+04
0.000000000000000000e+00
7.916400000000000000e+04
1.356290000000000000e+05
1.618700000000000000e+05
1.215960000000000000e+05
1.103880000000000000e+05
8.686300000000000000e+04
0.000000000000000000e+00
1.134020000000000000e+05
1.120470000000000000e+05
1.310040000000000000e+05
1.190800000000000000e+05
1.208750000000000000e+05
9.012800000000000000e+04
0.000000000000000000e+00
1.150460000000000000e+05
1.536930000000000000e+05
1.433420000000000000e+05
1.440940000000000000e+05
2.308130000000000000e+05
1.052600000000000000e+05
9.300000000000000000e+02
2.343800000000000000e+04
0.000000000000000000e+00
0.000000000000000000e+00
3.489000000000000000e+03
1.173060000000000000e+05
1.106910000000000000e+05
0.000000000000000000e+00
9.904400000000000000e+04
1.537900000000000000e+05
9.579200000000000000e+04
1.027460000000000000e+05
1.172730000000000000e+05
9.114700000000000000e+04
0.000000000000000000e+00
1.067960000000000000e+05
1.119050000000000000e+05
1.195040000000000000e+05
1.179520000000000000e+05
1.245140000000000000e+05
1.029300000000000000e+05
0.000000000000000000e+00
1.010310000000000000e+05
1.287900000000000000e+05
1.231540000000000000e+05
1.789160000000000000e+05
1.110310000000000000e+05
9.943500000000000000e+04
0.000000000000000000e+00
1.205930000000000000e+05
1.967180000000000000e+05
1.215150000000000000e+05
1.090530000000000000e+05
1.147970000000000000e+05
1.185440000000000000e+05
0.000000000000000000e+00
1.174540000000000000e+05
1.231830000000000000e+05
1.283180000000000000e+05
1.302040000000000000e+05
1.392040000000000000e+05
8.821500000000000000e+04
0.000000000000000000e+00
1.472260000000000000e+05
1.403340000000000000e+05
1.289550000000000000e+05
9.722400000000000000e+04
1.119520000000000000e+05
1.096930000000000000e+05
0.000000000000000000e+00
1.300860000000000000e+05
1.401720000000000000e+05
1.437420000000000000e+05
1.570660000000000000e+05
1.466240000000000000e+05
9.926700000000000000e+04
0.000000000000000000e+00
1.664610000000000000e+05
1.515860000000000000e+05
1.081190000000000000e+05
1.268810000000000000e+05
1.142460000000000000e+05
9.127500000000000000e+04
0.000000000000000000e+00
9.040000000000000000e+04
1.142060000000000000e+05
1.370450000000000000e+05
8.308300000000000000e+04
1.224550000000000000e+05
1.192470000000000000e+05
0.000000000000000000e+00
1.650470000000000000e+05
1.639130000000000000e+05
1.710490000000000000e+05
1.295010000000000000e+05
1.347390000000000000e+05
9.669800000000000000e+04
0.000000000000000000e+00
1.466610000000000000e+05
1.930630000000000000e+05
1.531750000000000000e+05
1.330920000000000000e+05
1.380570000000000000e+05
1.438000000000000000e+05
0.000000000000000000e+00
2.266070000000000000e+05
2.240360000000000000e+05
1.933620000000000000e+05
1.956450000000000000e+05
2.232500000000000000e+05
2.124070000000000000e+05
0.000000000000000000e+00
2.647440000000000000e+05
2.670590000000000000e+05
2.986900000000000000e+05
2.983370000000000000e+05
3.333440000000000000e+05
2.703000000000000000e+05
0.000000000000000000e+00
4.744820000000000000e+05
3.528770000000000000e+05
4.062390000000000000e+05
3.897300000000000000e+05
4.618760000000000000e+05
2.944770000000000000e+05
0.000000000000000000e+00
4.453910000000000000e+05
3.155190000000000000e+05
3.673630000000000000e+05
5.600890000000000000e+05
7.267680000000000000e+05
6.191240000000000000e+05
0.000000000000000000e+00
8.736350000000000000e+05
6.073360000000000000e+05
7.674490000000000000e+05
7.092500000000000000e+05
8.115860000000000000e+05
6.419470000000000000e+05
0.000000000000000000e+00
1.092163000000000000e+06
8.089610000000000000e+05
9.002380000000000000e+05
8.023080000000000000e+05
3.476980000000000000e+05
3.341350000000000000e+05
0.000000000000000000e+00
4.826280000000000000e+05
5.940210000000000000e+05
4.464620000000000000e+05
3.301260000000000000e+05
4.169950000000000000e+05
2.486070000000000000e+05
0.000000000000000000e+00
4.376910000000000000e+05
3.433530000000000000e+05
2.495580000000000000e+05
3.182640000000000000e+05
3.653090000000000000e+05
2.187080000000000000e+05
0.000000000000000000e+00
3.709120000000000000e+05
3.323420000000000000e+05
2.908580000000000000e+05
1.772030000000000000e+05
2.474180000000000000e+05
1.357450000000000000e+05
0.000000000000000000e+00
2.262070000000000000e+05
2.346080000000000000e+05
2.934040000000000000e+05
1.957310000000000000e+05
1.682330000000000000e+05
1.248810000000000000e+05
0.000000000000000000e+00
1.628720000000000000e+05
1.755840000000000000e+05
1.744420000000000000e+05
1.162730000000000000e+05
1.813810000000000000e+05
1.217710000000000000e+05
0.000000000000000000e+00
2.113240000000000000e+05
2.019860000000000000e+05
1.558510000000000000e+05
1.438350000000000000e+05
1.925910000000000000e+05
1.091790000000000000e+05
0.000000000000000000e+00
1.150080000000000000e+05
1.471830000000000000e+05
1.251730000000000000e+05
1.254180000000000000e+05
1.331490000000000000e+05
6.872900000000000000e+04
0.000000000000000000e+00
1.637270000000000000e+05
1.632160000000000000e+05
1.728150000000000000e+05
1.013020000000000000e+05
1.331060000000000000e+05
1.958300000000000000e+04
0.000000000000000000e+00
1.801140000000000000e+05
1.230110000000000000e+05
2.060920000000000000e+05
1.689320000000000000e+05
1.559080000000000000e+05
8.002300000000000000e+04
0.000000000000000000e+00
1.094190000000000000e+05
1.316270000000000000e+05
1.388670000000000000e+05
1.066910000000000000e+05
1.253490000000000000e+05
8.461500000000000000e+04
0.000000000000000000e+00
1.474600000000000000e+05
1.518570000000000000e+05
1.136080000000000000e+05
1.019060000000000000e+05
1.544640000000000000e+05
7.330900000000000000e+04
0.000000000000000000e+00
3.635150000000000000e+05
1.348630000000000000e+05
1.108180000000000000e+05
1.593960000000000000e+05
1.296960000000000000e+05
1.233290000000000000e+05
0.000000000000000000e+00
1.866470000000000000e+05
1.802490000000000000e+05
1.443860000000000000e+05
1.570700000000000000e+05
1.400530000000000000e+05
1.057920000000000000e+05
2.500000000000000000e+02
1.769230000000000000e+05
1.294860000000000000e+05
1.127910000000000000e+05
3.674400000000000000e+04
0.000000000000000000e+00
0.000000000000000000e+00
0.000000000000000000e+00
7.349600000000000000e+04
1.276190000000000000e+05
1.296610000000000000e+05
1.220600000000000000e+05
9.732000000000000000e+04
9.450400000000000000e+04
0.000000000000000000e+00
9.241400000000000000e+04
1.174200000000000000e+05
1.652680000000000000e+05
1.486190000000000000e+05
1.822000000000000000e+05
7.437800000000000000e+04
0.000000000000000000e+00
2.123630000000000000e+05
1.619670000000000000e+05
1.314750000000000000e+05
8.966400000000000000e+04
1.496510000000000000e+05
9.797600000000000000e+04
0.000000000000000000e+00
1.507180000000000000e+05
2.005420000000000000e+05
1.027630000000000000e+05
9.778200000000000000e+04
1.208530000000000000e+05
1.047160000000000000e+05
0.000000000000000000e+00
1.213210000000000000e+05
1.498750000000000000e+05
1.227350000000000000e+05
1.156230000000000000e+05
1.618330000000000000e+05
1.183150000000000000e+05
0.000000000000000000e+00
8.827800000000000000e+04
1.028490000000000000e+05
1.262070000000000000e+05
1.181140000000000000e+05
1.003150000000000000e+05
1.012930000000000000e+05
0.000000000000000000e+00
1.073550000000000000e+05
1.282940000000000000e+05
1.773550000000000000e+05
1.851370000000000000e+05
1.484350000000000000e+05
1.090220000000000000e+05
0.000000000000000000e+00
1.435270000000000000e+05
1.193900000000000000e+05
1.706060000000000000e+05
1.153210000000000000e+05
1.796740000000000000e+05
1.359740000000000000e+05
0.000000000000000000e+00
1.444560000000000000e+05
1.774490000000000000e+05
1.567870000000000000e+05
1.678250000000000000e+05
1.552750000000000000e+05
1.636480000000000000e+05
0.000000000000000000e+00
1.457480000000000000e+05
1.456810000000000000e+05
1.629710000000000000e+05
1.492780000000000000e+05
1.375920000000000000e+05
9.176300000000000000e+04
0.000000000000000000e+00
1.235300000000000000e+05
1.275240000000000000e+05
2.003980000000000000e+05
1.290080000000000000e+05
1.416390000000000000e+05
1.050260000000000000e+05
0.000000000000000000e+00
1.618790000000000000e+05
1.399230000000000000e+05
1.252120000000000000e+05
1.044420000000000000e+05
1.550230000000000000e+05
8.050100000000000000e+04
0.000000000000000000e+00
1.616630000000000000e+05
1.341870000000000000e+05
1.082590000000000000e+05
1.467400000000000000e+05
9.978600000000000000e+04
8.563300000000000000e+04
0.000000000000000000e+00
1.086180000000000000e+05
1.263840000000000000e+05
1.447660000000000000e+05
1.457770000000000000e+05
9.804800000000000000e+04
1.006160000000000000e+05
0.000000000000000000e+00
1.317600000000000000e+05
1.087220000000000000e+05
1.116630000000000000e+05
8.512200000000000000e+04
1.347620000000000000e+05
8.105400000000000000e+04
0.000000000000000000e+00
1.244720000000000000e+05
2.062250000000000000e+05
0.000000000000000000e+00
1.577700000000000000e+04
2.238190000000000000e+05
1.064310000000000000e+05
0.000000000000000000e+00
9.812700000000000000e+04
1.921460000000000000e+05
1.007550000000000000e+05
1.147600000000000000e+05
1.546120000000000000e+05
8.223300000000000000e+04
0.000000000000000000e+00
1.308430000000000000e+05
1.564840000000000000e+05
1.980030000000000000e+05
1.645580000000000000e+05
1.288840000000000000e+05
1.245480000000000000e+05
0.000000000000000000e+00
1.695050000000000000e+05
1.687150000000000000e+05
2.699680000000000000e+05
1.846110000000000000e+05
2.003600000000000000e+04
0.000000000000000000e+00
0.000000000000000000e+00
0.000000000000000000e+00
6.721200000000000000e+04
7.510600000000000000e+04
1.324500000000000000e+05
1.895250000000000000e+05
1.026060000000000000e+05
0.000000000000000000e+00
1.358980000000000000e+05
1.364670000000000000e+05
1.303560000000000000e+05
1.464520000000000000e+05
1.172440000000000000e+05
1.027540000000000000e+05
0.000000000000000000e+00
1.002540000000000000e+05
1.258740000000000000e+05
8.829800000000000000e+04
1.209490000000000000e+05
1.054950000000000000e+05
1.013170000000000000e+05
0.000000000000000000e+00
1.541540000000000000e+05
1.797770000000000000e+05
1.672520000000000000e+05
1.146560000000000000e+05
1.363390000000000000e+05
1.191730000000000000e+05
0.000000000000000000e+00
1.361250000000000000e+05
1.629330000000000000e+05
1.193300000000000000e+05
1.436210000000000000e+05
1.588530000000000000e+05
1.157550000000000000e+05
0.000000000000000000e+00
1.641100000000000000e+05
1.798600000000000000e+05
1.764020000000000000e+05
1.512810000000000000e+05
1.361100000000000000e+05
1.042800000000000000e+05
0.000000000000000000e+00
1.655290000000000000e+05
1.642220000000000000e+05
1.119900000000000000e+05
1.479870000000000000e+05
1.437350000000000000e+05
1.019830000000000000e+05
0.000000000000000000e+00
1.533700000000000000e+05
1.927670000000000000e+05
1.462470000000000000e+05
1.572220000000000000e+05
1.634260000000000000e+05
1.097660000000000000e+05
0.000000000000000000e+00
1.497770000000000000e+05
1.617210000000000000e+05
1.672850000000000000e+05
1.761730000000000000e+05
1.603200000000000000e+05
9.004400000000000000e+04
0.000000000000000000e+00
2.280570000000000000e+05
2.367190000000000000e+05
1.794830000000000000e+05
2.110380000000000000e+05
1.504640000000000000e+05
1.224020000000000000e+05
0.000000000000000000e+00
1.576830000000000000e+05
1.626270000000000000e+05
1.317010000000000000e+05
1.890870000000000000e+05
1.330790000000000000e+05
1.418670000000000000e+05
0.000000000000000000e+00
1.544850000000000000e+05
1.446300000000000000e+05
1.470470000000000000e+05
1.793940000000000000e+05
9.912300000000000000e+04
1.267150000000000000e+05
0.000000000000000000e+00
1.600230000000000000e+05
1.897590000000000000e+05
1.377220000000000000e+05
1.908750000000000000e+05
1.346750000000000000e+05
1.804830000000000000e+05
0.000000000000000000e+00
2.632670000000000000e+05
2.358890000000000000e+05
2.966830000000000000e+05
3.124070000000000000e+05
4.247220000000000000e+05
2.381120000000000000e+05
0.000000000000000000e+00
4.512060000000000000e+05
2.950540000000000000e+05
2.655830000000000000e+05
3.577390000000000000e+05
1.909030000000000000e+05
2.783200000000000000e+05
0.000000000000000000e+00
3.596050000000000000e+05
2.536570000000000000e+05
3.296150000000000000e+05
4.211480000000000000e+05
4.934110000000000000e+05
2.578010000000000000e+05
0.000000000000000000e+00
3.073440000000000000e+05
4.637190000000000000e+05
3.584700000000000000e+05
3.967930000000000000e+05
8.264000000000000000e+05
6.160020000000000000e+05
0.000000000000000000e+00
9.435140000000000000e+05
7.969410000000000000e+05
5.861390000000000000e+05
6.912810000000000000e+05
6.357820000000000000e+05
4.152760000000000000e+05
0.000000000000000000e+00
6.888340000000000000e+05
5.912250000000000000e+05
5.131860000000000000e+05
4.119580000000000000e+05
4.583010000000000000e+05
4.052820000000000000e+05
0.000000000000000000e+00
4.824470000000000000e+05
4.639840000000000000e+05
1.457100000000000000e+05
2.816490000000000000e+05
2.638380000000000000e+05
2.021150000000000000e+05
0.000000000000000000e+00
1.450440000000000000e+05
2.662110000000000000e+05
2.650940000000000000e+05
2.273420000000000000e+05
1.884750000000000000e+05
1.036110000000000000e+05
0.000000000000000000e+00
1.446970000000000000e+05
3.213010000000000000e+05
2.141320000000000000e+05
1.387600000000000000e+05
1.527550000000000000e+05
1.735110000000000000e+05
0.000000000000000000e+00
2.631350000000000000e+05
1.154520000000000000e+05
1.918610000000000000e+05
1.532440000000000000e+05
1.879710000000000000e+05
9.899800000000000000e+04
0.000000000000000000e+00
1.860690000000000000e+05
1.481570000000000000e+05
1.785310000000000000e+05
1.007540000000000000e+05
1.459390000000000000e+05
8.204700000000000000e+04
0.000000000000000000e+00
1.091290000000000000e+05
1.142810000000000000e+05
1.549410000000000000e+05
1.523910000000000000e+05
1.297720000000000000e+05
1.199970000000000000e+05
0.000000000000000000e+00
1.094270000000000000e+05
1.368970000000000000e+05
7.791000000000000000e+04
1.166580000000000000e+05
1.037170000000000000e+05
7.498100000000000000e+04
0.000000000000000000e+00
9.817600000000000000e+04
1.040090000000000000e+05
8.940800000000000000e+04
1.274780000000000000e+05
1.312950000000000000e+05
1.260300000000000000e+04
0.000000000000000000e+00
1.652680000000000000e+05
9.048800000000000000e+04
1.039570000000000000e+05
8.346900000000000000e+04
1.050010000000000000e+05
8.095100000000000000e+04
0.000000000000000000e+00
9.983400000000000000e+04
1.149590000000000000e+05
1.062400000000000000e+05
1.218250000000000000e+05
1.044810000000000000e+05
6.019600000000000000e+04
0.000000000000000000e+00
8.154600000000000000e+04
9.384100000000000000e+04
9.316600000000000000e+04
1.130040000000000000e+05
8.275500000000000000e+04
9.771400000000000000e+04
0.000000000000000000e+00
1.961400000000000000e+05
1.702200000000000000e+05
7.656100000000000000e+04
9.399000000000000000e+04
7.493000000000000000e+04
8.384600000000000000e+04
0.000000000000000000e+00
1.451640000000000000e+05
1.687430000000000000e+05
1.184940000000000000e+05
8.322200000000000000e+04
7.455900000000000000e+04
5.643900000000000000e+04
0.000000000000000000e+00
4.089900000000000000e+04
7.404100000000000000e+04
8.343900000000000000e+04
9.512100000000000000e+04
9.103300000000000000e+04
8.366100000000000000e+04
0.000000000000000000e+00
1.029630000000000000e+05
1.319900000000000000e+05
1.140950000000000000e+05
1.456990000000000000e+05
9.995800000000000000e+04
9.741100000000000000e+04
0.000000000000000000e+00
1.135390000000000000e+05
1.491360000000000000e+05
1.071560000000000000e+05
1.343580000000000000e+05
1.269260000000000000e+05
1.103560000000000000e+05
5.800000000000000000e+02
1.755840000000000000e+05
1.602080000000000000e+05
4.829600000000000000e+04
0.000000000000000000e+00
0.000000000000000000e+00
0.000000000000000000e+00
0.000000000000000000e+00
8.267100000000000000e+04
1.559270000000000000e+05
1.141780000000000000e+05
1.022990000000000000e+05
8.742500000000000000e+04
6.811200000000000000e+04
0.000000000000000000e+00
1.134260000000000000e+05
5.921200000000000000e+04
1.004050000000000000e+05
1.347750000000000000e+05
5.273200000000000000e+04
6.824900000000000000e+04
0.000000000000000000e+00
1.060630000000000000e+05
1.150000000000000000e+05
7.803200000000000000e+04
1.101930000000000000e+05
9.892500000000000000e+04
8.275100000000000000e+04
0.000000000000000000e+00
8.435100000000000000e+04
1.074940000000000000e+05
1.205170000000000000e+05
1.141020000000000000e+05
6.046000000000000000e+04
8.726200000000000000e+04
0.000000000000000000e+00
1.129870000000000000e+05
1.542870000000000000e+05
1.269850000000000000e+05
1.262770000000000000e+05
1.494590000000000000e+05
9.284400000000000000e+04
0.000000000000000000e+00
1.155160000000000000e+05
1.358740000000000000e+05
1.476570000000000000e+05
1.182360000000000000e+05
1.303170000000000000e+05
1.331260000000000000e+05
0.000000000000000000e+00
1.447850000000000000e+05
1.309110000000000000e+05
1.619760000000000000e+05
1.275620000000000000e+05
1.535390000000000000e+05
7.563900000000000000e+04
0.000000000000000000e+00
1.189180000000000000e+05
1.335340000000000000e+05
1.296990000000000000e+05
1.360980000000000000e+05
8.427400000000000000e+04
1.359350000000000000e+05
0.000000000000000000e+00
2.120870000000000000e+05
1.890230000000000000e+05
9.327200000000000000e+04
1.296980000000000000e+05
9.092500000000000000e+04
9.252000000000000000e+04
0.000000000000000000e+00
1.029090000000000000e+05
1.190430000000000000e+05
8.217500000000000000e+04
9.510100000000000000e+04
6.146000000000000000e+04
6.294300000000000000e+04
0.000000000000000000e+00
9.077300000000000000e+04
9.985400000000000000e+04
7.346500000000000000e+04
1.006780000000000000e+05
6.482300000000000000e+04
1.155310000000000000e+05
0.000000000000000000e+00
6.943000000000000000e+04
8.850700000000000000e+04
9.071300000000000000e+04
8.742200000000000000e+04
9.321400000000000000e+04
5.218600000000000000e+04
0.000000000000000000e+00
7.757700000000000000e+04
1.169130000000000000e+05
8.007000000000000000e+04
1.364980000000000000e+05
