0.000000000000000000e+00
5.710000000000000000e+03
1.366800000000000000e+04
1.865000000000000000e+04
1.863300000000000000e+04
1.788700000000000000e+04
1.874600000000000000e+04
0.000000000000000000e+00
1.464800000000000000e+04
2.354300000000000000e+04
2.926500000000000000e+04
3.516900000000000000e+04
1.563600000000000000e+04
1.032600000000000000e+04
0.000000000000000000e+00
8.115000000000000000e+03
1.495100000000000000e+04
3.564200000000000000e+04
2.070800000000000000e+04
1.622900000000000000e+04
1.324000000000000000e+04
0.000000000000000000e+00
1.056200000000000000e+04
1.550900000000000000e+04
0.000000000000000000e+00
0.000000000000000000e+00
0.000000000000000000e+00
0.000000000000000000e+00
0.000000000000000000e+00
0.000000000000000000e+00
0.000000000000000000e+00
6.167000000000000000e+03
4.794300000000000000e+04
6.730000000000000000e+03
9.268000000000000000e+03
0.000000000000000000e+00
1.497100000000000000e+04
9.797000000000000000e+03
9.212000000000000000e+03
2.010400000000000000e+04
6.924000000000000000e+03
5.741000000000000000e+03
0.000000000000000000e+00
8.817000000000000000e+03
1.009800000000000000e+04
9.310000000000000000e+03
6.407000000000000000e+03
3.368600000000000000e+04
9.682000000000000000e+03
0.000000000000000000e+00
8.910000000000000000e+03
1.208700000000000000e+04
1.049200000000000000e+04
9.883000000000000000e+03
8.813000000000000000e+03
1.043500000000000000e+04
0.000000000000000000e+00
9.736000000000000000e+03
3.232100000000000000e+04
8.708000000000000000e+03
7.232000000000000000e+03
1.523800000000000000e+04
4.897000000000000000e+03
0.000000000000000000e+00
1.098700000000000000e+04
1.359300000000000000e+04
6.286000000000000000e+03
8.325000000000000000e+03
7.615000000000000000e+03
6.900000000000000000e+03
0.000000000000000000e+00
1.866700000000000000e+04
1.064100000000000000e+04
7.926000000000000000e+03
6.290000000000000000e+03
3.275200000000000000e+04
8.103000000000000000e+03
0.000000000000000000e+00
1.451400000000000000e+04
2.920900000000000000e+04
1.007100000000000000e+04
2.110600000000000000e+04
2.052900000000000000e+04
9.927000000000000000e+03
0.000000000000000000e+00
9.830000000000000000e+03
1.947300000000000000e+04
1.323600000000000000e+04
1.307300000000000000e+04
3.037800000000000000e+04
1.453000000000000000e+04
0.000000000000000000e+00
1.684700000000000000e+04
1.703400000000000000e+04
1.072700000000000000e+04
2.132500000000000000e+04
1.322900000000000000e+04
1.193700000000000000e+04
0.000000000000000000e+00
1.205500000000000000e+04
1.865100000000000000e+04
1.372500000000000000e+04
1.182800000000000000e+04
1.295900000000000000e+04
1.128900000000000000e+04
0.000000000000000000e+00
1.769300000000000000e+04
3.826400000000000000e+04
4.163700000000000000e+04
7.341600000000000000e+04
8.943000000000000000e+03
8.033000000000000000e+03
0.000000000000000000e+00
1.703100000000000000e+04
1.672800000000000000e+04
1.479700000000000000e+04
1.164000000000000000e+04
1.831800000000000000e+04
9.312000000000000000e+03
0.000000000000000000e+00
1.349500000000000000e+04
3.279700000000000000e+04
1.233000000000000000e+04
9.401000000000000000e+03
1.541400000000000000e+04
4.983000000000000000e+03
0.000000000000000000e+00
9.529000000000000000e+03
1.338500000000000000e+04
6.088000000000000000e+03
7.035000000000000000e+03
7.092000000000000000e+03
9.291000000000000000e+03
0.000000000000000000e+00
1.109700000000000000e+04
1.143800000000000000e+04
1.380800000000000000e+04
1.721000000000000000e+04
3.136500000000000000e+04
5.714000000000000000e+03
0.000000000000000000e+00
1.333200000000000000e+04
7.346000000000000000e+03
1.783200000000000000e+04
1.656400000000000000e+04
1.352100000000000000e+04
9.775000000000000000e+03
0.000000000000000000e+00
1.123700000000000000e+04
8.879000000000000000e+03
3.306700000000000000e+04
1.363000000000000000e+04
1.203700000000000000e+04
4.875000000000000000e+03
0.000000000000000000e+00
8.101000000000000000e+03
8.524000000000000000e+03
7.752000000000000000e+03
6.504000000000000000e+03
7.133000000000000000e+03
6.315000000000000000e+03
0.000000000000000000e+00
7.319000000000000000e+03
6.660000000000000000e+03
3.665000000000000000e+03
1.958300000000000000e+04
7.599000000000000000e+03
6.699000000000000000e+03
0.000000000000000000e+00
2.877700000000000000e+04
1.322000000000000000e+04
6.895000000000000000e+03
6.226000000000000000e+03
8.167000000000000000e+03
1.241500000000000000e+04
0.000000000000000000e+00
1.035400000000000000e+04
8.790000000000000000e+03
7.446000000000000000e+03
1.218000000000000000e+04
6.427000000000000000e+04
4.495000000000000000e+03
0.000000000000000000e+00
1.190900000000000000e+04
6.837000000000000000e+03
6.058000000000000000e+03
1.184900000000000000e+04
1.188600000000000000e+04
4.124000000000000000e+03
0.000000000000000000e+00
1.219500000000000000e+04
8.614000000000000000e+03
5.808000000000000000e+03
7.668000000000000000e+03
9.429000000000000000e+03
6.643000000000000000e+03
0.000000000000000000e+00
3.854400000000000000e+04
8.537000000000000000e+03
8.138000000000000000e+03
7.386000000000000000e+03
4.343300000000000000e+04
6.690000000000000000e+03
0.000000000000000000e+00
8.822000000000000000e+03
1.713100000000000000e+04
7.097000000000000000e+03
5.497000000000000000e+03
1.207300000000000000e+04
3.715000000000000000e+03
0.000000000000000000e+00
2.560800000000000000e+04
6.366000000000000000e+03
1.247200000000000000e+04
9.012000000000000000e+03
6.405000000000000000e+03
1.617000000000000000e+03
0.000000000000000000e+00
7.246000000000000000e+03
9.244000000000000000e+03
4.396900000000000000e+04
7.127000000000000000e+03
7.955000000000000000e+03
7.518000000000000000e+03
0.000000000000000000e+00
7.205000000000000000e+03
2.315100000000000000e+04
7.906000000000000000e+03
8.964000000000000000e+03
1.056300000000000000e+04
4.151000000000000000e+03
0.000000000000000000e+00
1.840700000000000000e+04
7.830000000000000000e+03
1.099200000000000000e+04
1.130000000000000000e+04
7.871000000000000000e+03
6.121000000000000000e+03
0.000000000000000000e+00
9.515000000000000000e+03
1.948500000000000000e+04
9.028000000000000000e+03
3.483900000000000000e+04
9.901000000000000000e+03
9.337000000000000000e+03
0.000000000000000000e+00
1.162600000000000000e+04
1.123800000000000000e+04
1.046100000000000000e+04
1.139400000000000000e+04
2.019000000000000000e+04
1.049200000000000000e+04
0.000000000000000000e+00
8.837000000000000000e+03
1.599500000000000000e+04
8.956000000000000000e+03
1.132800000000000000e+04
1.475000000000000000e+04
1.737600000000000000e+04
0.000000000000000000e+00
2.464800000000000000e+04
3.071800000000000000e+04
3.382100000000000000e+04
2.997700000000000000e+04
3.014700000000000000e+04
2.340700000000000000e+04
0.000000000000000000e+00
3.468600000000000000e+04
4.871000000000000000e+04
4.284200000000000000e+04
3.179800000000000000e+04
2.320100000000000000e+04
5.471500000000000000e+04
4.470000000000000000e+02
1.860000000000000000e+04
2.949000000000000000e+03
0.000000000000000000e+00
0.000000000000000000e+00
0.000000000000000000e+00
3.164000000000000000e+03
0.000000000000000000e+00
4.016400000000000000e+04
6.445800000000000000e+04
7.774700000000000000e+04
7.080600000000000000e+04
5.389300000000000000e+04
5.718500000000000000e+04
0.000000000000000000e+00
1.642230000000000000e+05
1.460540000000000000e+05
1.253240000000000000e+05
1.061490000000000000e+05
1.184840000000000000e+05
9.281900000000000000e+04
0.000000000000000000e+00
1.537970000000000000e+05
1.527460000000000000e+05
1.483160000000000000e+05
1.592300000000000000e+05
2.087890000000000000e+05
2.167780000000000000e+05
0.000000000000000000e+00
2.415000000000000000e+05
2.047840000000000000e+05
1.811760000000000000e+05
1.476690000000000000e+05
1.456710000000000000e+05
1.328730000000000000e+05
0.000000000000000000e+00
1.558480000000000000e+05
1.875850000000000000e+05
1.537730000000000000e+05
1.607350000000000000e+05
1.560070000000000000e+05
1.574430000000000000e+05
0.000000000000000000e+00
1.688460000000000000e+05
1.574080000000000000e+05
1.643450000000000000e+05
1.361550000000000000e+05
1.318490000000000000e+05
9.260400000000000000e+04
0.000000000000000000e+00
9.520700000000000000e+04
8.763700000000000000e+04
8.666600000000000000e+04
8.115800000000000000e+04
9.024400000000000000e+04
6.277300000000000000e+04
0.000000000000000000e+00
9.136900000000000000e+04
6.229500000000000000e+04
6.310900000000000000e+04
8.692100000000000000e+04
4.431800000000000000e+04
4.580500000000000000e+04
0.000000000000000000e+00
2.676200000000000000e+04
3.088200000000000000e+04
2.750600000000000000e+04
2.481100000000000000e+04
2.548600000000000000e+04
2.512400000000000000e+04
0.000000000000000000e+00
2.296300000000000000e+04
2.196400000000000000e+04
2.191800000000000000e+04
2.645500000000000000e+04
2.465600000000000000e+04
1.941300000000000000e+04
0.000000000000000000e+00
3.546800000000000000e+04
1.499700000000000000e+04
1.397600000000000000e+04
1.012800000000000000e+04
1.838100000000000000e+04
1.627600000000000000e+04
0.000000000000000000e+00
1.255400000000000000e+04
1.721700000000000000e+04
1.499700000000000000e+04
1.488300000000000000e+04
2.656700000000000000e+04
5.924000000000000000e+03
0.000000000000000000e+00
0.000000000000000000e+00
4.638000000000000000e+03
1.480100000000000000e+04
1.114100000000000000e+04
1.471000000000000000e+04
1.066800000000000000e+04
0.000000000000000000e+00
1.578800000000000000e+04
1.318800000000000000e+04
7.934000000000000000e+03
4.252000000000000000e+03
8.085000000000000000e+03
6.848000000000000000e+03
0.000000000000000000e+00
1.071900000000000000e+04
1.491100000000000000e+04
2.547400000000000000e+04
7.866000000000000000e+03
2.350600000000000000e+04
9.306000000000000000e+03
0.000000000000000000e+00
1.737400000000000000e+04
1.467600000000000000e+04
8.984000000000000000e+03
9.508000000000000000e+03
9.835000000000000000e+03
3.237000000000000000e+03
0.000000000000000000e+00
8.371000000000000000e+03
2.148400000000000000e+04
4.978000000000000000e+03
8.299000000000000000e+03
1.026000000000000000e+04
8.442000000000000000e+03
0.000000000000000000e+00
1.338400000000000000e+04
5.070000000000000000e+03
9.599000000000000000e+03
9.377000000000000000e+03
1.167900000000000000e+04
1.085400000000000000e+04
0.000000000000000000e+00
1.184500000000000000e+04
1.235500000000000000e+04
3.077900000000000000e+04
1.848000000000000000e+03
0.000000000000000000e+00
0.000000000000000000e+00
0.000000000000000000e+00
6.377000000000000000e+03
6.799000000000000000e+03
1.357200000000000000e+04
9.645000000000000000e+03
6.944000000000000000e+03
8.596000000000000000e+03
0.000000000000000000e+00
7.774000000000000000e+03
2.861400000000000000e+04
7.910000000000000000e+03
1.094100000000000000e+04
8.845000000000000000e+03
2.751000000000000000e+03
0.000000000000000000e+00
6.316000000000000000e+03
7.409000000000000000e+03
8.792000000000000000e+03
5.051000000000000000e+03
5.004000000000000000e+03
1.213600000000000000e+04
0.000000000000000000e+00
8.193000000000000000e+03
1.089500000000000000e+04
9.055000000000000000e+03
8.025000000000000000e+03
9.153000000000000000e+03
4.353000000000000000e+03
0.000000000000000000e+00
1.761300000000000000e+04
1.382400000000000000e+04
1.177000000000000000e+04
6.096000000000000000e+03
9.943000000000000000e+03
9.591000000000000000e+03
0.000000000000000000e+00
1.304300000000000000e+04
1.477000000000000000e+04
1.040400000000000000e+04
1.159100000000000000e+04
9.890000000000000000e+03
1.128900000000000000e+04
0.000000000000000000e+00
9.014000000000000000e+03
9.616000000000000000e+03
1.727100000000000000e+04
7.579000000000000000e+03
6.216000000000000000e+03
7.242000000000000000e+03
0.000000000000000000e+00
6.961000000000000000e+03
1.153400000000000000e+04
9.049000000000000000e+03
1.346600000000000000e+04
1.218900000000000000e+04
5.776000000000000000e+03
0.000000000000000000e+00
8.557000000000000000e+03
6.103000000000000000e+03
2.267400000000000000e+04
1.302500000000000000e+04
9.784000000000000000e+03
1.010400000000000000e+04
0.000000000000000000e+00
1.061700000000000000e+04
1.072900000000000000e+04
8.665000000000000000e+03
1.389900000000000000e+04
1.280800000000000000e+04
9.538000000000000000e+03
0.000000000000000000e+00
1.957800000000000000e+04
8.270000000000000000e+03
8.658000000000000000e+03
9.989000000000000000e+03
1.322200000000000000e+04
7.694000000000000000e+03
0.000000000000000000e+00
4.735000000000000000e+03
6.294000000000000000e+03
1.787600000000000000e+04
6.485000000000000000e+03
6.417000000000000000e+03
8.133000000000000000e+03
0.000000000000000000e+00
9.553000000000000000e+03
9.862000000000000000e+03
8.623000000000000000e+03
4.308000000000000000e+03
1.386800000000000000e+04
3.848000000000000000e+03
0.000000000000000000e+00
1.029900000000000000e+04
1.030500000000000000e+04
6.645000000000000000e+03
1.173900000000000000e+04
1.167000000000000000e+04
5.361000000000000000e+03
0.000000000000000000e+00
6.109000000000000000e+03
1.065000000000000000e+04
1.662800000000000000e+04
1.340700000000000000e+04
4.395000000000000000e+03
4.589000000000000000e+03
0.000000000000000000e+00
3.456000000000000000e+03
1.373600000000000000e+04
6.116000000000000000e+03
4.331000000000000000e+03
7.878000000000000000e+03
5.751000000000000000e+03
0.000000000000000000e+00
7.384000000000000000e+03
7.847000000000000000e+03
1.050300000000000000e+04
5.454000000000000000e+03
6.357000000000000000e+03
5.397000000000000000e+03
0.000000000000000000e+00
5.210000000000000000e+03
7.347000000000000000e+03
1.147900000000000000e+04
7.565000000000000000e+03
8.388000000000000000e+03
5.709000000000000000e+03
0.000000000000000000e+00
9.254100000000000000e+04
7.629000000000000000e+03
3.575000000000000000e+03
2.008500000000000000e+04
1.146300000000000000e+04
4.437000000000000000e+03
0.000000000000000000e+00
6.572000000000000000e+03
1.236300000000000000e+04
6.526000000000000000e+03
6.772000000000000000e+03
8.949000000000000000e+03
7.386000000000000000e+03
0.000000000000000000e+00
1.210000000000000000e+04
5.681000000000000000e+03
8.022000000000000000e+03
8.507000000000000000e+03
9.076000000000000000e+03
5.281000000000000000e+03
0.000000000000000000e+00
8.779000000000000000e+03
1.124900000000000000e+04
8.967000000000000000e+03
8.167000000000000000e+03
1.088100000000000000e+04
7.211000000000000000e+03
0.000000000000000000e+00
1.028600000000000000e+04
1.424700000000000000e+04
9.581000000000000000e+03
4.119000000000000000e+03
1.047200000000000000e+04
4.464000000000000000e+03
0.000000000000000000e+00
6.125000000000000000e+03
1.613500000000000000e+04
4.174000000000000000e+03
3.700000000000000000e+03
7.293000000000000000e+03
1.010000000000000000e+03
0.000000000000000000e+00
4.169000000000000000e+03
1.198800000000000000e+04
4.700000000000000000e+03
1.054600000000000000e+04
1.075900000000000000e+04
3.650000000000000000e+03
0.000000000000000000e+00
4.031000000000000000e+03
1.118000000000000000e+04
3.770000000000000000e+03
5.312000000000000000e+03
2.844000000000000000e+03
0.000000000000000000e+00
0.000000000000000000e+00
8.550000000000000000e+03
1.303200000000000000e+04
8.590000000000000000e+03
9.476000000000000000e+03
3.783000000000000000e+03
7.871000000000000000e+03
0.000000000000000000e+00
6.110000000000000000e+03
1.033800000000000000e+04
7.602000000000000000e+03
7.673000000000000000e+03
1.321200000000000000e+04
5.524000000000000000e+03
0.000000000000000000e+00
8.492000000000000000e+03
7.332000000000000000e+03
1.040700000000000000e+04
1.607200000000000000e+04
8.768000000000000000e+03
4.149000000000000000e+03
0.000000000000000000e+00
6.273000000000000000e+03
1.279400000000000000e+04
1.437400000000000000e+04
8.094000000000000000e+03
8.733000000000000000e+03
4.644000000000000000e+03
0.000000000000000000e+00
8.464000000000000000e+03
2.027200000000000000e+04
1.769600000000000000e+04
7.059000000000000000e+03
1.206300000000000000e+04
9.345000000000000000e+03
0.000000000000000000e+00
0.000000000000000000e+00
0.000000000000000000e+00
0.000000000000000000e+00
7.537000000000000000e+03
1.405900000000000000e+04
1.034500000000000000e+04
0.000000000000000000e+00
2.230400000000000000e+04
1.461500000000000000e+04
1.400800000000000000e+04
1.279100000000000000e+04
1.386500000000000000e+04
6.981000000000000000e+03
0.000000000000000000e+00
1.732700000000000000e+04
4.007100000000000000e+04
2.386600000000000000e+04
3.477100000000000000e+04
3.751900000000000000e+04
4.390300000000000000e+04
0.000000000000000000e+00
9.343600000000000000e+04
1.118700000000000000e+05
1.130500000000000000e+05
1.159250000000000000e+05
9.480500000000000000e+04
6.674700000000000000e+04
0.000000000000000000e+00
1.016410000000000000e+05
8.607500000000000000e+04
7.547700000000000000e+04
7.848800000000000000e+04
6.938700000000000000e+04
5.451900000000000000e+04
0.000000000000000000e+00
6.260000000000000000e+04
7.031600000000000000e+04
6.438000000000000000e+04
8.063200000000000000e+04
8.984700000000000000e+04
1.106970000000000000e+05
0.000000000000000000e+00
1.055340000000000000e+05
1.174070000000000000e+05
1.006590000000000000e+05
6.526700000000000000e+04
6.841700000000000000e+04
8.115200000000000000e+04
0.000000000000000000e+00
1.008060000000000000e+05
9.345400000000000000e+04
8.150100000000000000e+04
9.754100000000000000e+04
8.943800000000000000e+04
7.282600000000000000e+04
0.000000000000000000e+00
1.040260000000000000e+05
8.013800000000000000e+04
6.882100000000000000e+04
5.855800000000000000e+04
6.600500000000000000e+04
6.662800000000000000e+04
0.000000000000000000e+00
5.522500000000000000e+04
4.600400000000000000e+04
5.215900000000000000e+04
4.458500000000000000e+04
5.522500000000000000e+04
3.928000000000000000e+04
0.000000000000000000e+00
3.481200000000000000e+04
2.624900000000000000e+04
2.218200000000000000e+04
3.085500000000000000e+04
1.902600000000000000e+04
1.969000000000000000e+04
0.000000000000000000e+00
1.322900000000000000e+04
1.888600000000000000e+04
8.745000000000000000e+03
1.747200000000000000e+04
1.345100000000000000e+04
1.306300000000000000e+04
0.000000000000000000e+00
1.260400000000000000e+04
1.267400000000000000e+04
1.779700000000000000e+04
2.103900000000000000e+04
2.039600000000000000e+04
1.440100000000000000e+04
0.000000000000000000e+00
1.045900000000000000e+04
9.664000000000000000e+03
1.066400000000000000e+04
1.707400000000000000e+04
7.746000000000000000e+03
5.116000000000000000e+03
0.000000000000000000e+00
9.221000000000000000e+03
0.000000000000000000e+00
3.035000000000000000e+03
2.257700000000000000e+04
9.169000000000000000e+03
1.870800000000000000e+04
0.000000000000000000e+00
7.459000000000000000e+03
8.165000000000000000e+03
1.073100000000000000e+04
1.004100000000000000e+04
6.655000000000000000e+03
5.356000000000000000e+03
0.000000000000000000e+00
8.585000000000000000e+03
1.202300000000000000e+04
1.268700000000000000e+04
7.517000000000000000e+03
1.258700000000000000e+04
8.893000000000000000e+03
0.000000000000000000e+00
1.000400000000000000e+04
9.533000000000000000e+03
1.190900000000000000e+04
1.202800000000000000e+04
9.441000000000000000e+03
5.652000000000000000e+03
0.000000000000000000e+00
1.059900000000000000e+04
1.355100000000000000e+04
1.333600000000000000e+04
1.514000000000000000e+04
1.240700000000000000e+04
5.898000000000000000e+03
0.000000000000000000e+00
1.772000000000000000e+03
0.000000000000000000e+00
0.000000000000000000e+00
6.510000000000000000e+02
1.076300000000000000e+04
4.682000000000000000e+03
0.000000000000000000e+00
8.040000000000000000e+03
4.999000000000000000e+03
6.837000000000000000e+03
1.195100000000000000e+04
2.104000000000000000e+04
7.219000000000000000e+03
0.000000000000000000e+00
8.145000000000000000e+03
2.967000000000000000e+03
6.849000000000000000e+03
6.514000000000000000e+03
6.397000000000000000e+03
4.534000000000000000e+03
0.000000000000000000e+00
1.110000000000000000e+04
8.030000000000000000e+03
9.520000000000000000e+03
1.466200000000000000e+04
6.583000000000000000e+03
3.120000000000000000e+03
0.000000000000000000e+00
1.060400000000000000e+04
2.302300000000000000e+04
7.567000000000000000e+03
1.262200000000000000e+04
6.264000000000000000e+03
2.599300000000000000e+04
0.000000000000000000e+00
4.118000000000000000e+03
7.087000000000000000e+03
8.731000000000000000e+03
6.111000000000000000e+03
6.188000000000000000e+03
8.257000000000000000e+03
0.000000000000000000e+00
1.100100000000000000e+04
9.581000000000000000e+03
1.706800000000000000e+04
1.447100000000000000e+04
7.685000000000000000e+03
7.800000000000000000e+03
0.000000000000000000e+00
7.602000000000000000e+03
6.865000000000000000e+03
6.141000000000000000e+03
9.022000000000000000e+03
1.672300000000000000e+04
7.876000000000000000e+03
0.000000000000000000e+00
8.593000000000000000e+03
1.907700000000000000e+04
6.032000000000000000e+03
7.895000000000000000e+03
9.604000000000000000e+03
4.712000000000000000e+03
0.000000000000000000e+00
8.157000000000000000e+03
1.007000000000000000e+04
8.500000000000000000e+03
8.719000000000000000e+03
1.511900000000000000e+04
1.061200000000000000e+04
0.000000000000000000e+00
7.436000000000000000e+03
5.681000000000000000e+03
7.167000000000000000e+03
7.109000000000000000e+03
9.649000000000000000e+03
6.905000000000000000e+03
0.000000000000000000e+00
4.682000000000000000e+03
5.054000000000000000e+03
7.090000000000000000e+03
5.484000000000000000e+03
8.484000000000000000e+03
1.125000000000000000e+04
0.000000000000000000e+00
8.123000000000000000e+03
1.430700000000000000e+04
1.333900000000000000e+04
4.275000000000000000e+03
1.230900000000000000e+04
7.749000000000000000e+03
0.000000000000000000e+00
5.347000000000000000e+03
4.843000000000000000e+03
1.279500000000000000e+04
8.802000000000000000e+03
6.138000000000000000e+03
1.146400000000000000e+04
0.000000000000000000e+00
9.165000000000000000e+03
6.003000000000000000e+03
1.022500000000000000e+04
5.277000000000000000e+03
7.551000000000000000e+03
3.594000000000000000e+03
0.000000000000000000e+00
6.233000000000000000e+03
1.076900000000000000e+04
1.376000000000000000e+04
4.072000000000000000e+03
4.525000000000000000e+03
4.725000000000000000e+03
0.000000000000000000e+00
5.198000000000000000e+03
5.583000000000000000e+03
1.641300000000000000e+04
5.527000000000000000e+03
8.628000000000000000e+03
8.785000000000000000e+03
0.000000000000000000e+00
6.501000000000000000e+03
6.274000000000000000e+03
7.832000000000000000e+03
5.557000000000000000e+03
6.131000000000000000e+03
8.297000000000000000e+03
0.000000000000000000e+00
5.116000000000000000e+03
6.383000000000000000e+03
1.367500000000000000e+04
4.054000000000000000e+03
2.900000000000000000e+03
4.161000000000000000e+03
0.000000000000000000e+00
1.305000000000000000e+04
1.092700000000000000e+04
1.040400000000000000e+04
3.540000000000000000e+03
5.162000000000000000e+03
7.194000000000000000e+03
0.000000000000000000e+00
3.995000000000000000e+03
7.008000000000000000e+03
6.943000000000000000e+03
7.400000000000000000e+03
8.975000000000000000e+03
5.279000000000000000e+03
0.000000000000000000e+00
2.607000000000000000e+03
5.505000000000000000e+03
1.099300000000000000e+04
3.921000000000000000e+03
5.521000000000000000e+03
2.573000000000000000e+03
0.000000000000000000e+00
5.167000000000000000e+03
9.444000000000000000e+03
1.399500000000000000e+04
7.101000000000000000e+03
8.519000000000000000e+03
3.851000000000000000e+03
0.000000000000000000e+00
5.353000000000000000e+03
5.267000000000000000e+03
1.346800000000000000e+04
1.214500000000000000e+04
6.398000000000000000e+03
3.999000000000000000e+03
0.000000000000000000e+00
3.522000000000000000e+03
8.173000000000000000e+03
8.270000000000000000e+03
6.840000000000000000e+03
4.084000000000000000e+03
3.644000000000000000e+03
0.000000000000000000e+00
4.731000000000000000e+03
6.224000000000000000e+03
1.805700000000000000e+04
5.207000000000000000e+03
7.336000000000000000e+03
6.640000000000000000e+02
0.000000000000000000e+00
3.241000000000000000e+03
5.711000000000000000e+03
6.904000000000000000e+03
8.475000000000000000e+03
4.819000000000000000e+03
2.405000000000000000e+03
0.000000000000000000e+00
5.784000000000000000e+03
7.192000000000000000e+03
5.862000000000000000e+03
3.898000000000000000e+03
5.979000000000000000e+03
4.490000000000000000e+03
0.000000000000000000e+00
5.592000000000000000e+03
1.200600000000000000e+04
6.089000000000000000e+03
3.443000000000000000e+03
6.352000000000000000e+03
9.582000000000000000e+03
0.000000000000000000e+00
4.686000000000000000e+03
9.707000000000000000e+03
5.394000000000000000e+03
5.758000000000000000e+03
8.921000000000000000e+03
4.350000000000000000e+03
0.000000000000000000e+00
1.445700000000000000e+04
1.317800000000000000e+04
1.279700000000000000e+04
1.568000000000000000e+04
1.680600000000000000e+04
1.541100000000000000e+04
0.000000000000000000e+00
2.859100000000000000e+04
1.476000000000000000e+04
1.266800000000000000e+04
5.524000000000000000e+03
0.000000000000000000e+00
0.000000000000000000e+00
0.000000000000000000e+00
1.795400000000000000e+04
3.941100000000000000e+04
2.690900000000000000e+04
3.472300000000000000e+04
5.356900000000000000e+04
3.771000000000000000e+04
0.000000000000000000e+00
2.094800000000000000e+04
2.259600000000000000e+04
2.577000000000000000e+04
4.309000000000000000e+04
5.501300000000000000e+04
5.852400000000000000e+04
0.000000000000000000e+00
7.558300000000000000e+04
6.870900000000000000e+04
6.346700000000000000e+04
2.623300000000000000e+04
2.632000000000000000e+04
3.876100000000000000e+04
0.000000000000000000e+00
8.780700000000000000e+04
4.471000000000000000e+04
4.356400000000000000e+04
7.368900000000000000e+04
1.073830000000000000e+05
1.069060000000000000e+05
0.000000000000000000e+00
1.659960000000000000e+05
1.339510000000000000e+05
1.333800000000000000e+05
1.516070000000000000e+05
1.311480000000000000e+05
9.594500000000000000e+04
0.000000000000000000e+00
1.490140000000000000e+05
1.184760000000000000e+05
9.093800000000000000e+04
1.118560000000000000e+05
1.114670000000000000e+05
1.057410000000000000e+05
0.000000000000000000e+00
1.391640000000000000e+05
1.325430000000000000e+05
1.042870000000000000e+05
1.154850000000000000e+05
1.236770000000000000e+05
1.045300000000000000e+05
0.000000000000000000e+00
1.308230000000000000e+05
1.390290000000000000e+05
1.312320000000000000e+05
1.150830000000000000e+05
1.338310000000000000e+05
1.245980000000000000e+05
0.000000000000000000e+00
1.447940000000000000e+05
1.534940000000000000e+05
1.494160000000000000e+05
1.402850000000000000e+05
1.444000000000000000e+05
1.287080000000000000e+05
0.000000000000000000e+00
1.044110000000000000e+05
1.373590000000000000e+05
1.162010000000000000e+05
1.052890000000000000e+05
1.071610000000000000e+05
9.810800000000000000e+04
0.000000000000000000e+00
1.039030000000000000e+05
8.756900000000000000e+04
8.291600000000000000e+04
6.874800000000000000e+04
7.424900000000000000e+04
5.381300000000000000e+04
0.000000000000000000e+00
5.302400000000000000e+04
5.738400000000000000e+04
4.321600000000000000e+04
3.406200000000000000e+04
3.679700000000000000e+04
2.769100000000000000e+04
0.000000000000000000e+00
2.844200000000000000e+04
2.100600000000000000e+04
2.334800000000000000e+04
2.960400000000000000e+04
2.531600000000000000e+04
2.253500000000000000e+04
0.000000000000000000e+00
2.303100000000000000e+04
2.215700000000000000e+04
1.799100000000000000e+04
2.047300000000000000e+04
1.276800000000000000e+04
1.270700000000000000e+04
0.000000000000000000e+00
1.109800000000000000e+04
1.442500000000000000e+04
7.189000000000000000e+03
8.265000000000000000e+03
1.068300000000000000e+04
1.176100000000000000e+04
0.000000000000000000e+00
1.740300000000000000e+04
1.900400000000000000e+04
0.000000000000000000e+00
9.970000000000000000e+02
1.948800000000000000e+04
1.009500000000000000e+04
0.000000000000000000e+00
7.403000000000000000e+03
2.359500000000000000e+04
2.225100000000000000e+04
1.247400000000000000e+04
1.304400000000000000e+04
5.972000000000000000e+03
0.000000000000000000e+00
2.282600000000000000e+04
1.245400000000000000e+04
1.192200000000000000e+04
1.441300000000000000e+04
1.282400000000000000e+04
1.881900000000000000e+04
0.000000000000000000e+00
2.436100000000000000e+04
1.446600000000000000e+04
1.209700000000000000e+04
6.399000000000000000e+03
1.416000000000000000e+03
0.000000000000000000e+00
0.000000000000000000e+00
0.000000000000000000e+00
6.512000000000000000e+03
9.130000000000000000e+03
7.259000000000000000e+03
8.991000000000000000e+03
7.923000000000000000e+03
0.000000000000000000e+00
2.095000000000000000e+04
1.735800000000000000e+04
5.914000000000000000e+03
1.310100000000000000e+04
5.102000000000000000e+03
6.349000000000000000e+03
0.000000000000000000e+00
6.760000000000000000e+03
1.371600000000000000e+04
7.921000000000000000e+03
6.562000000000000000e+03
1.154200000000000000e+04
6.367000000000000000e+03
0.000000000000000000e+00
6.665000000000000000e+03
8.040000000000000000e+03
1.475500000000000000e+04
5.979000000000000000e+03
1.134700000000000000e+04
4.152000000000000000e+03
0.000000000000000000e+00
1.385000000000000000e+04
6.702000000000000000e+03
7.592000000000000000e+03
1.424100000000000000e+04
1.519900000000000000e+04
9.836000000000000000e+03
0.000000000000000000e+00
1.909000000000000000e+04
1.081700000000000000e+04
2.727600000000000000e+04
8.446000000000000000e+03
1.341500000000000000e+04
9.277000000000000000e+03
0.000000000000000000e+00
9.269000000000000000e+03
1.407400000000000000e+04
1.062500000000000000e+04
8.853000000000000000e+03
8.061000000000000000e+03
4.108000000000000000e+03
0.000000000000000000e+00
1.206900000000000000e+04
1.467800000000000000e+04
6.553000000000000000e+03
1.256800000000000000e+04
1.205900000000000000e+04
1.165400000000000000e+04
0.000000000000000000e+00
1.018000000000000000e+04
8.579000000000000000e+03
7.168000000000000000e+03
1.062300000000000000e+04
1.787800000000000000e+04
6.185000000000000000e+03
0.000000000000000000e+00
1.124100000000000000e+04
1.470600000000000000e+04
9.393000000000000000e+03
9.132000000000000000e+03
1.242500000000000000e+04
7.463000000000000000e+03
0.000000000000000000e+00
1.233300000000000000e+04
1.124800000000000000e+04
7.599000000000000000e+03
1.759200000000000000e+04
7.641000000000000000e+03
5.240000000000000000e+03
0.000000000000000000e+00
8.116000000000000000e+03
6.708000000000000000e+03
1.250500000000000000e+04
1.793400000000000000e+04
2.517000000000000000e+03
4.859000000000000000e+03
0.000000000000000000e+00
1.967700000000000000e+04
1.623700000000000000e+04
8.016000000000000000e+03
8.700000000000000000e+03
5.953000000000000000e+03
9.479000000000000000e+03
0.000000000000000000e+00
7.561000000000000000e+03
1.130500000000000000e+04
6.004000000000000000e+03
7.534000000000000000e+03
3.292000000000000000e+03
1.835000000000000000e+03
0.000000000000000000e+00
8.334000000000000000e+03
1.306800000000000000e+04
3.902000000000000000e+03
6.743000000000000000e+03
3.781000000000000000e+03
8.208000000000000000e+03
0.000000000000000000e+00
6.471000000000000000e+03
4.501000000000000000e+03
5.809000000000000000e+03
1.173900000000000000e+04
6.849000000000000000e+03
5.739000000000000000e+03
0.000000000000000000e+00
8.898000000000000000e+03
8.835000000000000000e+03
3.427000000000000000e+03
9.596000000000000000e+03
1.172200000000000000e+04
7.345000000000000000e+03
0.000000000000000000e+00
1.308500000000000000e+04
5.744000000000000000e+03
1.091900000000000000e+04
7.605000000000000000e+03
7.628000000000000000e+03
2.381300000000000000e+04
0.000000000000000000e+00
5.319000000000000000e+03
5.996000000000000000e+03
7.682000000000000000e+03
1.697900000000000000e+04
1.041900000000000000e+04
3.573000000000000000e+03
0.000000000000000000e+00
9.251000000000000000e+03
1.005700000000000000e+04
2.695000000000000000e+03
1.057300000000000000e+04
5.369000000000000000e+03
2.263000000000000000e+03
0.000000000000000000e+00
3.057000000000000000e+03
9.356000000000000000e+03
5.568000000000000000e+03
6.984000000000000000e+03
6.496000000000000000e+03
1.568000000000000000e+03
0.000000000000000000e+00
2.829000000000000000e+03
3.352000000000000000e+03
6.728000000000000000e+03
8.716000000000000000e+03
4.454000000000000000e+03
6.099000000000000000e+03
0.000000000000000000e+00
9.626000000000000000e+03
1.774000000000000000e+03
6.721000000000000000e+03
7.966000000000000000e+03
8.731000000000000000e+03
4.650000000000000000e+03
0.000000000000000000e+00
1.590500000000000000e+04
9.605000000000000000e+03
8.848000000000000000e+03
2.860000000000000000e+03
6.159000000000000000e+03
3.188000000000000000e+03
0.000000000000000000e+00
9.748000000000000000e+03
4.667000000000000000e+03
7.351000000000000000e+03
6.530000000000000000e+03
5.507000000000000000e+03
6.771000000000000000e+03
0.000000000000000000e+00
8.170000000000000000e+03
7.188000000000000000e+03
3.019000000000000000e+03
4.873000000000000000e+03
3.939000000000000000e+03
3.149000000000000000e+03
0.000000000000000000e+00
1.278100000000000000e+04
6.005000000000000000e+03
1.099000000000000000e+04
6.009000000000000000e+03
1.077800000000000000e+04
1.348000000000000000e+03
0.000000000000000000e+00
8.833000000000000000e+03
9.254000000000000000e+03
4.623000000000000000e+03
1.095600000000000000e+04
5.872000000000000000e+03
4.663000000000000000e+03
0.000000000000000000e+00
8.109000000000000000e+03
9.245000000000000000e+03
6.176000000000000000e+03
5.658000000000000000e+03
8.147000000000000000e+03
2.648000000000000000e+03
0.000000000000000000e+00
9.681000000000000000e+03
7.901000000000000000e+03
8.587000000000000000e+03
4.490000000000000000e+03
6.637000000000000000e+03
6.370000000000000000e+03
0.000000000000000000e+00
1.022500000000000000e+04
9.815000000000000000e+03
1.042700000000000000e+04
5.325000000000000000e+03
6.185000000000000000e+03
1.054200000000000000e+04
0.000000000000000000e+00
1.810300000000000000e+04
1.269700000000000000e+04
1.181700000000000000e+04
1.469000000000000000e+04
5.866000000000000000e+03
1.455000000000000000e+04
0.000000000000000000e+00
1.468200000000000000e+04
1.639500000000000000e+04
1.442100000000000000e+04
2.366500000000000000e+04
2.683600000000000000e+04
3.206600000000000000e+04
0.000000000000000000e+00
3.042300000000000000e+04
5.468600000000000000e+04
5.847600000000000000e+04
5.498600000000000000e+04
5.625700000000000000e+04
6.226700000000000000e+04
0.000000000000000000e+00
8.460700000000000000e+04
6.789700000000000000e+04
6.359200000000000000e+04
6.194000000000000000e+04
7.063000000000000000e+04
5.876700000000000000e+04
1.260000000000000000e+03
7.243500000000000000e+04
3.776100000000000000e+04
6.264000000000000000e+03
0.000000000000000000e+00
0.000000000000000000e+00
0.000000000000000000e+00
0.000000000000000000e+00
5.139300000000000000e+04
6.123700000000000000e+04
8.275200000000000000e+04
1.092830000000000000e+05
1.243150000000000000e+05
1.260300000000000000e+05
0.000000000000000000e+00
2.282030000000000000e+05
1.094640000000000000e+05
1.836440000000000000e+05
1.593020000000000000e+05
6.617200000000000000e+04
1.451820000000000000e+05
0.000000000000000000e+00
2.422390000000000000e+05
1.964100000000000000e+05
1.608570000000000000e+05
1.633220000000000000e+05
1.871500000000000000e+05
1.641950000000000000e+05
0.000000000000000000e+00
2.421850000000000000e+05
1.996470000000000000e+05
1.849100000000000000e+05
1.851610000000000000e+05
1.046220000000000000e+05
1.661340000000000000e+05
0.000000000000000000e+00
1.796530000000000000e+05
1.823610000000000000e+05
1.599500000000000000e+05
1.587320000000000000e+05
1.767950000000000000e+05
1.749470000000000000e+05
0.000000000000000000e+00
2.347740000000000000e+05
2.209200000000000000e+05
2.126780000000000000e+05
1.841260000000000000e+05
1.735870000000000000e+05
1.441290000000000000e+05
0.000000000000000000e+00
1.541940000000000000e+05
1.297570000000000000e+05
1.145550000000000000e+05
8.937000000000000000e+04
8.434600000000000000e+04
9.331800000000000000e+04
0.000000000000000000e+00
9.139900000000000000e+04
8.795900000000000000e+04
8.509400000000000000e+04
7.475100000000000000e+04
7.680700000000000000e+04
6.565300000000000000e+04
0.000000000000000000e+00
6.898300000000000000e+04
5.495400000000000000e+04
5.100600000000000000e+04
5.044100000000000000e+04
4.407900000000000000e+04
4.083800000000000000e+04
0.000000000000000000e+00
3.820200000000000000e+04
3.837500000000000000e+04
2.685300000000000000e+04
2.769000000000000000e+04
2.444000000000000000e+04
2.208100000000000000e+04
0.000000000000000000e+00
1.923000000000000000e+04
1.850900000000000000e+04
9.502000000000000000e+03
2.238500000000000000e+04
1.152500000000000000e+04
1.635100000000000000e+04
0.000000000000000000e+00
1.406200000000000000e+04
1.398500000000000000e+04
1.395600000000000000e+04
2.143500000000000000e+04
1.370600000000000000e+04
9.169000000000000000e+03
0.000000000000000000e+00
1.511000000000000000e+04
2.892700000000000000e+04
1.179100000000000000e+04
5.435000000000000000e+03
