0.000000000000000000e+00
4.659000000000000000e+03
9.193200000000000000e+04
1.024150000000000000e+05
6.474700000000000000e+04
9.679100000000000000e+04
9.794100000000000000e+04
0.000000000000000000e+00
9.340200000000000000e+04
7.961500000000000000e+04
1.192730000000000000e+05
1.391330000000000000e+05
1.352240000000000000e+05
7.424200000000000000e+04
0.000000000000000000e+00
1.120170000000000000e+05
7.569800000000000000e+04
1.175650000000000000e+05
1.177730000000000000e+05
1.069320000000000000e+05
5.891900000000000000e+04
0.000000000000000000e+00
1.207590000000000000e+05
9.190100000000000000e+04
0.000000000000000000e+00
0.000000000000000000e+00
0.000000000000000000e+00
0.000000000000000000e+00
0.000000000000000000e+00
0.000000000000000000e+00
0.000000000000000000e+00
1.188060000000000000e+05
9.708700000000000000e+04
1.209400000000000000e+05
7.801500000000000000e+04
0.000000000000000000e+00
9.824000000000000000e+04
6.303300000000000000e+04
1.250140000000000000e+05
8.383300000000000000e+04
1.041550000000000000e+05
6.616100000000000000e+04
0.000000000000000000e+00
1.196100000000000000e+05
9.499000000000000000e+04
1.007380000000000000e+05
9.990500000000000000e+04
1.258210000000000000e+05
6.213300000000000000e+04
0.000000000000000000e+00
1.211220000000000000e+05
8.200400000000000000e+04
1.165420000000000000e+05
1.038870000000000000e+05
1.012320000000000000e+05
8.296900000000000000e+04
0.000000000000000000e+00
1.290220000000000000e+05
1.000070000000000000e+05
1.174480000000000000e+05
1.078590000000000000e+05
1.271710000000000000e+05
7.980900000000000000e+04
0.000000000000000000e+00
1.486560000000000000e+05
1.139590000000000000e+05
1.684370000000000000e+05
1.644140000000000000e+05
1.696040000000000000e+05
1.208480000000000000e+05
0.000000000000000000e+00
1.694220000000000000e+05
1.433640000000000000e+05
1.513760000000000000e+05
1.622720000000000000e+05
1.777620000000000000e+05
1.212630000000000000e+05
0.000000000000000000e+00
1.763280000000000000e+05
1.391830000000000000e+05
1.612730000000000000e+05
1.362050000000000000e+05
1.633160000000000000e+05
1.127940000000000000e+05
0.000000000000000000e+00
1.656390000000000000e+05
1.233380000000000000e+05
1.663470000000000000e+05
1.333410000000000000e+05
1.527430000000000000e+05
1.025580000000000000e+05
0.000000000000000000e+00
1.411670000000000000e+05
1.178500000000000000e+05
1.683820000000000000e+05
1.282020000000000000e+05
1.766510000000000000e+05
1.120500000000000000e+05
0.000000000000000000e+00
1.696250000000000000e+05
1.325030000000000000e+05
1.795600000000000000e+05
1.622870000000000000e+05
1.954870000000000000e+05
1.652360000000000000e+05
0.000000000000000000e+00
2.241100000000000000e+05
1.490880000000000000e+05
1.512600000000000000e+05
1.458730000000000000e+05
1.621140000000000000e+05
1.440790000000000000e+05
0.000000000000000000e+00
2.001200000000000000e+05
1.188320000000000000e+05
1.718400000000000000e+05
1.660870000000000000e+05
1.768580000000000000e+05
1.218060000000000000e+05
0.000000000000000000e+00
2.181340000000000000e+05
1.817220000000000000e+05
1.710300000000000000e+05
1.590470000000000000e+05
1.304760000000000000e+05
1.274380000000000000e+05
0.000000000000000000e+00
2.144200000000000000e+05
1.203290000000000000e+05
1.592390000000000000e+05
1.905880000000000000e+05
1.805160000000000000e+05
1.196760000000000000e+05
0.000000000000000000e+00
1.701250000000000000e+05
1.468080000000000000e+05
1.429330000000000000e+05
1.220480000000000000e+05
1.466470000000000000e+05
1.240120000000000000e+05
0.000000000000000000e+00
1.381310000000000000e+05
1.025080000000000000e+05
1.559570000000000000e+05
1.640650000000000000e+05
1.446860000000000000e+05
1.271950000000000000e+05
0.000000000000000000e+00
1.608320000000000000e+05
1.395010000000000000e+05
1.870610000000000000e+05
1.930520000000000000e+05
1.849360000000000000e+05
1.599760000000000000e+05
0.000000000000000000e+00
2.392720000000000000e+05
1.619660000000000000e+05
2.207720000000000000e+05
2.146480000000000000e+05
2.763900000000000000e+05
1.988420000000000000e+05
0.000000000000000000e+00
2.949810000000000000e+05
2.218550000000000000e+05
2.358170000000000000e+05
1.979620000000000000e+05
2.095870000000000000e+05
1.760450000000000000e+05
0.000000000000000000e+00
2.752940000000000000e+05
1.603580000000000000e+05
1.733930000000000000e+05
2.009300000000000000e+05
2.225280000000000000e+05
1.621350000000000000e+05
0.000000000000000000e+00
2.841520000000000000e+05
1.951170000000000000e+05
1.977110000000000000e+05
2.413940000000000000e+05
2.107170000000000000e+05
1.861040000000000000e+05
0.000000000000000000e+00
2.198380000000000000e+05
1.320390000000000000e+05
1.702220000000000000e+05
2.099770000000000000e+05
2.110230000000000000e+05
2.060660000000000000e+05
0.000000000000000000e+00
2.077020000000000000e+05
1.381530000000000000e+05
1.869070000000000000e+05
1.799410000000000000e+05
2.119740000000000000e+05
2.335770000000000000e+05
0.000000000000000000e+00
2.338070000000000000e+05
1.687400000000000000e+05
1.947790000000000000e+05
2.007420000000000000e+05
2.449970000000000000e+05
2.058340000000000000e+05
0.000000000000000000e+00
1.977130000000000000e+05
1.682830000000000000e+05
1.743920000000000000e+05
1.896350000000000000e+05
2.023820000000000000e+05
1.856090000000000000e+05
0.000000000000000000e+00
2.014060000000000000e+05
1.864390000000000000e+05
1.737520000000000000e+05
2.012260000000000000e+05
2.005490000000000000e+05
2.788000000000000000e+04
0.000000000000000000e+00
1.369530000000000000e+05
1.173090000000000000e+05
1.322680000000000000e+05
1.561410000000000000e+05
1.523810000000000000e+05
1.305770000000000000e+05
0.000000000000000000e+00
1.599000000000000000e+05
1.370990000000000000e+05
1.172600000000000000e+05
9.819400000000000000e+04
1.012160000000000000e+05
9.930500000000000000e+04
0.000000000000000000e+00
8.019500000000000000e+04
7.325400000000000000e+04
7.141400000000000000e+04
6.487800000000000000e+04
6.058500000000000000e+04
5.531900000000000000e+04
0.000000000000000000e+00
8.698000000000000000e+04
7.021600000000000000e+04
8.270600000000000000e+04
8.227800000000000000e+04
8.745100000000000000e+04
1.158430000000000000e+05
0.000000000000000000e+00
1.316170000000000000e+05
9.956100000000000000e+04
9.704700000000000000e+04
8.947300000000000000e+04
9.441800000000000000e+04
9.797200000000000000e+04
0.000000000000000000e+00
1.199730000000000000e+05
8.830800000000000000e+04
1.082980000000000000e+05
8.970900000000000000e+04
1.035850000000000000e+05
1.173270000000000000e+05
0.000000000000000000e+00
1.140570000000000000e+05
8.927000000000000000e+04
1.070040000000000000e+05
8.595800000000000000e+04
1.311500000000000000e+05
1.316940000000000000e+05
0.000000000000000000e+00
1.471310000000000000e+05
1.345160000000000000e+05
1.480930000000000000e+05
1.410860000000000000e+05
1.589490000000000000e+05
1.905580000000000000e+05
4.824000000000000000e+03
3.070800000000000000e+05
7.891700000000000000e+04
0.000000000000000000e+00
0.000000000000000000e+00
0.000000000000000000e+00
7.215000000000000000e+04
0.000000000000000000e+00
1.924750000000000000e+05
1.576110000000000000e+05
1.551890000000000000e+05
1.075330000000000000e+05
1.503800000000000000e+05
1.349290000000000000e+05
0.000000000000000000e+00
1.206670000000000000e+05
1.060360000000000000e+05
1.015750000000000000e+05
9.606300000000000000e+04
1.030680000000000000e+05
9.205300000000000000e+04
0.000000000000000000e+00
8.773700000000000000e+04
1.111960000000000000e+05
9.483000000000000000e+04
1.239400000000000000e+05
1.182310000000000000e+05
1.272190000000000000e+05
0.000000000000000000e+00
1.715260000000000000e+05
1.272220000000000000e+05
1.633130000000000000e+05
1.634010000000000000e+05
1.978400000000000000e+05
1.609890000000000000e+05
0.000000000000000000e+00
1.811430000000000000e+05
1.427240000000000000e+05
1.924710000000000000e+05
1.695510000000000000e+05
2.076140000000000000e+05
1.480310000000000000e+05
0.000000000000000000e+00
1.970270000000000000e+05
1.510420000000000000e+05
1.615750000000000000e+05
1.291740000000000000e+05
1.707410000000000000e+05
1.556300000000000000e+05
0.000000000000000000e+00
2.261380000000000000e+05
1.290390000000000000e+05
1.590200000000000000e+05
1.361670000000000000e+05
1.588520000000000000e+05
1.171530000000000000e+05
0.000000000000000000e+00
1.739460000000000000e+05
1.200230000000000000e+05
1.324240000000000000e+05
1.152690000000000000e+05
1.688710000000000000e+05
1.031350000000000000e+05
0.000000000000000000e+00
1.449700000000000000e+05
7.450400000000000000e+04
1.169500000000000000e+05
1.090140000000000000e+05
1.432870000000000000e+05
1.002390000000000000e+05
0.000000000000000000e+00
1.282460000000000000e+05
9.617400000000000000e+04
1.208100000000000000e+05
8.390600000000000000e+04
1.422110000000000000e+05
9.395500000000000000e+04
0.000000000000000000e+00
1.176760000000000000e+05
9.409800000000000000e+04
1.366090000000000000e+05
1.525780000000000000e+05
1.768280000000000000e+05
1.426530000000000000e+05
0.000000000000000000e+00
1.625720000000000000e+05
1.025860000000000000e+05
1.451680000000000000e+05
1.579070000000000000e+05
1.965320000000000000e+05
1.348890000000000000e+05
0.000000000000000000e+00
0.000000000000000000e+00
2.667000000000000000e+04
1.860380000000000000e+05
1.314920000000000000e+05
1.412080000000000000e+05
1.070230000000000000e+05
0.000000000000000000e+00
1.163800000000000000e+05
1.027580000000000000e+05
1.151690000000000000e+05
7.997300000000000000e+04
1.028810000000000000e+05
6.511200000000000000e+04
0.000000000000000000e+00
1.197910000000000000e+05
7.743300000000000000e+04
9.383300000000000000e+04
9.034500000000000000e+04
9.240400000000000000e+04
8.171500000000000000e+04
0.000000000000000000e+00
9.353800000000000000e+04
8.493400000000000000e+04
1.325850000000000000e+05
8.260300000000000000e+04
6.263300000000000000e+04
5.633200000000000000e+04
0.000000000000000000e+00
8.328300000000000000e+04
8.120100000000000000e+04
1.275410000000000000e+05
1.080190000000000000e+05
1.020270000000000000e+05
9.623500000000000000e+04
0.000000000000000000e+00
1.019230000000000000e+05
1.035330000000000000e+05
1.140390000000000000e+05
1.074870000000000000e+05
1.189730000000000000e+05
1.201170000000000000e+05
0.000000000000000000e+00
1.117750000000000000e+05
1.209820000000000000e+05
1.763470000000000000e+05
2.483200000000000000e+04
0.000000000000000000e+00
0.000000000000000000e+00
0.000000000000000000e+00
7.220600000000000000e+04
1.115020000000000000e+05
1.709470000000000000e+05
1.299960000000000000e+05
8.671500000000000000e+04
6.468200000000000000e+04
0.000000000000000000e+00
9.653800000000000000e+04
8.119200000000000000e+04
1.223400000000000000e+05
1.076460000000000000e+05
7.363600000000000000e+04
6.163800000000000000e+04
0.000000000000000000e+00
1.291490000000000000e+05
6.994300000000000000e+04
1.102610000000000000e+05
9.836600000000000000e+04
1.177080000000000000e+05
6.945500000000000000e+04
0.000000000000000000e+00
1.216770000000000000e+05
9.120600000000000000e+04
1.225360000000000000e+05
1.105020000000000000e+05
9.128300000000000000e+04
7.225600000000000000e+04
0.000000000000000000e+00
1.068470000000000000e+05
9.044700000000000000e+04
1.880240000000000000e+05
1.411120000000000000e+05
1.633510000000000000e+05
1.036040000000000000e+05
0.000000000000000000e+00
1.909920000000000000e+05
1.145300000000000000e+05
1.473540000000000000e+05
1.353580000000000000e+05
1.355910000000000000e+05
1.000110000000000000e+05
0.000000000000000000e+00
1.948610000000000000e+05
1.101300000000000000e+05
1.465670000000000000e+05
1.653900000000000000e+05
1.650550000000000000e+05
9.943400000000000000e+04
0.000000000000000000e+00
1.832950000000000000e+05
1.400930000000000000e+05
1.388950000000000000e+05
1.732310000000000000e+05
1.279110000000000000e+05
7.059200000000000000e+04
0.000000000000000000e+00
1.202560000000000000e+05
1.124390000000000000e+05
1.611490000000000000e+05
1.785750000000000000e+05
1.293820000000000000e+05
9.227600000000000000e+04
0.000000000000000000e+00
1.444440000000000000e+05
7.070300000000000000e+04
8.991400000000000000e+04
1.142610000000000000e+05
1.156330000000000000e+05
1.049920000000000000e+05
0.000000000000000000e+00
1.558640000000000000e+05
1.381350000000000000e+05
1.358460000000000000e+05
1.144240000000000000e+05
9.534000000000000000e+04
1.410210000000000000e+05
0.000000000000000000e+00
1.854000000000000000e+05
1.459860000000000000e+05
1.579710000000000000e+05
1.501570000000000000e+05
1.546120000000000000e+05
1.317340000000000000e+05
0.000000000000000000e+00
2.015590000000000000e+05
1.099830000000000000e+05
1.359240000000000000e+05
1.578970000000000000e+05
1.843070000000000000e+05
1.720920000000000000e+05
0.000000000000000000e+00
2.206550000000000000e+05
1.366540000000000000e+05
1.684810000000000000e+05
1.927310000000000000e+05
2.309300000000000000e+05
1.593220000000000000e+05
0.000000000000000000e+00
1.718280000000000000e+05
1.125770000000000000e+05
1.476790000000000000e+05
1.476640000000000000e+05
1.326480000000000000e+05
1.316060000000000000e+05
0.000000000000000000e+00
2.125910000000000000e+05
1.358530000000000000e+05
1.541080000000000000e+05
1.794510000000000000e+05
1.287700000000000000e+05
1.374120000000000000e+05
0.000000000000000000e+00
2.206430000000000000e+05
1.586170000000000000e+05
1.787680000000000000e+05
1.755370000000000000e+05
1.759400000000000000e+05
1.848670000000000000e+05
0.000000000000000000e+00
2.650530000000000000e+05
1.825910000000000000e+05
2.046180000000000000e+05
1.951910000000000000e+05
1.856640000000000000e+05
1.763180000000000000e+05
0.000000000000000000e+00
2.117390000000000000e+05
1.583910000000000000e+05
1.708900000000000000e+05
1.694500000000000000e+05
1.759510000000000000e+05
1.874960000000000000e+05
0.000000000000000000e+00
2.180910000000000000e+05
1.413030000000000000e+05
1.435110000000000000e+05
1.964740000000000000e+05
1.501780000000000000e+05
1.291210000000000000e+05
0.000000000000000000e+00
1.765500000000000000e+05
1.520060000000000000e+05
2.034860000000000000e+05
2.365840000000000000e+05
2.006670000000000000e+05
2.590760000000000000e+05
0.000000000000000000e+00
2.677550000000000000e+05
1.912180000000000000e+05
1.854210000000000000e+05
1.685600000000000000e+05
1.563530000000000000e+05
1.481420000000000000e+05
0.000000000000000000e+00
1.847360000000000000e+05
1.538940000000000000e+05
1.938040000000000000e+05
1.952860000000000000e+05
1.477500000000000000e+05
1.302220000000000000e+05
0.000000000000000000e+00
1.655630000000000000e+05
1.567110000000000000e+05
1.606470000000000000e+05
1.524080000000000000e+05
1.417160000000000000e+05
1.243100000000000000e+04
0.000000000000000000e+00
1.295070000000000000e+05
1.248250000000000000e+05
1.076940000000000000e+05
1.139620000000000000e+05
1.152460000000000000e+05
1.197980000000000000e+05
0.000000000000000000e+00
1.305390000000000000e+05
1.267720000000000000e+05
9.204300000000000000e+04
6.510300000000000000e+04
7.031500000000000000e+04
0.000000000000000000e+00
0.000000000000000000e+00
9.253200000000000000e+04
9.189200000000000000e+04
9.005100000000000000e+04
6.834500000000000000e+04
7.987200000000000000e+04
8.519500000000000000e+04
0.000000000000000000e+00
1.440950000000000000e+05
1.082900000000000000e+05
1.257200000000000000e+05
9.139000000000000000e+04
1.075980000000000000e+05
1.144340000000000000e+05
0.000000000000000000e+00
1.512930000000000000e+05
1.128210000000000000e+05
9.771400000000000000e+04
8.618000000000000000e+04
1.175460000000000000e+05
9.941900000000000000e+04
0.000000000000000000e+00
1.202020000000000000e+05
8.246100000000000000e+04
8.650900000000000000e+04
8.142500000000000000e+04
8.931900000000000000e+04
9.649700000000000000e+04
1.200000000000000000e+02
1.377160000000000000e+05
1.000770000000000000e+05
1.229120000000000000e+05
1.247570000000000000e+05
1.611330000000000000e+05
1.193860000000000000e+05
3.520000000000000000e+02
0.000000000000000000e+00
0.000000000000000000e+00
0.000000000000000000e+00
1.051720000000000000e+05
1.365290000000000000e+05
1.566500000000000000e+05
0.000000000000000000e+00
1.302900000000000000e+05
9.832400000000000000e+04
8.945000000000000000e+04
7.386500000000000000e+04
1.023030000000000000e+05
1.130500000000000000e+05
0.000000000000000000e+00
1.052500000000000000e+05
9.171400000000000000e+04
5.388000000000000000e+04
1.027970000000000000e+05
1.218910000000000000e+05
1.131830000000000000e+05
0.000000000000000000e+00
1.057500000000000000e+05
8.678100000000000000e+04
7.914400000000000000e+04
6.721600000000000000e+04
7.593400000000000000e+04
7.693900000000000000e+04
0.000000000000000000e+00
9.602200000000000000e+04
8.309100000000000000e+04
1.083160000000000000e+05
1.159840000000000000e+05
1.100750000000000000e+05
1.001770000000000000e+05
0.000000000000000000e+00
1.371190000000000000e+05
8.451800000000000000e+04
1.149900000000000000e+05
9.393900000000000000e+04
1.393300000000000000e+05
1.045340000000000000e+05
0.000000000000000000e+00
1.170640000000000000e+05
1.140850000000000000e+05
1.266880000000000000e+05
1.126660000000000000e+05
1.178680000000000000e+05
1.219750000000000000e+05
0.000000000000000000e+00
1.780640000000000000e+05
1.376500000000000000e+05
1.874520000000000000e+05
1.812120000000000000e+05
2.094570000000000000e+05
1.661370000000000000e+05
0.000000000000000000e+00
2.182640000000000000e+05
1.357190000000000000e+05
2.371730000000000000e+05
1.839560000000000000e+05
2.096170000000000000e+05
1.269610000000000000e+05
0.000000000000000000e+00
2.038140000000000000e+05
1.554640000000000000e+05
1.551720000000000000e+05
1.329920000000000000e+05
1.753120000000000000e+05
1.269090000000000000e+05
0.000000000000000000e+00
1.734570000000000000e+05
1.088790000000000000e+05
1.770590000000000000e+05
1.341970000000000000e+05
1.883820000000000000e+05
1.316600000000000000e+05
0.000000000000000000e+00
1.672630000000000000e+05
1.324840000000000000e+05
1.635570000000000000e+05
1.356370000000000000e+05
1.539460000000000000e+05
1.260180000000000000e+05
0.000000000000000000e+00
1.681480000000000000e+05
1.341420000000000000e+05
1.804200000000000000e+05
1.291060000000000000e+05
1.355080000000000000e+05
1.135810000000000000e+05
0.000000000000000000e+00
1.395320000000000000e+05
1.334920000000000000e+05
1.192420000000000000e+05
1.388380000000000000e+05
1.190600000000000000e+05
1.036610000000000000e+05
0.000000000000000000e+00
1.227710000000000000e+05
0.000000000000000000e+00
2.511300000000000000e+04
1.119610000000000000e+05
1.040240000000000000e+05
9.161000000000000000e+04
0.000000000000000000e+00
1.329490000000000000e+05
9.391100000000000000e+04
1.406360000000000000e+05
7.863500000000000000e+04
7.774900000000000000e+04
6.335400000000000000e+04
0.000000000000000000e+00
8.376800000000000000e+04
7.278000000000000000e+04
1.200630000000000000e+05
1.148230000000000000e+05
8.502900000000000000e+04
7.774800000000000000e+04
0.000000000000000000e+00
1.191880000000000000e+05
8.835800000000000000e+04
1.216950000000000000e+05
1.118090000000000000e+05
1.245950000000000000e+05
9.719500000000000000e+04
0.000000000000000000e+00
1.319260000000000000e+05
8.387300000000000000e+04
1.392640000000000000e+05
1.347720000000000000e+05
1.457680000000000000e+05
1.599850000000000000e+05
3.136000000000000000e+03
4.354200000000000000e+04
0.000000000000000000e+00
0.000000000000000000e+00
9.372000000000000000e+03
1.740330000000000000e+05
1.636490000000000000e+05
0.000000000000000000e+00
2.042330000000000000e+05
8.265000000000000000e+04
1.094360000000000000e+05
9.718300000000000000e+04
9.640700000000000000e+04
1.029270000000000000e+05
0.000000000000000000e+00
9.896800000000000000e+04
8.960800000000000000e+04
1.568480000000000000e+05
1.303360000000000000e+05
1.284220000000000000e+05
9.240800000000000000e+04
0.000000000000000000e+00
1.597980000000000000e+05
1.042840000000000000e+05
1.339690000000000000e+05
1.137520000000000000e+05
1.247240000000000000e+05
8.907100000000000000e+04
0.000000000000000000e+00
1.619340000000000000e+05
9.908100000000000000e+04
1.415350000000000000e+05
1.201910000000000000e+05
1.834960000000000000e+05
9.259500000000000000e+04
0.000000000000000000e+00
1.576510000000000000e+05
1.228010000000000000e+05
1.422070000000000000e+05
1.159170000000000000e+05
1.137480000000000000e+05
8.928900000000000000e+04
0.000000000000000000e+00
1.777860000000000000e+05
9.986900000000000000e+04
1.334170000000000000e+05
1.032290000000000000e+05
1.437000000000000000e+05
7.498900000000000000e+04
0.000000000000000000e+00
1.659570000000000000e+05
1.098700000000000000e+05
1.591900000000000000e+05
1.494950000000000000e+05
1.650840000000000000e+05
9.118300000000000000e+04
0.000000000000000000e+00
1.682670000000000000e+05
9.817900000000000000e+04
1.194830000000000000e+05
1.215230000000000000e+05
1.522300000000000000e+05
1.011100000000000000e+05
0.000000000000000000e+00
1.652880000000000000e+05
1.087530000000000000e+05
1.808010000000000000e+05
1.770950000000000000e+05
1.988340000000000000e+05
1.352730000000000000e+05
0.000000000000000000e+00
1.987020000000000000e+05
1.420880000000000000e+05
1.740500000000000000e+05
1.726020000000000000e+05
2.022980000000000000e+05
1.398210000000000000e+05
0.000000000000000000e+00
2.008720000000000000e+05
1.395620000000000000e+05
1.538900000000000000e+05
1.720520000000000000e+05
2.254580000000000000e+05
1.367410000000000000e+05
0.000000000000000000e+00
1.983930000000000000e+05
1.364360000000000000e+05
1.940840000000000000e+05
1.793180000000000000e+05
1.956660000000000000e+05
1.510060000000000000e+05
0.000000000000000000e+00
2.339840000000000000e+05
1.156930000000000000e+05
1.601400000000000000e+05
1.594710000000000000e+05
1.876570000000000000e+05
1.443630000000000000e+05
0.000000000000000000e+00
2.245600000000000000e+05
1.427590000000000000e+05
1.868170000000000000e+05
1.817300000000000000e+05
1.945050000000000000e+05
1.770020000000000000e+05
0.000000000000000000e+00
2.204400000000000000e+05
1.589180000000000000e+05
1.952970000000000000e+05
2.377880000000000000e+05
2.572110000000000000e+05
1.989680000000000000e+05
0.000000000000000000e+00
2.265320000000000000e+05
1.551600000000000000e+05
1.640380000000000000e+05
1.408440000000000000e+05
1.626920000000000000e+05
1.442440000000000000e+05
0.000000000000000000e+00
2.038370000000000000e+05
1.446100000000000000e+05
1.988770000000000000e+05
1.575780000000000000e+05
1.644380000000000000e+05
1.351130000000000000e+05
0.000000000000000000e+00
1.397720000000000000e+05
1.561800000000000000e+05
2.149360000000000000e+05
2.465680000000000000e+05
1.818450000000000000e+05
1.409390000000000000e+05
0.000000000000000000e+00
1.535430000000000000e+05
1.312150000000000000e+05
1.931230000000000000e+05
1.715990000000000000e+05
1.942110000000000000e+05
1.783230000000000000e+05
0.000000000000000000e+00
2.476340000000000000e+05
1.859650000000000000e+05
2.295930000000000000e+05
2.335170000000000000e+05
2.700900000000000000e+05
2.187380000000000000e+05
0.000000000000000000e+00
2.786470000000000000e+05
2.222820000000000000e+05
2.678800000000000000e+05
2.643040000000000000e+05
2.505530000000000000e+05
1.893420000000000000e+05
0.000000000000000000e+00
2.004630000000000000e+05
1.736270000000000000e+05
1.799230000000000000e+05
1.894000000000000000e+05
1.722050000000000000e+05
1.738820000000000000e+05
0.000000000000000000e+00
2.336630000000000000e+05
1.681310000000000000e+05
1.832340000000000000e+05
1.302980000000000000e+05
1.534390000000000000e+05
1.482720000000000000e+05
0.000000000000000000e+00
1.984180000000000000e+05
1.636810000000000000e+05
1.910090000000000000e+05
1.696360000000000000e+05
2.147770000000000000e+05
1.460180000000000000e+05
0.000000000000000000e+00
1.908810000000000000e+05
1.387780000000000000e+05
1.560550000000000000e+05
1.982520000000000000e+05
1.541240000000000000e+05
1.638700000000000000e+04
0.000000000000000000e+00
1.758990000000000000e+05
1.327870000000000000e+05
1.225630000000000000e+05
8.817100000000000000e+04
1.083240000000000000e+05
1.365920000000000000e+05
0.000000000000000000e+00
2.101920000000000000e+05
1.556580000000000000e+05
1.432880000000000000e+05
1.205900000000000000e+05
1.205260000000000000e+05
1.335470000000000000e+05
0.000000000000000000e+00
1.658180000000000000e+05
1.633560000000000000e+05
1.430520000000000000e+05
1.314420000000000000e+05
1.367040000000000000e+05
9.823100000000000000e+04
0.000000000000000000e+00
1.439450000000000000e+05
1.433690000000000000e+05
1.304260000000000000e+05
1.071430000000000000e+05
1.247550000000000000e+05
1.156940000000000000e+05
0.000000000000000000e+00
1.358590000000000000e+05
1.158000000000000000e+05
1.125090000000000000e+05
9.492500000000000000e+04
1.036500000000000000e+05
7.707000000000000000e+04
0.000000000000000000e+00
1.135960000000000000e+05
8.775800000000000000e+04
1.007330000000000000e+05
2.098800000000000000e+04
0.000000000000000000e+00
0.000000000000000000e+00
0.000000000000000000e+00
5.045200000000000000e+04
1.104790000000000000e+05
1.527920000000000000e+05
1.441270000000000000e+05
1.109180000000000000e+05
1.039780000000000000e+05
0.000000000000000000e+00
1.421540000000000000e+05
1.156140000000000000e+05
1.311090000000000000e+05
1.484870000000000000e+05
1.519250000000000000e+05
1.615790000000000000e+05
0.000000000000000000e+00
1.464010000000000000e+05
9.522600000000000000e+04
1.279110000000000000e+05
9.923800000000000000e+04
1.106920000000000000e+05
1.019590000000000000e+05
0.000000000000000000e+00
1.331820000000000000e+05
1.007760000000000000e+05
1.263970000000000000e+05
1.099900000000000000e+05
1.124830000000000000e+05
8.991500000000000000e+04
0.000000000000000000e+00
1.215320000000000000e+05
1.164450000000000000e+05
1.155680000000000000e+05
1.065540000000000000e+05
1.373490000000000000e+05
1.095000000000000000e+05
0.000000000000000000e+00
1.869990000000000000e+05
1.437140000000000000e+05
1.434530000000000000e+05
1.676910000000000000e+05
1.690110000000000000e+05
1.339830000000000000e+05
0.000000000000000000e+00
2.028260000000000000e+05
1.279470000000000000e+05
1.784340000000000000e+05
1.341030000000000000e+05
2.003740000000000000e+05
1.029890000000000000e+05
0.000000000000000000e+00
1.479950000000000000e+05
1.432850000000000000e+05
1.436120000000000000e+05
1.406380000000000000e+05
1.740540000000000000e+05
1.489560000000000000e+05
0.000000000000000000e+00
1.401030000000000000e+05
1.330140000000000000e+05
1.322900000000000000e+05
1.552270000000000000e+05
1.418980000000000000e+05
1.155890000000000000e+05
0.000000000000000000e+00
1.560940000000000000e+05
1.050630000000000000e+05
1.179230000000000000e+05
1.388400000000000000e+05
1.558670000000000000e+05
1.081810000000000000e+05
0.000000000000000000e+00
1.315110000000000000e+05
1.003740000000000000e+05
1.291640000000000000e+05
1.009430000000000000e+05
1.597840000000000000e+05
1.172190000000000000e+05
0.000000000000000000e+00
2.004690000000000000e+05
1.279750000000000000e+05
2.218860000000000000e+05
1.185640000000000000e+05
1.835290000000000000e+05
1.421470000000000000e+05
0.000000000000000000e+00
1.881250000000000000e+05
1.328160000000000000e+05
1.766190000000000000e+05
1.357600000000000000e+05
1.745170000000000000e+05
1.069290000000000000e+05
0.000000000000000000e+00
2.043560000000000000e+05
1.131980000000000000e+05
1.498510000000000000e+05
1.484720000000000000e+05
1.700500000000000000e+05
1.283660000000000000e+05
0.000000000000000000e+00
1.348530000000000000e+05
1.258150000000000000e+05
1.703400000000000000e+05
9.997400000000000000e+04
1.449540000000000000e+05
1.073690000000000000e+05
0.000000000000000000e+00
2.000980000000000000e+05
1.029890000000000000e+05
0.000000000000000000e+00
9.293000000000000000e+03
1.215890000000000000e+05
1.203250000000000000e+05
0.000000000000000000e+00
1.620420000000000000e+05
1.043170000000000000e+05
1.369480000000000000e+05
1.147080000000000000e+05
1.165210000000000000e+05
6.297600000000000000e+04
0.000000000000000000e+00
1.286970000000000000e+05
8.593300000000000000e+04
1.422370000000000000e+05
1.037540000000000000e+05
1.138000000000000000e+05
7.250500000000000000e+04
0.000000000000000000e+00
1.292590000000000000e+05
1.144420000000000000e+05
1.385810000000000000e+05
1.249740000000000000e+05
3.747500000000000000e+04
0.000000000000000000e+00
0.000000000000000000e+00
2.080000000000000000e+02
6.351300000000000000e+04
1.029880000000000000e+05
1.350150000000000000e+05
1.104650000000000000e+05
6.881000000000000000e+04
0.000000000000000000e+00
1.139990000000000000e+05
7.723500000000000000e+04
1.299590000000000000e+05
9.935200000000000000e+04
7.645200000000000000e+04
5.080900000000000000e+04
0.000000000000000000e+00
1.119000000000000000e+05
6.253800000000000000e+04
1.424310000000000000e+05
1.183010000000000000e+05
1.251080000000000000e+05
7.344400000000000000e+04
0.000000000000000000e+00
1.479760000000000000e+05
7.474700000000000000e+04
1.061790000000000000e+05
1.066310000000000000e+05
1.171790000000000000e+05
7.345700000000000000e+04
0.000000000000000000e+00
9.951200000000000000e+04
7.382600000000000000e+04
1.135220000000000000e+05
1.068110000000000000e+05
7.732900000000000000e+04
7.322600000000000000e+04
0.000000000000000000e+00
1.101120000000000000e+05
6.608200000000000000e+04
1.509150000000000000e+05
8.247400000000000000e+04
6.885000000000000000e+04
4.929000000000000000e+04
0.000000000000000000e+00
8.465400000000000000e+04
5.888500000000000000e+04
1.018230000000000000e+05
8.965200000000000000e+04
1.130650000000000000e+05
7.385200000000000000e+04
0.000000000000000000e+00
1.553420000000000000e+05
1.077180000000000000e+05
1.191610000000000000e+05
1.034620000000000000e+05
1.005220000000000000e+05
7.661700000000000000e+04
0.000000000000000000e+00
1.458560000000000000e+05
7.911800000000000000e+04
1.258880000000000000e+05
1.145370000000000000e+05
1.263400000000000000e+05
9.561700000000000000e+04
0.000000000000000000e+00
1.250840000000000000e+05
8.454200000000000000e+04
1.635050000000000000e+05
1.843070000000000000e+05
1.629080000000000000e+05
1.158020000000000000e+05
0.000000000000000000e+00
2.236770000000000000e+05
1.045650000000000000e+05
1.769800000000000000e+05
1.383480000000000000e+05
1.989870000000000000e+05
1.360910000000000000e+05
0.000000000000000000e+00
2.167960000000000000e+05
1.461120000000000000e+05
1.847790000000000000e+05
1.755310000000000000e+05
1.316160000000000000e+05
1.726530000000000000e+05
0.000000000000000000e+00
2.012550000000000000e+05
8.189700000000000000e+04
1.660300000000000000e+05
1.192900000000000000e+05
1.243190000000000000e+05
1.133380000000000000e+05
0.000000000000000000e+00
1.643780000000000000e+05
1.466070000000000000e+05
1.833630000000000000e+05
1.563160000000000000e+05
1.330710000000000000e+05
1.406000000000000000e+05
0.000000000000000000e+00
2.557420000000000000e+05
1.586650000000000000e+05
1.918550000000000000e+05
2.154800000000000000e+05
1.841890000000000000e+05
1.980020000000000000e+05
0.000000000000000000e+00
2.681070000000000000e+05
1.659620000000000000e+05
2.096050000000000000e+05
1.754200000000000000e+05
2.222110000000000000e+05
1.481570000000000000e+05
0.000000000000000000e+00
1.661000000000000000e+05
1.109950000000000000e+05
1.617480000000000000e+05
1.538200000000000000e+05
1.488730000000000000e+05
1.323160000000000000e+05
0.000000000000000000e+00
2.167960000000000000e+05
1.619470000000000000e+05
2.214690000000000000e+05
1.623140000000000000e+05
1.888480000000000000e+05
1.815160000000000000e+05
0.000000000000000000e+00
2.590910000000000000e+05
1.530740000000000000e+05
1.844010000000000000e+05
1.949470000000000000e+05
1.686750000000000000e+05
1.709490000000000000e+05
0.000000000000000000e+00
2.129070000000000000e+05
1.411030000000000000e+05
1.150220000000000000e+05
1.465720000000000000e+05
1.870230000000000000e+05
1.377950000000000000e+05
0.000000000000000000e+00
2.145770000000000000e+05
1.805060000000000000e+05
2.268800000000000000e+05
2.702690000000000000e+05
2.864420000000000000e+05
1.472140000000000000e+05
0.000000000000000000e+00
2.425930000000000000e+05
2.262960000000000000e+05
2.248450000000000000e+05
2.285140000000000000e+05
1.954230000000000000e+05
1.165940000000000000e+05
0.000000000000000000e+00
2.316690000000000000e+05
1.350600000000000000e+05
1.990410000000000000e+05
1.342470000000000000e+05
1.473090000000000000e+05
1.663240000000000000e+05
0.000000000000000000e+00
2.031580000000000000e+05
1.661620000000000000e+05
1.525310000000000000e+05
1.564980000000000000e+05
2.173010000000000000e+05
2.222780000000000000e+05
0.000000000000000000e+00
2.078490000000000000e+05
1.862060000000000000e+05
2.399320000000000000e+05
2.365650000000000000e+05
2.261800000000000000e+05
1.706310000000000000e+05
0.000000000000000000e+00
2.054090000000000000e+05
1.500360000000000000e+05
1.317130000000000000e+05
1.948210000000000000e+05
2.026930000000000000e+05
1.165480000000000000e+05
0.000000000000000000e+00
2.073830000000000000e+05
1.270790000000000000e+05
1.288990000000000000e+05
1.402070000000000000e+05
1.335280000000000000e+05
1.239600000000000000e+04
0.000000000000000000e+00
1.569050000000000000e+05
1.160370000000000000e+05
1.187570000000000000e+05
1.172970000000000000e+05
1.453050000000000000e+05
1.363520000000000000e+05
0.000000000000000000e+00
1.576410000000000000e+05
1.371930000000000000e+05
8.161500000000000000e+04
1.020020000000000000e+05
1.064130000000000000e+05
9.024500000000000000e+04
0.000000000000000000e+00
9.359000000000000000e+04
8.218400000000000000e+04
1.015290000000000000e+05
9.404400000000000000e+04
1.194930000000000000e+05
1.412020000000000000e+05
0.000000000000000000e+00
1.607140000000000000e+05
1.521860000000000000e+05
1.961190000000000000e+05
1.656510000000000000e+05
1.420320000000000000e+05
1.167690000000000000e+05
0.000000000000000000e+00
1.562660000000000000e+05
1.285270000000000000e+05
1.356580000000000000e+05
1.143510000000000000e+05
1.417280000000000000e+05
1.250820000000000000e+05
0.000000000000000000e+00
1.002190000000000000e+05
9.065400000000000000e+04
1.165280000000000000e+05
9.364900000000000000e+04
9.777500000000000000e+04
7.748400000000000000e+04
0.000000000000000000e+00
9.158500000000000000e+04
7.913900000000000000e+04
8.144900000000000000e+04
8.364200000000000000e+04
9.850600000000000000e+04
8.538700000000000000e+04
0.000000000000000000e+00
1.241420000000000000e+05
9.020600000000000000e+04
1.063000000000000000e+05
9.415300000000000000e+04
8.712400000000000000e+04
1.026650000000000000e+05
0.000000000000000000e+00
1.839660000000000000e+05
1.785670000000000000e+05
1.012030000000000000e+05
0.000000000000000000e+00
0.000000000000000000e+00
0.000000000000000000e+00
0.000000000000000000e+00
1.871470000000000000e+05
1.436730000000000000e+05
1.342050000000000000e+05
1.584500000000000000e+05
1.580030000000000000e+05
1.237200000000000000e+05
0.000000000000000000e+00
1.579130000000000000e+05
8.219800000000000000e+04
1.210910000000000000e+05
1.217060000000000000e+05
1.150270000000000000e+05
1.366330000000000000e+05
0.000000000000000000e+00
1.454600000000000000e+05
1.331120000000000000e+05
1.361160000000000000e+05
1.211220000000000000e+05
1.258350000000000000e+05
8.686300000000000000e+04
0.000000000000000000e+00
1.384160000000000000e+05
1.200810000000000000e+05
1.260810000000000000e+05
1.155620000000000000e+05
1.272210000000000000e+05
1.023080000000000000e+05
0.000000000000000000e+00
1.600570000000000000e+05
1.058290000000000000e+05
1.334160000000000000e+05
1.347580000000000000e+05
1.610860000000000000e+05
1.509610000000000000e+05
0.000000000000000000e+00
2.324630000000000000e+05
9.884400000000000000e+04
1.610520000000000000e+05
1.619240000000000000e+05
2.143610000000000000e+05
1.606440000000000000e+05
0.000000000000000000e+00
2.304640000000000000e+05
1.691390000000000000e+05
1.918400000000000000e+05
1.682260000000000000e+05
2.715420000000000000e+05
1.653330000000000000e+05
0.000000000000000000e+00
2.371040000000000000e+05
1.674670000000000000e+05
2.133490000000000000e+05
1.814480000000000000e+05
2.341910000000000000e+05
1.713490000000000000e+05
0.000000000000000000e+00
2.504140000000000000e+05
1.445110000000000000e+05
1.773300000000000000e+05
1.456080000000000000e+05
1.815460000000000000e+05
1.325490000000000000e+05
0.000000000000000000e+00
1.628800000000000000e+05
1.406570000000000000e+05
1.380580000000000000e+05
1.650110000000000000e+05
1.639820000000000000e+05
1.279240000000000000e+05
0.000000000000000000e+00
1.492800000000000000e+05
1.086980000000000000e+05
1.693280000000000000e+05
1.407590000000000000e+05
1.598200000000000000e+05
1.227950000000000000e+05
0.000000000000000000e+00
1.347190000000000000e+05
1.109990000000000000e+05
1.738600000000000000e+05
1.340600000000000000e+05
1.149280000000000000e+05
7.450700000000000000e+04
0.000000000000000000e+00
1.659240000000000000e+05
1.329800000000000000e+05
2.272010000000000000e+05
1.273950000000000000e+05
