0.000000000000000000e+00
1.212200000000000000e+04
1.437930000000000000e+05
1.389240000000000000e+05
1.334360000000000000e+05
1.314490000000000000e+05
1.444670000000000000e+05
0.000000000000000000e+00
1.507160000000000000e+05
1.426600000000000000e+05
1.361180000000000000e+05
1.468050000000000000e+05
1.454370000000000000e+05
1.422190000000000000e+05
0.000000000000000000e+00
1.588050000000000000e+05
1.474330000000000000e+05
1.400820000000000000e+05
1.516560000000000000e+05
1.553270000000000000e+05
1.730950000000000000e+05
2.840000000000000000e+03
2.314850000000000000e+05
2.459140000000000000e+05
0.000000000000000000e+00
0.000000000000000000e+00
0.000000000000000000e+00
0.000000000000000000e+00
0.000000000000000000e+00
0.000000000000000000e+00
0.000000000000000000e+00
1.646110000000000000e+05
1.395500000000000000e+05
1.335900000000000000e+05
1.304990000000000000e+05
0.000000000000000000e+00
1.282380000000000000e+05
1.281420000000000000e+05
1.301050000000000000e+05
1.268630000000000000e+05
1.322910000000000000e+05
1.380970000000000000e+05
0.000000000000000000e+00
1.640340000000000000e+05
1.352950000000000000e+05
1.314510000000000000e+05
1.281670000000000000e+05
1.275350000000000000e+05
1.284580000000000000e+05
0.000000000000000000e+00
1.460520000000000000e+05
1.353400000000000000e+05
1.345800000000000000e+05
1.246010000000000000e+05
1.416770000000000000e+05
1.421940000000000000e+05
0.000000000000000000e+00
1.467360000000000000e+05
1.366920000000000000e+05
1.269420000000000000e+05
1.240970000000000000e+05
1.274730000000000000e+05
1.319220000000000000e+05
0.000000000000000000e+00
1.433380000000000000e+05
1.279510000000000000e+05
1.228380000000000000e+05
1.221610000000000000e+05
1.225870000000000000e+05
1.320490000000000000e+05
0.000000000000000000e+00
1.392040000000000000e+05
1.255790000000000000e+05
1.316220000000000000e+05
1.241850000000000000e+05
1.241950000000000000e+05
1.263120000000000000e+05
0.000000000000000000e+00
1.409980000000000000e+05
1.225370000000000000e+05
1.214890000000000000e+05
8.952700000000000000e+04
1.253640000000000000e+05
1.288240000000000000e+05
0.000000000000000000e+00
1.524740000000000000e+05
1.275050000000000000e+05
1.294060000000000000e+05
1.282880000000000000e+05
1.292670000000000000e+05
1.373370000000000000e+05
0.000000000000000000e+00
1.452250000000000000e+05
1.248580000000000000e+05
1.282280000000000000e+05
1.223300000000000000e+05
1.299360000000000000e+05
1.352630000000000000e+05
0.000000000000000000e+00
1.414660000000000000e+05
1.240400000000000000e+05
1.202670000000000000e+05
1.183230000000000000e+05
1.229800000000000000e+05
1.270670000000000000e+05
0.000000000000000000e+00
1.569510000000000000e+05
1.228380000000000000e+05
1.235670000000000000e+05
1.212530000000000000e+05
1.195290000000000000e+05
1.162240000000000000e+05
0.000000000000000000e+00
1.441780000000000000e+05
1.184800000000000000e+05
1.220830000000000000e+05
1.275720000000000000e+05
1.206780000000000000e+05
1.389550000000000000e+05
0.000000000000000000e+00
1.444490000000000000e+05
1.297120000000000000e+05
1.240420000000000000e+05
1.197570000000000000e+05
1.149610000000000000e+05
1.104830000000000000e+05
0.000000000000000000e+00
1.346400000000000000e+05
1.198490000000000000e+05
1.187190000000000000e+05
1.219080000000000000e+05
1.243000000000000000e+05
1.171690000000000000e+05
0.000000000000000000e+00
1.311840000000000000e+05
1.144900000000000000e+05
1.109180000000000000e+05
1.131770000000000000e+05
1.156250000000000000e+05
1.127080000000000000e+05
0.000000000000000000e+00
1.327360000000000000e+05
1.230720000000000000e+05
1.201290000000000000e+05
1.200530000000000000e+05
1.191070000000000000e+05
1.187380000000000000e+05
0.000000000000000000e+00
1.323010000000000000e+05
1.247760000000000000e+05
1.175100000000000000e+05
1.141940000000000000e+05
1.174310000000000000e+05
1.153850000000000000e+05
0.000000000000000000e+00
1.308740000000000000e+05
1.138560000000000000e+05
1.083790000000000000e+05
1.075770000000000000e+05
1.119540000000000000e+05
1.157050000000000000e+05
0.000000000000000000e+00
1.249560000000000000e+05
1.143110000000000000e+05
1.009260000000000000e+05
1.053370000000000000e+05
1.067330000000000000e+05
1.132550000000000000e+05
0.000000000000000000e+00
1.272970000000000000e+05
9.880100000000000000e+04
1.126490000000000000e+05
1.187100000000000000e+05
1.119030000000000000e+05
1.162300000000000000e+05
0.000000000000000000e+00
1.226230000000000000e+05
1.105110000000000000e+05
1.080780000000000000e+05
1.051130000000000000e+05
1.165350000000000000e+05
1.143110000000000000e+05
0.000000000000000000e+00
1.245930000000000000e+05
1.084410000000000000e+05
1.060510000000000000e+05
8.918500000000000000e+04
1.055800000000000000e+05
1.049840000000000000e+05
0.000000000000000000e+00
1.103830000000000000e+05
1.036340000000000000e+05
1.062880000000000000e+05
1.012190000000000000e+05
1.049100000000000000e+05
1.093320000000000000e+05
0.000000000000000000e+00
1.267980000000000000e+05
1.051770000000000000e+05
1.060930000000000000e+05
1.086480000000000000e+05
1.061920000000000000e+05
1.109880000000000000e+05
0.000000000000000000e+00
1.225260000000000000e+05
1.156990000000000000e+05
1.048740000000000000e+05
1.033560000000000000e+05
9.826500000000000000e+04
1.006670000000000000e+05
0.000000000000000000e+00
1.223020000000000000e+05
1.025490000000000000e+05
1.022480000000000000e+05
1.081140000000000000e+05
1.272010000000000000e+05
1.544800000000000000e+04
0.000000000000000000e+00
1.295760000000000000e+05
1.120970000000000000e+05
1.077660000000000000e+05
1.108000000000000000e+05
1.168490000000000000e+05
1.123940000000000000e+05
0.000000000000000000e+00
1.229300000000000000e+05
1.093240000000000000e+05
1.040150000000000000e+05
1.042300000000000000e+05
1.076650000000000000e+05
1.118280000000000000e+05
0.000000000000000000e+00
1.231880000000000000e+05
1.107660000000000000e+05
1.213560000000000000e+05
1.089840000000000000e+05
1.167540000000000000e+05
1.221900000000000000e+05
0.000000000000000000e+00
1.249930000000000000e+05
1.062020000000000000e+05
1.113500000000000000e+05
1.164250000000000000e+05
1.062010000000000000e+05
1.145230000000000000e+05
0.000000000000000000e+00
1.287770000000000000e+05
1.157380000000000000e+05
1.093150000000000000e+05
1.013720000000000000e+05
1.094100000000000000e+05
1.105240000000000000e+05
0.000000000000000000e+00
1.332680000000000000e+05
1.201100000000000000e+05
1.197760000000000000e+05
1.201060000000000000e+05
1.209060000000000000e+05
1.218660000000000000e+05
0.000000000000000000e+00
1.374880000000000000e+05
1.346990000000000000e+05
1.244470000000000000e+05
1.167950000000000000e+05
1.320140000000000000e+05
1.456310000000000000e+05
0.000000000000000000e+00
1.616220000000000000e+05
1.527350000000000000e+05
1.449410000000000000e+05
1.443930000000000000e+05
1.939280000000000000e+05
2.219990000000000000e+05
1.147800000000000000e+04
2.655200000000000000e+05
1.317100000000000000e+05
0.000000000000000000e+00
0.000000000000000000e+00
0.000000000000000000e+00
8.135200000000000000e+04
0.000000000000000000e+00
1.265560000000000000e+05
1.583140000000000000e+05
1.198780000000000000e+05
1.056590000000000000e+05
9.908500000000000000e+04
1.026620000000000000e+05
0.000000000000000000e+00
1.258390000000000000e+05
1.206760000000000000e+05
1.207100000000000000e+05
1.205910000000000000e+05
1.247770000000000000e+05
1.238100000000000000e+05
0.000000000000000000e+00
1.401380000000000000e+05
1.244340000000000000e+05
1.284810000000000000e+05
1.284220000000000000e+05
1.286730000000000000e+05
1.211690000000000000e+05
0.000000000000000000e+00
1.477380000000000000e+05
1.320560000000000000e+05
1.214600000000000000e+05
1.144830000000000000e+05
1.211750000000000000e+05
1.221360000000000000e+05
0.000000000000000000e+00
1.429350000000000000e+05
1.150130000000000000e+05
1.214590000000000000e+05
1.174360000000000000e+05
1.273470000000000000e+05
1.232480000000000000e+05
0.000000000000000000e+00
1.295590000000000000e+05
1.118740000000000000e+05
1.105200000000000000e+05
1.096650000000000000e+05
1.190450000000000000e+05
1.210670000000000000e+05
0.000000000000000000e+00
1.342990000000000000e+05
1.273480000000000000e+05
1.116650000000000000e+05
1.203750000000000000e+05
1.151980000000000000e+05
1.178750000000000000e+05
0.000000000000000000e+00
1.294640000000000000e+05
1.129170000000000000e+05
1.241680000000000000e+05
1.175320000000000000e+05
1.181470000000000000e+05
1.231390000000000000e+05
0.000000000000000000e+00
1.366040000000000000e+05
1.169430000000000000e+05
1.151790000000000000e+05
1.115810000000000000e+05
1.229150000000000000e+05
1.219090000000000000e+05
0.000000000000000000e+00
1.325210000000000000e+05
1.162260000000000000e+05
1.147210000000000000e+05
1.169270000000000000e+05
1.239690000000000000e+05
1.169310000000000000e+05
0.000000000000000000e+00
1.313800000000000000e+05
1.128170000000000000e+05
1.182450000000000000e+05
1.135480000000000000e+05
1.200050000000000000e+05
1.169530000000000000e+05
0.000000000000000000e+00
1.222980000000000000e+05
1.231000000000000000e+05
1.198340000000000000e+05
1.213970000000000000e+05
1.263350000000000000e+05
1.518920000000000000e+05
0.000000000000000000e+00
0.000000000000000000e+00
2.898800000000000000e+04
1.622080000000000000e+05
1.315830000000000000e+05
1.366610000000000000e+05
1.332680000000000000e+05
0.000000000000000000e+00
1.396060000000000000e+05
1.222450000000000000e+05
1.138260000000000000e+05
1.129530000000000000e+05
1.191620000000000000e+05
1.285580000000000000e+05
0.000000000000000000e+00
1.434290000000000000e+05
1.248470000000000000e+05
1.201510000000000000e+05
1.258550000000000000e+05
1.246990000000000000e+05
1.261840000000000000e+05
0.000000000000000000e+00
1.411660000000000000e+05
1.333320000000000000e+05
1.213380000000000000e+05
1.197390000000000000e+05
1.315100000000000000e+05
1.375990000000000000e+05
0.000000000000000000e+00
1.432330000000000000e+05
1.234090000000000000e+05
1.230230000000000000e+05
1.221460000000000000e+05
1.319770000000000000e+05
1.337390000000000000e+05
0.000000000000000000e+00
1.455240000000000000e+05
1.355090000000000000e+05
1.387400000000000000e+05
1.451300000000000000e+05
1.566430000000000000e+05
1.768780000000000000e+05
5.460000000000000000e+02
2.411080000000000000e+05
2.458000000000000000e+05
2.827600000000000000e+05
1.427180000000000000e+05
0.000000000000000000e+00
0.000000000000000000e+00
0.000000000000000000e+00
1.081760000000000000e+05
1.252800000000000000e+05
1.165520000000000000e+05
1.106010000000000000e+05
1.172370000000000000e+05
1.092860000000000000e+05
0.000000000000000000e+00
1.332430000000000000e+05
1.183840000000000000e+05
1.215170000000000000e+05
1.156900000000000000e+05
1.196630000000000000e+05
1.258600000000000000e+05
0.000000000000000000e+00
1.420430000000000000e+05
1.295330000000000000e+05
1.336420000000000000e+05
1.275010000000000000e+05
1.267500000000000000e+05
1.350020000000000000e+05
0.000000000000000000e+00
1.457710000000000000e+05
1.321950000000000000e+05
1.242990000000000000e+05
1.254730000000000000e+05
1.271770000000000000e+05
1.330890000000000000e+05
0.000000000000000000e+00
1.391070000000000000e+05
1.231760000000000000e+05
1.250040000000000000e+05
1.137740000000000000e+05
1.279840000000000000e+05
1.300980000000000000e+05
0.000000000000000000e+00
1.371470000000000000e+05
1.206640000000000000e+05
1.195920000000000000e+05
1.220860000000000000e+05
1.211740000000000000e+05
2.011820000000000000e+05
0.000000000000000000e+00
1.404950000000000000e+05
1.266120000000000000e+05
1.187240000000000000e+05
1.127100000000000000e+05
1.174310000000000000e+05
1.260180000000000000e+05
0.000000000000000000e+00
1.359180000000000000e+05
1.238590000000000000e+05
1.252950000000000000e+05
1.220190000000000000e+05
1.227100000000000000e+05
1.141990000000000000e+05
0.000000000000000000e+00
1.334960000000000000e+05
1.191540000000000000e+05
1.177190000000000000e+05
1.146040000000000000e+05
1.176520000000000000e+05
1.235070000000000000e+05
0.000000000000000000e+00
1.443350000000000000e+05
1.217050000000000000e+05
1.296650000000000000e+05
1.264240000000000000e+05
1.266410000000000000e+05
1.247780000000000000e+05
0.000000000000000000e+00
1.428240000000000000e+05
1.208280000000000000e+05
1.148190000000000000e+05
1.197790000000000000e+05
1.222280000000000000e+05
1.200910000000000000e+05
0.000000000000000000e+00
1.255530000000000000e+05
1.202200000000000000e+05
1.230760000000000000e+05
1.184350000000000000e+05
1.198540000000000000e+05
1.171380000000000000e+05
0.000000000000000000e+00
1.398030000000000000e+05
1.223140000000000000e+05
1.196210000000000000e+05
1.142960000000000000e+05
1.184250000000000000e+05
1.184250000000000000e+05
0.000000000000000000e+00
1.394000000000000000e+05
1.151040000000000000e+05
1.178070000000000000e+05
1.209650000000000000e+05
1.208440000000000000e+05
1.218610000000000000e+05
0.000000000000000000e+00
1.333240000000000000e+05
1.200760000000000000e+05
1.206540000000000000e+05
1.229450000000000000e+05
1.181560000000000000e+05
1.255670000000000000e+05
0.000000000000000000e+00
1.336870000000000000e+05
1.182280000000000000e+05
1.124920000000000000e+05
1.156460000000000000e+05
1.096590000000000000e+05
1.191730000000000000e+05
0.000000000000000000e+00
1.275980000000000000e+05
1.151460000000000000e+05
1.048390000000000000e+05
1.056900000000000000e+05
1.067820000000000000e+05
1.083060000000000000e+05
0.000000000000000000e+00
1.285280000000000000e+05
1.081680000000000000e+05
1.085290000000000000e+05
1.047040000000000000e+05
1.111200000000000000e+05
1.133350000000000000e+05
0.000000000000000000e+00
1.246310000000000000e+05
1.180700000000000000e+05
1.078260000000000000e+05
1.099570000000000000e+05
1.061020000000000000e+05
1.193090000000000000e+05
0.000000000000000000e+00
1.257490000000000000e+05
1.049710000000000000e+05
1.001750000000000000e+05
1.087050000000000000e+05
1.097670000000000000e+05
1.080990000000000000e+05
0.000000000000000000e+00
1.292240000000000000e+05
1.049410000000000000e+05
1.034290000000000000e+05
1.038410000000000000e+05
1.039490000000000000e+05
1.047550000000000000e+05
0.000000000000000000e+00
1.329480000000000000e+05
1.036600000000000000e+05
1.036860000000000000e+05
1.001370000000000000e+05
1.019330000000000000e+05
1.060040000000000000e+05
0.000000000000000000e+00
1.188340000000000000e+05
1.091820000000000000e+05
1.076920000000000000e+05
1.012240000000000000e+05
1.016660000000000000e+05
9.330400000000000000e+04
0.000000000000000000e+00
1.176320000000000000e+05
1.074470000000000000e+05
8.992000000000000000e+04
9.498200000000000000e+04
1.116040000000000000e+05
9.850000000000000000e+03
0.000000000000000000e+00
1.124950000000000000e+05
1.014160000000000000e+05
9.427300000000000000e+04
9.466700000000000000e+04
1.033730000000000000e+05
1.024280000000000000e+05
0.000000000000000000e+00
1.116650000000000000e+05
9.966200000000000000e+04
9.264600000000000000e+04
9.756300000000000000e+04
9.431900000000000000e+04
0.000000000000000000e+00
0.000000000000000000e+00
1.177840000000000000e+05
1.030240000000000000e+05
1.002650000000000000e+05
1.031210000000000000e+05
9.377900000000000000e+04
1.020720000000000000e+05
0.000000000000000000e+00
1.183970000000000000e+05
1.063690000000000000e+05
9.827000000000000000e+04
9.972900000000000000e+04
1.031850000000000000e+05
1.046090000000000000e+05
0.000000000000000000e+00
1.239320000000000000e+05
1.129900000000000000e+05
1.080640000000000000e+05
1.095650000000000000e+05
1.140590000000000000e+05
1.219360000000000000e+05
0.000000000000000000e+00
1.353810000000000000e+05
1.300910000000000000e+05
1.225440000000000000e+05
1.162330000000000000e+05
1.196100000000000000e+05
1.311590000000000000e+05
0.000000000000000000e+00
1.627520000000000000e+05
1.542240000000000000e+05
1.552820000000000000e+05
1.989770000000000000e+05
2.439460000000000000e+05
2.428860000000000000e+05
4.527000000000000000e+03
0.000000000000000000e+00
0.000000000000000000e+00
0.000000000000000000e+00
1.112380000000000000e+05
1.227630000000000000e+05
1.242360000000000000e+05
0.000000000000000000e+00
1.294330000000000000e+05
1.034380000000000000e+05
9.459700000000000000e+04
9.951000000000000000e+04
1.043950000000000000e+05
1.031890000000000000e+05
0.000000000000000000e+00
1.371070000000000000e+05
1.176080000000000000e+05
1.017010000000000000e+05
1.111170000000000000e+05
1.070070000000000000e+05
1.060000000000000000e+05
0.000000000000000000e+00
1.223920000000000000e+05
1.140750000000000000e+05
1.137550000000000000e+05
1.076240000000000000e+05
1.098480000000000000e+05
1.120240000000000000e+05
0.000000000000000000e+00
1.268140000000000000e+05
1.174140000000000000e+05
1.102980000000000000e+05
1.132790000000000000e+05
1.111500000000000000e+05
1.159340000000000000e+05
0.000000000000000000e+00
1.290020000000000000e+05
1.207360000000000000e+05
1.143660000000000000e+05
1.096810000000000000e+05
1.108720000000000000e+05
1.115120000000000000e+05
0.000000000000000000e+00
1.241710000000000000e+05
1.162030000000000000e+05
1.094040000000000000e+05
1.093720000000000000e+05
1.094670000000000000e+05
1.205650000000000000e+05
0.000000000000000000e+00
1.286600000000000000e+05
1.159250000000000000e+05
1.118450000000000000e+05
1.072370000000000000e+05
1.111880000000000000e+05
1.131400000000000000e+05
0.000000000000000000e+00
1.244120000000000000e+05
1.133550000000000000e+05
1.108270000000000000e+05
1.069350000000000000e+05
1.141470000000000000e+05
1.126350000000000000e+05
0.000000000000000000e+00
1.261250000000000000e+05
1.122180000000000000e+05
1.085060000000000000e+05
1.078490000000000000e+05
1.097360000000000000e+05
1.127770000000000000e+05
0.000000000000000000e+00
1.239440000000000000e+05
1.126220000000000000e+05
1.177190000000000000e+05
1.154350000000000000e+05
1.119510000000000000e+05
1.136930000000000000e+05
0.000000000000000000e+00
1.359730000000000000e+05
1.212300000000000000e+05
1.142520000000000000e+05
1.155580000000000000e+05
1.113970000000000000e+05
1.154540000000000000e+05
0.000000000000000000e+00
1.280790000000000000e+05
1.155470000000000000e+05
1.067920000000000000e+05
1.153800000000000000e+05
1.156960000000000000e+05
1.201390000000000000e+05
0.000000000000000000e+00
1.329370000000000000e+05
1.252940000000000000e+05
1.165260000000000000e+05
1.211940000000000000e+05
1.196190000000000000e+05
1.282050000000000000e+05
0.000000000000000000e+00
1.920640000000000000e+05
0.000000000000000000e+00
1.025000000000000000e+04
1.596890000000000000e+05
1.446720000000000000e+05
1.389670000000000000e+05
0.000000000000000000e+00
1.443320000000000000e+05
1.249740000000000000e+05
1.290910000000000000e+05
1.232990000000000000e+05
1.222870000000000000e+05
1.292180000000000000e+05
0.000000000000000000e+00
1.398090000000000000e+05
1.320560000000000000e+05
1.201280000000000000e+05
1.266210000000000000e+05
1.264080000000000000e+05
1.247470000000000000e+05
0.000000000000000000e+00
1.490970000000000000e+05
1.376660000000000000e+05
1.324150000000000000e+05
1.381810000000000000e+05
1.351710000000000000e+05
1.506200000000000000e+05
0.000000000000000000e+00
1.794340000000000000e+05
1.735730000000000000e+05
1.754120000000000000e+05
1.849820000000000000e+05
2.223150000000000000e+05
2.404130000000000000e+05
1.953800000000000000e+04
1.171930000000000000e+05
0.000000000000000000e+00
0.000000000000000000e+00
5.922000000000000000e+03
1.459220000000000000e+05
1.329290000000000000e+05
0.000000000000000000e+00
1.417570000000000000e+05
1.170010000000000000e+05
1.090360000000000000e+05
1.077080000000000000e+05
1.154950000000000000e+05
1.154890000000000000e+05
0.000000000000000000e+00
1.402460000000000000e+05
1.193540000000000000e+05
1.121830000000000000e+05
1.171180000000000000e+05
1.169730000000000000e+05
1.141290000000000000e+05
0.000000000000000000e+00
1.368350000000000000e+05
1.134810000000000000e+05
1.142260000000000000e+05
1.184320000000000000e+05
1.153640000000000000e+05
1.190520000000000000e+05
0.000000000000000000e+00
1.397280000000000000e+05
1.257120000000000000e+05
1.214280000000000000e+05
1.169970000000000000e+05
1.242570000000000000e+05
1.225510000000000000e+05
0.000000000000000000e+00
1.329500000000000000e+05
1.151840000000000000e+05
1.209160000000000000e+05
1.139560000000000000e+05
1.184780000000000000e+05
1.165290000000000000e+05
0.000000000000000000e+00
1.365140000000000000e+05
1.172830000000000000e+05
1.162070000000000000e+05
1.094640000000000000e+05
1.149840000000000000e+05
1.185490000000000000e+05
0.000000000000000000e+00
1.335400000000000000e+05
1.182230000000000000e+05
1.197810000000000000e+05
1.192260000000000000e+05
1.175200000000000000e+05
1.215550000000000000e+05
0.000000000000000000e+00
1.342010000000000000e+05
1.178290000000000000e+05
1.152220000000000000e+05
1.096400000000000000e+05
1.113560000000000000e+05
1.198350000000000000e+05
0.000000000000000000e+00
1.314840000000000000e+05
1.221230000000000000e+05
1.127700000000000000e+05
1.047040000000000000e+05
1.147720000000000000e+05
1.201620000000000000e+05
0.000000000000000000e+00
1.382170000000000000e+05
1.206050000000000000e+05
1.148080000000000000e+05
1.173780000000000000e+05
1.195560000000000000e+05
1.215300000000000000e+05
0.000000000000000000e+00
1.407180000000000000e+05
1.208430000000000000e+05
1.132160000000000000e+05
1.147130000000000000e+05
1.193430000000000000e+05
1.334770000000000000e+05
0.000000000000000000e+00
1.354540000000000000e+05
1.154890000000000000e+05
1.072940000000000000e+05
1.068520000000000000e+05
1.168530000000000000e+05
1.149540000000000000e+05
0.000000000000000000e+00
1.262200000000000000e+05
1.142690000000000000e+05
1.129160000000000000e+05
1.111190000000000000e+05
1.161780000000000000e+05
1.163730000000000000e+05
0.000000000000000000e+00
1.315570000000000000e+05
1.142660000000000000e+05
1.203800000000000000e+05
1.120390000000000000e+05
1.135920000000000000e+05
1.175580000000000000e+05
0.000000000000000000e+00
1.245850000000000000e+05
1.097280000000000000e+05
1.091250000000000000e+05
1.129570000000000000e+05
1.101070000000000000e+05
1.102510000000000000e+05
0.000000000000000000e+00
1.266900000000000000e+05
1.081170000000000000e+05
1.152790000000000000e+05
1.067880000000000000e+05
1.053330000000000000e+05
1.060100000000000000e+05
0.000000000000000000e+00
1.304660000000000000e+05
1.159070000000000000e+05
1.093080000000000000e+05
1.079770000000000000e+05
1.053900000000000000e+05
1.108870000000000000e+05
0.000000000000000000e+00
1.179130000000000000e+05
1.059670000000000000e+05
1.033650000000000000e+05
1.062480000000000000e+05
1.038350000000000000e+05
1.042150000000000000e+05
0.000000000000000000e+00
1.183590000000000000e+05
1.024160000000000000e+05
1.038840000000000000e+05
9.788900000000000000e+04
1.028120000000000000e+05
1.085230000000000000e+05
0.000000000000000000e+00
1.230670000000000000e+05
1.064400000000000000e+05
1.009710000000000000e+05
1.065630000000000000e+05
1.034630000000000000e+05
1.115450000000000000e+05
0.000000000000000000e+00
1.178420000000000000e+05
1.096340000000000000e+05
1.007140000000000000e+05
1.016420000000000000e+05
1.061020000000000000e+05
9.919800000000000000e+04
0.000000000000000000e+00
1.160560000000000000e+05
1.037540000000000000e+05
1.037440000000000000e+05
9.695900000000000000e+04
1.000190000000000000e+05
1.041710000000000000e+05
0.000000000000000000e+00
1.118110000000000000e+05
9.775500000000000000e+04
9.831000000000000000e+04
1.005890000000000000e+05
1.002160000000000000e+05
1.014140000000000000e+05
0.000000000000000000e+00
1.139520000000000000e+05
1.015020000000000000e+05
9.478800000000000000e+04
9.914900000000000000e+04
9.913300000000000000e+04
9.359900000000000000e+04
0.000000000000000000e+00
1.185790000000000000e+05
1.109430000000000000e+05
1.015400000000000000e+05
1.057540000000000000e+05
1.204560000000000000e+05
1.028200000000000000e+04
0.000000000000000000e+00
1.105420000000000000e+05
1.081650000000000000e+05
9.630200000000000000e+04
1.023820000000000000e+05
1.046180000000000000e+05
9.751300000000000000e+04
0.000000000000000000e+00
1.154250000000000000e+05
1.022030000000000000e+05
9.725900000000000000e+04
9.528300000000000000e+04
9.679600000000000000e+04
9.736300000000000000e+04
0.000000000000000000e+00
1.173800000000000000e+05
1.073540000000000000e+05
1.050170000000000000e+05
1.020000000000000000e+05
9.887900000000000000e+04
1.109600000000000000e+05
0.000000000000000000e+00
1.233880000000000000e+05
1.106620000000000000e+05
1.111480000000000000e+05
1.168240000000000000e+05
1.141860000000000000e+05
1.238190000000000000e+05
0.000000000000000000e+00
1.371650000000000000e+05
1.306510000000000000e+05
1.191600000000000000e+05
1.262060000000000000e+05
1.327010000000000000e+05
1.534310000000000000e+05
1.226000000000000000e+03
2.120780000000000000e+05
2.272930000000000000e+05
2.356650000000000000e+05
1.346170000000000000e+05
0.000000000000000000e+00
0.000000000000000000e+00
0.000000000000000000e+00
9.914400000000000000e+04
1.067690000000000000e+05
1.091290000000000000e+05
1.040080000000000000e+05
1.019710000000000000e+05
9.839300000000000000e+04
0.000000000000000000e+00
1.036800000000000000e+05
1.114280000000000000e+05
1.099290000000000000e+05
1.091290000000000000e+05
1.110510000000000000e+05
1.111100000000000000e+05
0.000000000000000000e+00
1.245030000000000000e+05
1.143970000000000000e+05
1.085000000000000000e+05
1.060430000000000000e+05
1.115340000000000000e+05
1.107170000000000000e+05
0.000000000000000000e+00
1.308670000000000000e+05
1.147510000000000000e+05
1.114850000000000000e+05
1.091940000000000000e+05
1.099220000000000000e+05
1.105920000000000000e+05
0.000000000000000000e+00
1.227950000000000000e+05
1.124780000000000000e+05
1.124300000000000000e+05
1.058530000000000000e+05
1.075210000000000000e+05
1.056280000000000000e+05
0.000000000000000000e+00
1.282840000000000000e+05
1.082690000000000000e+05
1.015480000000000000e+05
1.039400000000000000e+05
1.085140000000000000e+05
1.102960000000000000e+05
0.000000000000000000e+00
1.242500000000000000e+05
1.069210000000000000e+05
1.008240000000000000e+05
1.086360000000000000e+05
1.044490000000000000e+05
1.073120000000000000e+05
0.000000000000000000e+00
1.200820000000000000e+05
1.104840000000000000e+05
1.060070000000000000e+05
9.914600000000000000e+04
1.096700000000000000e+05
1.044430000000000000e+05
0.000000000000000000e+00
1.219050000000000000e+05
1.068210000000000000e+05
1.112070000000000000e+05
1.085680000000000000e+05
1.048770000000000000e+05
1.055840000000000000e+05
0.000000000000000000e+00
1.231550000000000000e+05
1.127400000000000000e+05
1.119080000000000000e+05
1.156260000000000000e+05
1.084990000000000000e+05
1.144870000000000000e+05
0.000000000000000000e+00
1.190570000000000000e+05
1.098120000000000000e+05
1.132690000000000000e+05
1.136190000000000000e+05
1.122370000000000000e+05
1.093970000000000000e+05
0.000000000000000000e+00
1.235310000000000000e+05
1.086490000000000000e+05
1.108970000000000000e+05
1.029840000000000000e+05
1.115930000000000000e+05
1.089460000000000000e+05
0.000000000000000000e+00
1.269170000000000000e+05
1.069690000000000000e+05
1.045760000000000000e+05
1.082300000000000000e+05
1.135840000000000000e+05
1.112950000000000000e+05
0.000000000000000000e+00
1.297340000000000000e+05
1.060400000000000000e+05
1.121250000000000000e+05
1.112270000000000000e+05
1.196860000000000000e+05
1.122980000000000000e+05
0.000000000000000000e+00
1.322780000000000000e+05
1.140950000000000000e+05
1.144020000000000000e+05
1.124810000000000000e+05
1.196390000000000000e+05
1.138630000000000000e+05
0.000000000000000000e+00
1.513070000000000000e+05
1.768770000000000000e+05
0.000000000000000000e+00
1.067200000000000000e+04
1.500840000000000000e+05
1.420330000000000000e+05
0.000000000000000000e+00
1.411800000000000000e+05
1.190420000000000000e+05
1.144330000000000000e+05
1.158690000000000000e+05
1.208510000000000000e+05
1.311290000000000000e+05
0.000000000000000000e+00
1.520790000000000000e+05
1.345950000000000000e+05
1.344240000000000000e+05
1.295750000000000000e+05
1.471870000000000000e+05
1.611050000000000000e+05
0.000000000000000000e+00
2.109460000000000000e+05
2.185770000000000000e+05
2.396110000000000000e+05
2.474640000000000000e+05
1.181210000000000000e+05
0.000000000000000000e+00
0.000000000000000000e+00
0.000000000000000000e+00
1.074110000000000000e+05
1.272800000000000000e+05
1.219330000000000000e+05
1.176350000000000000e+05
1.198170000000000000e+05
0.000000000000000000e+00
1.278120000000000000e+05
1.128370000000000000e+05
1.162100000000000000e+05
1.169800000000000000e+05
1.169220000000000000e+05
1.206080000000000000e+05
0.000000000000000000e+00
1.296390000000000000e+05
1.221130000000000000e+05
1.154410000000000000e+05
1.123080000000000000e+05
1.269080000000000000e+05
1.201870000000000000e+05
0.000000000000000000e+00
1.328790000000000000e+05
1.231280000000000000e+05
1.156510000000000000e+05
1.214430000000000000e+05
1.195400000000000000e+05
1.227680000000000000e+05
0.000000000000000000e+00
1.263100000000000000e+05
1.297010000000000000e+05
1.074900000000000000e+05
1.186140000000000000e+05
1.149400000000000000e+05
1.092840000000000000e+05
0.000000000000000000e+00
1.286820000000000000e+05
1.178120000000000000e+05
1.161150000000000000e+05
1.157080000000000000e+05
1.170430000000000000e+05
1.160000000000000000e+05
0.000000000000000000e+00
1.336440000000000000e+05
1.199250000000000000e+05
1.113010000000000000e+05
1.175040000000000000e+05
1.023610000000000000e+05
1.172240000000000000e+05
0.000000000000000000e+00
1.288010000000000000e+05
1.214680000000000000e+05
1.117160000000000000e+05
1.139070000000000000e+05
9.931500000000000000e+04
1.163730000000000000e+05
0.000000000000000000e+00
1.307690000000000000e+05
1.168080000000000000e+05
1.129920000000000000e+05
1.159660000000000000e+05
1.018760000000000000e+05
1.219410000000000000e+05
0.000000000000000000e+00
1.312490000000000000e+05
1.130710000000000000e+05
1.105660000000000000e+05
1.161310000000000000e+05
9.668100000000000000e+04
1.182080000000000000e+05
0.000000000000000000e+00
1.319210000000000000e+05
1.213780000000000000e+05
1.159850000000000000e+05
1.149090000000000000e+05
9.894200000000000000e+04
1.180740000000000000e+05
0.000000000000000000e+00
1.322780000000000000e+05
1.218940000000000000e+05
1.156280000000000000e+05
1.156630000000000000e+05
7.474900000000000000e+04
1.186340000000000000e+05
0.000000000000000000e+00
1.415470000000000000e+05
1.176390000000000000e+05
1.136920000000000000e+05
1.119470000000000000e+05
8.462200000000000000e+04
1.180790000000000000e+05
0.000000000000000000e+00
1.295700000000000000e+05
1.240940000000000000e+05
1.207170000000000000e+05
1.160270000000000000e+05
1.051350000000000000e+05
1.157700000000000000e+05
0.000000000000000000e+00
1.318260000000000000e+05
1.230680000000000000e+05
1.125180000000000000e+05
1.090750000000000000e+05
6.898700000000000000e+04
1.182780000000000000e+05
0.000000000000000000e+00
1.294370000000000000e+05
1.206740000000000000e+05
1.178220000000000000e+05
1.141810000000000000e+05
1.118170000000000000e+05
1.153790000000000000e+05
0.000000000000000000e+00
1.196000000000000000e+05
1.142330000000000000e+05
1.061320000000000000e+05
1.074210000000000000e+05
1.036170000000000000e+05
1.173500000000000000e+05
0.000000000000000000e+00
1.312790000000000000e+05
1.137370000000000000e+05
1.106530000000000000e+05
1.067530000000000000e+05
1.126910000000000000e+05
1.185530000000000000e+05
0.000000000000000000e+00
1.316020000000000000e+05
1.133520000000000000e+05
1.113710000000000000e+05
1.121730000000000000e+05
1.059670000000000000e+05
1.144800000000000000e+05
0.000000000000000000e+00
1.270930000000000000e+05
1.134310000000000000e+05
7.842200000000000000e+04
1.125370000000000000e+05
1.055980000000000000e+05
1.041160000000000000e+05
0.000000000000000000e+00
9.336100000000000000e+04
1.106980000000000000e+05
9.656000000000000000e+04
9.986000000000000000e+04
1.011680000000000000e+05
8.474900000000000000e+04
0.000000000000000000e+00
1.092060000000000000e+05
1.035810000000000000e+05
9.911100000000000000e+04
1.035460000000000000e+05
9.874900000000000000e+04
1.038830000000000000e+05
0.000000000000000000e+00
1.194830000000000000e+05
7.896200000000000000e+04
9.785100000000000000e+04
9.515900000000000000e+04
9.814000000000000000e+04
9.587000000000000000e+04
0.000000000000000000e+00
1.151950000000000000e+05
1.025990000000000000e+05
9.477500000000000000e+04
9.569600000000000000e+04
1.040070000000000000e+05
9.728900000000000000e+04
0.000000000000000000e+00
1.231960000000000000e+05
9.725500000000000000e+04
1.019450000000000000e+05
9.477400000000000000e+04
1.044420000000000000e+05
9.587200000000000000e+04
0.000000000000000000e+00
1.094740000000000000e+05
9.780400000000000000e+04
7.058300000000000000e+04
9.733700000000000000e+04
9.811700000000000000e+04
1.060400000000000000e+05
0.000000000000000000e+00
1.161880000000000000e+05
9.711400000000000000e+04
9.467800000000000000e+04
1.052530000000000000e+05
1.180840000000000000e+05
1.173600000000000000e+04
0.000000000000000000e+00
1.043880000000000000e+05
9.867400000000000000e+04
9.458900000000000000e+04
8.814600000000000000e+04
8.958300000000000000e+04
9.468400000000000000e+04
0.000000000000000000e+00
1.052140000000000000e+05
9.696600000000000000e+04
7.815000000000000000e+04
9.078800000000000000e+04
9.361500000000000000e+04
9.779500000000000000e+04
0.000000000000000000e+00
1.123570000000000000e+05
1.030400000000000000e+05
9.656900000000000000e+04
9.641700000000000000e+04
9.664500000000000000e+04
9.979400000000000000e+04
0.000000000000000000e+00
1.141860000000000000e+05
1.000550000000000000e+05
9.609800000000000000e+04
9.652200000000000000e+04
9.695400000000000000e+04
1.077110000000000000e+05
0.000000000000000000e+00
1.109850000000000000e+05
9.968900000000000000e+04
9.425600000000000000e+04
9.513600000000000000e+04
9.564200000000000000e+04
1.023770000000000000e+05
0.000000000000000000e+00
8.580400000000000000e+04
9.167800000000000000e+04
1.013130000000000000e+05
9.652200000000000000e+04
1.041290000000000000e+05
1.077830000000000000e+05
0.000000000000000000e+00
1.160280000000000000e+05
1.070970000000000000e+05
1.036700000000000000e+05
9.933900000000000000e+04
9.674100000000000000e+04
1.123410000000000000e+05
0.000000000000000000e+00
1.244830000000000000e+05
1.258700000000000000e+05
1.169520000000000000e+05
1.228020000000000000e+05
1.291270000000000000e+05
1.649110000000000000e+05
2.058000000000000000e+03
2.456010000000000000e+05
2.558100000000000000e+05
1.108040000000000000e+05
0.000000000000000000e+00
0.000000000000000000e+00
8.600000000000000000e+01
0.000000000000000000e+00
1.307480000000000000e+05
1.064720000000000000e+05
1.023850000000000000e+05
9.898700000000000000e+04
9.607600000000000000e+04
9.265100000000000000e+04
0.000000000000000000e+00
1.167920000000000000e+05
9.088600000000000000e+04
1.044270000000000000e+05
1.018810000000000000e+05
8.710900000000000000e+04
1.054670000000000000e+05
0.000000000000000000e+00
1.184400000000000000e+05
1.104580000000000000e+05
1.050200000000000000e+05
1.062150000000000000e+05
1.042980000000000000e+05
1.035030000000000000e+05
0.000000000000000000e+00
1.241770000000000000e+05
1.105530000000000000e+05
1.030500000000000000e+05
1.025630000000000000e+05
1.025700000000000000e+05
1.091410000000000000e+05
0.000000000000000000e+00
1.178540000000000000e+05
1.062710000000000000e+05
1.039390000000000000e+05
1.020980000000000000e+05
9.723700000000000000e+04
1.016470000000000000e+05
0.000000000000000000e+00
1.185570000000000000e+05
1.118110000000000000e+05
1.063420000000000000e+05
1.017710000000000000e+05
9.838100000000000000e+04
1.053350000000000000e+05
0.000000000000000000e+00
1.135730000000000000e+05
1.054080000000000000e+05
9.997400000000000000e+04
9.908800000000000000e+04
9.767800000000000000e+04
1.104140000000000000e+05
0.000000000000000000e+00
1.134410000000000000e+05
1.056780000000000000e+05
9.938400000000000000e+04
1.008230000000000000e+05
1.036900000000000000e+05
1.043310000000000000e+05
0.000000000000000000e+00
1.157420000000000000e+05
1.039340000000000000e+05
9.746800000000000000e+04
9.541800000000000000e+04
9.584900000000000000e+04
9.858000000000000000e+04
0.000000000000000000e+00
1.100740000000000000e+05
1.032770000000000000e+05
1.004620000000000000e+05
9.899000000000000000e+04
9.907400000000000000e+04
1.063130000000000000e+05
0.000000000000000000e+00
1.118570000000000000e+05
1.059660000000000000e+05
1.018020000000000000e+05
9.811900000000000000e+04
9.738900000000000000e+04
1.085830000000000000e+05
0.000000000000000000e+00
1.202640000000000000e+05
1.022190000000000000e+05
1.012130000000000000e+05
1.016910000000000000e+05
9.909400000000000000e+04
1.063420000000000000e+05
0.000000000000000000e+00
1.170910000000000000e+05
1.192060000000000000e+05
1.163780000000000000e+05
1.432110000000000000e+05
