0.000000000000000000e+00
2.370300000000000000e+04
1.560020000000000000e+05
1.439440000000000000e+05
1.480810000000000000e+05
1.420390000000000000e+05
1.456320000000000000e+05
0.000000000000000000e+00
1.344660000000000000e+05
1.292860000000000000e+05
1.359420000000000000e+05
1.469380000000000000e+05
1.431120000000000000e+05
1.420830000000000000e+05
0.000000000000000000e+00
1.513120000000000000e+05
1.476550000000000000e+05
1.528420000000000000e+05
1.500390000000000000e+05
1.481360000000000000e+05
1.415950000000000000e+05
1.250000000000000000e+03
1.413650000000000000e+05
1.471600000000000000e+05
0.000000000000000000e+00
0.000000000000000000e+00
0.000000000000000000e+00
0.000000000000000000e+00
0.000000000000000000e+00
0.000000000000000000e+00
0.000000000000000000e+00
1.516320000000000000e+05
1.462630000000000000e+05
1.428690000000000000e+05
1.382260000000000000e+05
0.000000000000000000e+00
1.300140000000000000e+05
1.338170000000000000e+05
1.270720000000000000e+05
1.360330000000000000e+05
1.303820000000000000e+05
1.187400000000000000e+05
0.000000000000000000e+00
1.378940000000000000e+05
1.337000000000000000e+05
1.304700000000000000e+05
1.354050000000000000e+05
1.328870000000000000e+05
1.389320000000000000e+05
0.000000000000000000e+00
1.376670000000000000e+05
1.322780000000000000e+05
1.225090000000000000e+05
1.339010000000000000e+05
1.305180000000000000e+05
1.276950000000000000e+05
0.000000000000000000e+00
1.377730000000000000e+05
1.374430000000000000e+05
1.313950000000000000e+05
1.327190000000000000e+05
1.363640000000000000e+05
1.311450000000000000e+05
0.000000000000000000e+00
1.307340000000000000e+05
1.249990000000000000e+05
1.246510000000000000e+05
1.368020000000000000e+05
1.240710000000000000e+05
1.293550000000000000e+05
0.000000000000000000e+00
1.413780000000000000e+05
1.356240000000000000e+05
1.286170000000000000e+05
1.289940000000000000e+05
1.252680000000000000e+05
1.147750000000000000e+05
0.000000000000000000e+00
1.128990000000000000e+05
1.245210000000000000e+05
1.308850000000000000e+05
9.888700000000000000e+04
1.303900000000000000e+05
1.217330000000000000e+05
0.000000000000000000e+00
1.443860000000000000e+05
1.324150000000000000e+05
1.310670000000000000e+05
1.349520000000000000e+05
1.326670000000000000e+05
1.199860000000000000e+05
0.000000000000000000e+00
1.252630000000000000e+05
1.212580000000000000e+05
1.310870000000000000e+05
1.332900000000000000e+05
1.337270000000000000e+05
1.246520000000000000e+05
0.000000000000000000e+00
1.298650000000000000e+05
1.234600000000000000e+05
1.222370000000000000e+05
1.264490000000000000e+05
1.263540000000000000e+05
1.276530000000000000e+05
0.000000000000000000e+00
1.269790000000000000e+05
1.276930000000000000e+05
1.234430000000000000e+05
1.323140000000000000e+05
1.248250000000000000e+05
1.199410000000000000e+05
0.000000000000000000e+00
1.368710000000000000e+05
1.342650000000000000e+05
1.330960000000000000e+05
1.362920000000000000e+05
1.358520000000000000e+05
1.378700000000000000e+05
0.000000000000000000e+00
1.367320000000000000e+05
1.299570000000000000e+05
1.242390000000000000e+05
1.305880000000000000e+05
1.210950000000000000e+05
1.130560000000000000e+05
0.000000000000000000e+00
1.262240000000000000e+05
1.305990000000000000e+05
1.311250000000000000e+05
1.323780000000000000e+05
1.312790000000000000e+05
1.268880000000000000e+05
0.000000000000000000e+00
1.408180000000000000e+05
1.406080000000000000e+05
1.376370000000000000e+05
1.367060000000000000e+05
1.338020000000000000e+05
1.255430000000000000e+05
0.000000000000000000e+00
1.381440000000000000e+05
1.360350000000000000e+05
1.304830000000000000e+05
1.403900000000000000e+05
1.291780000000000000e+05
1.267510000000000000e+05
0.000000000000000000e+00
1.312380000000000000e+05
1.341840000000000000e+05
1.275280000000000000e+05
1.245300000000000000e+05
1.240120000000000000e+05
1.176030000000000000e+05
0.000000000000000000e+00
1.276470000000000000e+05
1.294240000000000000e+05
1.207850000000000000e+05
1.257210000000000000e+05
1.259530000000000000e+05
1.166960000000000000e+05
0.000000000000000000e+00
1.351870000000000000e+05
1.238150000000000000e+05
1.319420000000000000e+05
1.335640000000000000e+05
1.290110000000000000e+05
1.173950000000000000e+05
0.000000000000000000e+00
1.247260000000000000e+05
1.107100000000000000e+05
1.263070000000000000e+05
1.288150000000000000e+05
1.316150000000000000e+05
1.325990000000000000e+05
0.000000000000000000e+00
1.340980000000000000e+05
1.312460000000000000e+05
1.303220000000000000e+05
1.328230000000000000e+05
1.299930000000000000e+05
1.265050000000000000e+05
0.000000000000000000e+00
1.353760000000000000e+05
1.305400000000000000e+05
1.298990000000000000e+05
1.087800000000000000e+05
1.154120000000000000e+05
1.167350000000000000e+05
0.000000000000000000e+00
1.288580000000000000e+05
1.281250000000000000e+05
1.175190000000000000e+05
1.231000000000000000e+05
1.252860000000000000e+05
1.239760000000000000e+05
0.000000000000000000e+00
1.312730000000000000e+05
1.290890000000000000e+05
1.250750000000000000e+05
1.259040000000000000e+05
1.228090000000000000e+05
1.191530000000000000e+05
0.000000000000000000e+00
1.348060000000000000e+05
1.344810000000000000e+05
1.242780000000000000e+05
1.293800000000000000e+05
1.287210000000000000e+05
1.201060000000000000e+05
0.000000000000000000e+00
1.342020000000000000e+05
1.234140000000000000e+05
1.171370000000000000e+05
1.222820000000000000e+05
1.310320000000000000e+05
2.588300000000000000e+04
0.000000000000000000e+00
1.532830000000000000e+05
1.397520000000000000e+05
1.274320000000000000e+05
1.307120000000000000e+05
1.175910000000000000e+05
1.101100000000000000e+05
0.000000000000000000e+00
1.231250000000000000e+05
1.319020000000000000e+05
1.265310000000000000e+05
1.282130000000000000e+05
1.225630000000000000e+05
1.184810000000000000e+05
0.000000000000000000e+00
1.278400000000000000e+05
1.260050000000000000e+05
1.175960000000000000e+05
1.213900000000000000e+05
1.254560000000000000e+05
1.195350000000000000e+05
0.000000000000000000e+00
1.330120000000000000e+05
1.276310000000000000e+05
1.199100000000000000e+05
1.320150000000000000e+05
1.241900000000000000e+05
1.195210000000000000e+05
0.000000000000000000e+00
1.274060000000000000e+05
1.233650000000000000e+05
1.183180000000000000e+05
1.211130000000000000e+05
1.092120000000000000e+05
1.130210000000000000e+05
0.000000000000000000e+00
1.259550000000000000e+05
1.305650000000000000e+05
1.276090000000000000e+05
1.224650000000000000e+05
1.329380000000000000e+05
1.189590000000000000e+05
0.000000000000000000e+00
1.266630000000000000e+05
1.257510000000000000e+05
1.283480000000000000e+05
1.287010000000000000e+05
1.201200000000000000e+05
1.161910000000000000e+05
0.000000000000000000e+00
1.276940000000000000e+05
1.263740000000000000e+05
1.318290000000000000e+05
1.368640000000000000e+05
1.530610000000000000e+05
1.456250000000000000e+05
9.911000000000000000e+03
1.439200000000000000e+05
1.098520000000000000e+05
0.000000000000000000e+00
0.000000000000000000e+00
0.000000000000000000e+00
8.736800000000000000e+04
0.000000000000000000e+00
1.507220000000000000e+05
1.406060000000000000e+05
1.324220000000000000e+05
1.281260000000000000e+05
1.390430000000000000e+05
1.218170000000000000e+05
0.000000000000000000e+00
1.376010000000000000e+05
1.460600000000000000e+05
1.339180000000000000e+05
1.311520000000000000e+05
1.295620000000000000e+05
1.202270000000000000e+05
0.000000000000000000e+00
1.361520000000000000e+05
1.332750000000000000e+05
1.256410000000000000e+05
1.331020000000000000e+05
1.293360000000000000e+05
1.235540000000000000e+05
0.000000000000000000e+00
1.358560000000000000e+05
1.353120000000000000e+05
1.351720000000000000e+05
1.195130000000000000e+05
1.354660000000000000e+05
1.301350000000000000e+05
0.000000000000000000e+00
1.299120000000000000e+05
1.325870000000000000e+05
1.307710000000000000e+05
1.237320000000000000e+05
1.327140000000000000e+05
1.352200000000000000e+05
0.000000000000000000e+00
1.423950000000000000e+05
1.430200000000000000e+05
1.351760000000000000e+05
1.391970000000000000e+05
1.353260000000000000e+05
1.274910000000000000e+05
0.000000000000000000e+00
1.336910000000000000e+05
1.295540000000000000e+05
1.244060000000000000e+05
1.304570000000000000e+05
1.296320000000000000e+05
1.261660000000000000e+05
0.000000000000000000e+00
1.354600000000000000e+05
1.336050000000000000e+05
1.282160000000000000e+05
1.380310000000000000e+05
1.333630000000000000e+05
1.184590000000000000e+05
0.000000000000000000e+00
1.293430000000000000e+05
1.215690000000000000e+05
1.188420000000000000e+05
1.308170000000000000e+05
1.315760000000000000e+05
1.325470000000000000e+05
0.000000000000000000e+00
1.380890000000000000e+05
1.323380000000000000e+05
1.294350000000000000e+05
1.364320000000000000e+05
1.360130000000000000e+05
1.227850000000000000e+05
0.000000000000000000e+00
1.264370000000000000e+05
1.256680000000000000e+05
1.213600000000000000e+05
1.177780000000000000e+05
1.228210000000000000e+05
1.222390000000000000e+05
0.000000000000000000e+00
1.324440000000000000e+05
1.336640000000000000e+05
1.346420000000000000e+05
1.385330000000000000e+05
1.476340000000000000e+05
1.384620000000000000e+05
0.000000000000000000e+00
0.000000000000000000e+00
4.458300000000000000e+04
1.504630000000000000e+05
1.358910000000000000e+05
1.396890000000000000e+05
1.323460000000000000e+05
0.000000000000000000e+00
1.300420000000000000e+05
1.340720000000000000e+05
1.247830000000000000e+05
1.219550000000000000e+05
1.207200000000000000e+05
1.211190000000000000e+05
0.000000000000000000e+00
1.261940000000000000e+05
1.235720000000000000e+05
1.272270000000000000e+05
1.296240000000000000e+05
1.273100000000000000e+05
1.127490000000000000e+05
0.000000000000000000e+00
1.226900000000000000e+05
1.165380000000000000e+05
1.134990000000000000e+05
1.146290000000000000e+05
1.171500000000000000e+05
1.142180000000000000e+05
0.000000000000000000e+00
1.349920000000000000e+05
1.274790000000000000e+05
1.211610000000000000e+05
1.215810000000000000e+05
1.304640000000000000e+05
1.224640000000000000e+05
0.000000000000000000e+00
1.286320000000000000e+05
1.343170000000000000e+05
1.222830000000000000e+05
1.351590000000000000e+05
1.370510000000000000e+05
1.347890000000000000e+05
0.000000000000000000e+00
1.370040000000000000e+05
1.523420000000000000e+05
1.500930000000000000e+05
9.251900000000000000e+04
0.000000000000000000e+00
0.000000000000000000e+00
0.000000000000000000e+00
9.251400000000000000e+04
1.088850000000000000e+05
1.129290000000000000e+05
1.067230000000000000e+05
1.095200000000000000e+05
1.165440000000000000e+05
0.000000000000000000e+00
1.225390000000000000e+05
1.261220000000000000e+05
1.259640000000000000e+05
1.274050000000000000e+05
1.255690000000000000e+05
1.276220000000000000e+05
0.000000000000000000e+00
1.231860000000000000e+05
1.219300000000000000e+05
1.230790000000000000e+05
1.197060000000000000e+05
1.145270000000000000e+05
1.202050000000000000e+05
0.000000000000000000e+00
1.266910000000000000e+05
1.268410000000000000e+05
1.236600000000000000e+05
1.230890000000000000e+05
1.208940000000000000e+05
1.224500000000000000e+05
0.000000000000000000e+00
1.304510000000000000e+05
1.303600000000000000e+05
1.175590000000000000e+05
1.308650000000000000e+05
1.245570000000000000e+05
1.253720000000000000e+05
0.000000000000000000e+00
1.347650000000000000e+05
1.373600000000000000e+05
1.306980000000000000e+05
1.348210000000000000e+05
1.352050000000000000e+05
1.316080000000000000e+05
0.000000000000000000e+00
1.416690000000000000e+05
1.363480000000000000e+05
1.321320000000000000e+05
1.319630000000000000e+05
1.282420000000000000e+05
1.316960000000000000e+05
0.000000000000000000e+00
1.419720000000000000e+05
1.402820000000000000e+05
1.306290000000000000e+05
1.401240000000000000e+05
1.336040000000000000e+05
1.309080000000000000e+05
0.000000000000000000e+00
1.373650000000000000e+05
1.387470000000000000e+05
1.333460000000000000e+05
1.314520000000000000e+05
1.326030000000000000e+05
1.292870000000000000e+05
0.000000000000000000e+00
1.390130000000000000e+05
1.374980000000000000e+05
1.362300000000000000e+05
1.415160000000000000e+05
1.426180000000000000e+05
1.417150000000000000e+05
0.000000000000000000e+00
1.433800000000000000e+05
1.402410000000000000e+05
1.266200000000000000e+05
1.364710000000000000e+05
1.352150000000000000e+05
1.298610000000000000e+05
0.000000000000000000e+00
1.389970000000000000e+05
1.321170000000000000e+05
1.383640000000000000e+05
1.396630000000000000e+05
1.460190000000000000e+05
1.421520000000000000e+05
0.000000000000000000e+00
1.433580000000000000e+05
1.313960000000000000e+05
1.269880000000000000e+05
1.286560000000000000e+05
1.301840000000000000e+05
1.308250000000000000e+05
0.000000000000000000e+00
1.397050000000000000e+05
1.407910000000000000e+05
1.387950000000000000e+05
1.340380000000000000e+05
1.321480000000000000e+05
1.324520000000000000e+05
0.000000000000000000e+00
1.387080000000000000e+05
1.316470000000000000e+05
1.350810000000000000e+05
1.405600000000000000e+05
1.306830000000000000e+05
1.335480000000000000e+05
0.000000000000000000e+00
1.397680000000000000e+05
1.329160000000000000e+05
1.383640000000000000e+05
1.389690000000000000e+05
1.271460000000000000e+05
1.302530000000000000e+05
0.000000000000000000e+00
1.376080000000000000e+05
1.258870000000000000e+05
1.287940000000000000e+05
1.397180000000000000e+05
1.228710000000000000e+05
1.268410000000000000e+05
0.000000000000000000e+00
1.345030000000000000e+05
1.234810000000000000e+05
1.286610000000000000e+05
1.349270000000000000e+05
1.232730000000000000e+05
1.276370000000000000e+05
0.000000000000000000e+00
1.328670000000000000e+05
1.191660000000000000e+05
1.247180000000000000e+05
1.294910000000000000e+05
1.217330000000000000e+05
1.289030000000000000e+05
0.000000000000000000e+00
1.244810000000000000e+05
1.200830000000000000e+05
1.168040000000000000e+05
1.188500000000000000e+05
1.121340000000000000e+05
1.076070000000000000e+05
0.000000000000000000e+00
1.163150000000000000e+05
1.185700000000000000e+05
1.241430000000000000e+05
1.267250000000000000e+05
1.219700000000000000e+05
1.160740000000000000e+05
0.000000000000000000e+00
1.208480000000000000e+05
1.163710000000000000e+05
1.155150000000000000e+05
1.145060000000000000e+05
1.047660000000000000e+05
1.006950000000000000e+05
0.000000000000000000e+00
1.185450000000000000e+05
1.079490000000000000e+05
1.150670000000000000e+05
1.105740000000000000e+05
1.097370000000000000e+05
9.924700000000000000e+04
0.000000000000000000e+00
1.183610000000000000e+05
1.139390000000000000e+05
1.139880000000000000e+05
1.178590000000000000e+05
1.325950000000000000e+05
1.675300000000000000e+04
0.000000000000000000e+00
1.343150000000000000e+05
1.202890000000000000e+05
1.233350000000000000e+05
1.187920000000000000e+05
1.157230000000000000e+05
1.037650000000000000e+05
0.000000000000000000e+00
1.147290000000000000e+05
1.143290000000000000e+05
1.093230000000000000e+05
1.150330000000000000e+05
1.129320000000000000e+05
0.000000000000000000e+00
0.000000000000000000e+00
1.161890000000000000e+05
1.110490000000000000e+05
1.189640000000000000e+05
1.115030000000000000e+05
1.093860000000000000e+05
1.074910000000000000e+05
0.000000000000000000e+00
1.048620000000000000e+05
1.003530000000000000e+05
1.013300000000000000e+05
1.067430000000000000e+05
1.052600000000000000e+05
9.841400000000000000e+04
0.000000000000000000e+00
1.064370000000000000e+05
1.129340000000000000e+05
1.093640000000000000e+05
1.104440000000000000e+05
1.062410000000000000e+05
1.072510000000000000e+05
0.000000000000000000e+00
1.211580000000000000e+05
1.180280000000000000e+05
1.142460000000000000e+05
1.206490000000000000e+05
1.157690000000000000e+05
1.136760000000000000e+05
0.000000000000000000e+00
1.263060000000000000e+05
1.235080000000000000e+05
1.237230000000000000e+05
1.234240000000000000e+05
1.294100000000000000e+05
1.188730000000000000e+05
7.000000000000000000e+02
0.000000000000000000e+00
0.000000000000000000e+00
0.000000000000000000e+00
1.039540000000000000e+05
1.256990000000000000e+05
1.193650000000000000e+05
0.000000000000000000e+00
1.240550000000000000e+05
1.166620000000000000e+05
1.158230000000000000e+05
1.137810000000000000e+05
1.095450000000000000e+05
1.098620000000000000e+05
0.000000000000000000e+00
1.188200000000000000e+05
1.192720000000000000e+05
1.026980000000000000e+05
1.208690000000000000e+05
1.122290000000000000e+05
1.070170000000000000e+05
0.000000000000000000e+00
1.169700000000000000e+05
1.146790000000000000e+05
1.133280000000000000e+05
1.061250000000000000e+05
1.021280000000000000e+05
1.026500000000000000e+05
0.000000000000000000e+00
1.103540000000000000e+05
1.101790000000000000e+05
1.008350000000000000e+05
1.076400000000000000e+05
1.044970000000000000e+05
9.871900000000000000e+04
0.000000000000000000e+00
1.128310000000000000e+05
1.111860000000000000e+05
1.164820000000000000e+05
1.108290000000000000e+05
9.917100000000000000e+04
1.077340000000000000e+05
0.000000000000000000e+00
1.186130000000000000e+05
1.149850000000000000e+05
1.122680000000000000e+05
1.119340000000000000e+05
1.097450000000000000e+05
1.059340000000000000e+05
0.000000000000000000e+00
1.171280000000000000e+05
1.131040000000000000e+05
1.106430000000000000e+05
1.088350000000000000e+05
1.191540000000000000e+05
1.149080000000000000e+05
0.000000000000000000e+00
1.174860000000000000e+05
1.146630000000000000e+05
1.072080000000000000e+05
1.088920000000000000e+05
1.030100000000000000e+05
1.002860000000000000e+05
0.000000000000000000e+00
1.178570000000000000e+05
1.113990000000000000e+05
1.095560000000000000e+05
1.135580000000000000e+05
1.104380000000000000e+05
1.066540000000000000e+05
0.000000000000000000e+00
1.150190000000000000e+05
1.178170000000000000e+05
1.166000000000000000e+05
1.193250000000000000e+05
1.151470000000000000e+05
1.135300000000000000e+05
0.000000000000000000e+00
1.240090000000000000e+05
1.191060000000000000e+05
1.178030000000000000e+05
1.170020000000000000e+05
1.159640000000000000e+05
1.187290000000000000e+05
0.000000000000000000e+00
1.251460000000000000e+05
1.189480000000000000e+05
1.193300000000000000e+05
1.154030000000000000e+05
1.216950000000000000e+05
1.137960000000000000e+05
0.000000000000000000e+00
1.224580000000000000e+05
1.185970000000000000e+05
1.243330000000000000e+05
1.257570000000000000e+05
1.310430000000000000e+05
1.262300000000000000e+05
0.000000000000000000e+00
1.617960000000000000e+05
0.000000000000000000e+00
1.419300000000000000e+04
1.636350000000000000e+05
1.355490000000000000e+05
1.315200000000000000e+05
0.000000000000000000e+00
1.309510000000000000e+05
1.215510000000000000e+05
1.105280000000000000e+05
1.242710000000000000e+05
1.180680000000000000e+05
1.157120000000000000e+05
0.000000000000000000e+00
1.172300000000000000e+05
1.157850000000000000e+05
1.190600000000000000e+05
1.136800000000000000e+05
1.205060000000000000e+05
1.205020000000000000e+05
0.000000000000000000e+00
1.300750000000000000e+05
1.264920000000000000e+05
1.247170000000000000e+05
1.210060000000000000e+05
1.176440000000000000e+05
1.122460000000000000e+05
0.000000000000000000e+00
1.356830000000000000e+05
1.283760000000000000e+05
1.298320000000000000e+05
1.387850000000000000e+05
1.479240000000000000e+05
1.394600000000000000e+05
1.467800000000000000e+04
8.589400000000000000e+04
0.000000000000000000e+00
0.000000000000000000e+00
4.040000000000000000e+03
1.036740000000000000e+05
1.154760000000000000e+05
0.000000000000000000e+00
1.339970000000000000e+05
1.275250000000000000e+05
1.237890000000000000e+05
1.234000000000000000e+05
1.275170000000000000e+05
1.200810000000000000e+05
0.000000000000000000e+00
1.328680000000000000e+05
1.244400000000000000e+05
1.265240000000000000e+05
1.297680000000000000e+05
1.237770000000000000e+05
1.255060000000000000e+05
0.000000000000000000e+00
1.340050000000000000e+05
1.234090000000000000e+05
1.228990000000000000e+05
1.273170000000000000e+05
1.274950000000000000e+05
1.179220000000000000e+05
0.000000000000000000e+00
1.295320000000000000e+05
1.272620000000000000e+05
1.188320000000000000e+05
1.208780000000000000e+05
1.157370000000000000e+05
1.214040000000000000e+05
0.000000000000000000e+00
1.344630000000000000e+05
1.303890000000000000e+05
1.287960000000000000e+05
1.314830000000000000e+05
1.187520000000000000e+05
1.216640000000000000e+05
0.000000000000000000e+00
1.352350000000000000e+05
1.294410000000000000e+05
1.198730000000000000e+05
1.325950000000000000e+05
1.292850000000000000e+05
1.289410000000000000e+05
0.000000000000000000e+00
1.293540000000000000e+05
1.285200000000000000e+05
1.245120000000000000e+05
1.271230000000000000e+05
1.288440000000000000e+05
1.288780000000000000e+05
0.000000000000000000e+00
1.330670000000000000e+05
1.285320000000000000e+05
1.242600000000000000e+05
1.257970000000000000e+05
1.187190000000000000e+05
1.156050000000000000e+05
0.000000000000000000e+00
1.325150000000000000e+05
1.236590000000000000e+05
1.246570000000000000e+05
1.184050000000000000e+05
1.125850000000000000e+05
1.135150000000000000e+05
0.000000000000000000e+00
1.267680000000000000e+05
1.181270000000000000e+05
1.183790000000000000e+05
1.156590000000000000e+05
1.167260000000000000e+05
1.096360000000000000e+05
0.000000000000000000e+00
1.233540000000000000e+05
1.197620000000000000e+05
1.133710000000000000e+05
1.167390000000000000e+05
1.193870000000000000e+05
1.205770000000000000e+05
0.000000000000000000e+00
1.310100000000000000e+05
1.215390000000000000e+05
1.189210000000000000e+05
1.246520000000000000e+05
1.182090000000000000e+05
1.179010000000000000e+05
0.000000000000000000e+00
1.317520000000000000e+05
1.276740000000000000e+05
1.222020000000000000e+05
1.243930000000000000e+05
1.244130000000000000e+05
1.252420000000000000e+05
0.000000000000000000e+00
1.318720000000000000e+05
1.276020000000000000e+05
1.361390000000000000e+05
1.200480000000000000e+05
1.217780000000000000e+05
1.152090000000000000e+05
0.000000000000000000e+00
1.328260000000000000e+05
1.232240000000000000e+05
1.225730000000000000e+05
1.140810000000000000e+05
1.213130000000000000e+05
1.171610000000000000e+05
0.000000000000000000e+00
1.257670000000000000e+05
1.186600000000000000e+05
1.249390000000000000e+05
1.169460000000000000e+05
1.186200000000000000e+05
1.135240000000000000e+05
0.000000000000000000e+00
1.165450000000000000e+05
1.175270000000000000e+05
1.099410000000000000e+05
1.124820000000000000e+05
1.060700000000000000e+05
1.088430000000000000e+05
0.000000000000000000e+00
1.182260000000000000e+05
1.099490000000000000e+05
1.127140000000000000e+05
1.077990000000000000e+05
1.112900000000000000e+05
1.187550000000000000e+05
0.000000000000000000e+00
1.198410000000000000e+05
1.175360000000000000e+05
1.108650000000000000e+05
1.125690000000000000e+05
1.147820000000000000e+05
1.113080000000000000e+05
0.000000000000000000e+00
1.186150000000000000e+05
1.101760000000000000e+05
1.085600000000000000e+05
1.136870000000000000e+05
1.116500000000000000e+05
1.060660000000000000e+05
0.000000000000000000e+00
1.130770000000000000e+05
1.089530000000000000e+05
1.081550000000000000e+05
1.031000000000000000e+05
1.091650000000000000e+05
1.051740000000000000e+05
0.000000000000000000e+00
1.143240000000000000e+05
1.140880000000000000e+05
1.078240000000000000e+05
1.076860000000000000e+05
1.115990000000000000e+05
1.120960000000000000e+05
0.000000000000000000e+00
1.186460000000000000e+05
1.095530000000000000e+05
1.180510000000000000e+05
1.131090000000000000e+05
1.191290000000000000e+05
1.126340000000000000e+05
0.000000000000000000e+00
1.137410000000000000e+05
1.059310000000000000e+05
1.100020000000000000e+05
1.043090000000000000e+05
1.089260000000000000e+05
1.037180000000000000e+05
0.000000000000000000e+00
1.126950000000000000e+05
1.125950000000000000e+05
1.113450000000000000e+05
1.171650000000000000e+05
1.359850000000000000e+05
2.059000000000000000e+04
0.000000000000000000e+00
1.351710000000000000e+05
1.181820000000000000e+05
1.195410000000000000e+05
1.125010000000000000e+05
1.113260000000000000e+05
1.102150000000000000e+05
0.000000000000000000e+00
1.241890000000000000e+05
1.196510000000000000e+05
1.150340000000000000e+05
1.149540000000000000e+05
1.188670000000000000e+05
1.121320000000000000e+05
0.000000000000000000e+00
1.250560000000000000e+05
1.216290000000000000e+05
1.129750000000000000e+05
1.105920000000000000e+05
1.150400000000000000e+05
1.088970000000000000e+05
0.000000000000000000e+00
1.344230000000000000e+05
1.201960000000000000e+05
1.110530000000000000e+05
1.104850000000000000e+05
1.138380000000000000e+05
1.096530000000000000e+05
0.000000000000000000e+00
1.205950000000000000e+05
1.220320000000000000e+05
1.237640000000000000e+05
1.263630000000000000e+05
1.239400000000000000e+05
1.239080000000000000e+05
0.000000000000000000e+00
1.434430000000000000e+05
1.446150000000000000e+05
1.287080000000000000e+05
7.637600000000000000e+04
0.000000000000000000e+00
0.000000000000000000e+00
0.000000000000000000e+00
8.871800000000000000e+04
1.062510000000000000e+05
1.067970000000000000e+05
1.131150000000000000e+05
1.100250000000000000e+05
1.139360000000000000e+05
0.000000000000000000e+00
1.138910000000000000e+05
1.130560000000000000e+05
1.103870000000000000e+05
1.083910000000000000e+05
1.078820000000000000e+05
1.085380000000000000e+05
0.000000000000000000e+00
1.174160000000000000e+05
1.171810000000000000e+05
1.085850000000000000e+05
1.036890000000000000e+05
1.074230000000000000e+05
1.119070000000000000e+05
0.000000000000000000e+00
1.277680000000000000e+05
1.142080000000000000e+05
1.084780000000000000e+05
1.056330000000000000e+05
1.066000000000000000e+05
1.069790000000000000e+05
0.000000000000000000e+00
1.168290000000000000e+05
1.147330000000000000e+05
1.160390000000000000e+05
1.122290000000000000e+05
1.110020000000000000e+05
1.116800000000000000e+05
0.000000000000000000e+00
1.188880000000000000e+05
1.165080000000000000e+05
1.128390000000000000e+05
1.057970000000000000e+05
1.129070000000000000e+05
1.080240000000000000e+05
0.000000000000000000e+00
1.184560000000000000e+05
1.185750000000000000e+05
1.150680000000000000e+05
1.104050000000000000e+05
1.106180000000000000e+05
1.133090000000000000e+05
0.000000000000000000e+00
1.181220000000000000e+05
1.120600000000000000e+05
1.086180000000000000e+05
1.069070000000000000e+05
1.134340000000000000e+05
1.092770000000000000e+05
0.000000000000000000e+00
1.170570000000000000e+05
1.199190000000000000e+05
1.134610000000000000e+05
1.122500000000000000e+05
1.171680000000000000e+05
1.153830000000000000e+05
0.000000000000000000e+00
1.178530000000000000e+05
1.190950000000000000e+05
1.147040000000000000e+05
1.077870000000000000e+05
1.134970000000000000e+05
1.159260000000000000e+05
0.000000000000000000e+00
1.224870000000000000e+05
1.175430000000000000e+05
1.125140000000000000e+05
1.076020000000000000e+05
1.063040000000000000e+05
1.099940000000000000e+05
0.000000000000000000e+00
1.168240000000000000e+05
1.143250000000000000e+05
1.142140000000000000e+05
1.156850000000000000e+05
1.174150000000000000e+05
1.147360000000000000e+05
0.000000000000000000e+00
1.232050000000000000e+05
1.220000000000000000e+05
1.185740000000000000e+05
1.162470000000000000e+05
1.166370000000000000e+05
1.144110000000000000e+05
0.000000000000000000e+00
1.309520000000000000e+05
1.242830000000000000e+05
1.168870000000000000e+05
1.174590000000000000e+05
1.262630000000000000e+05
1.199310000000000000e+05
0.000000000000000000e+00
1.284070000000000000e+05
1.238180000000000000e+05
1.145630000000000000e+05
1.166660000000000000e+05
1.208130000000000000e+05
1.248450000000000000e+05
0.000000000000000000e+00
1.399620000000000000e+05
1.506860000000000000e+05
0.000000000000000000e+00
1.445500000000000000e+04
1.376340000000000000e+05
1.365240000000000000e+05
0.000000000000000000e+00
1.338650000000000000e+05
1.288670000000000000e+05
1.154410000000000000e+05
1.092350000000000000e+05
1.121200000000000000e+05
1.051200000000000000e+05
0.000000000000000000e+00
1.142460000000000000e+05
1.107690000000000000e+05
1.105680000000000000e+05
1.070680000000000000e+05
1.088880000000000000e+05
1.148200000000000000e+05
0.000000000000000000e+00
1.262940000000000000e+05
1.294620000000000000e+05
1.318790000000000000e+05
1.387080000000000000e+05
8.271600000000000000e+04
0.000000000000000000e+00
0.000000000000000000e+00
0.000000000000000000e+00
9.439500000000000000e+04
1.096850000000000000e+05
1.103260000000000000e+05
1.135350000000000000e+05
1.096810000000000000e+05
0.000000000000000000e+00
1.109350000000000000e+05
1.124230000000000000e+05
1.082420000000000000e+05
1.011090000000000000e+05
1.075190000000000000e+05
1.041470000000000000e+05
0.000000000000000000e+00
1.150490000000000000e+05
1.196970000000000000e+05
1.052260000000000000e+05
1.078270000000000000e+05
1.140940000000000000e+05
1.158850000000000000e+05
0.000000000000000000e+00
1.188830000000000000e+05
1.125090000000000000e+05
1.122260000000000000e+05
1.077470000000000000e+05
1.093620000000000000e+05
1.076790000000000000e+05
0.000000000000000000e+00
1.055310000000000000e+05
1.196630000000000000e+05
1.072220000000000000e+05
1.081070000000000000e+05
1.061140000000000000e+05
9.776500000000000000e+04
0.000000000000000000e+00
1.148040000000000000e+05
1.117990000000000000e+05
1.080960000000000000e+05
1.038290000000000000e+05
1.056020000000000000e+05
9.801900000000000000e+04
0.000000000000000000e+00
1.120520000000000000e+05
1.125400000000000000e+05
1.117290000000000000e+05
1.100010000000000000e+05
1.121520000000000000e+05
1.088310000000000000e+05
0.000000000000000000e+00
1.301430000000000000e+05
1.276940000000000000e+05
1.261770000000000000e+05
1.206820000000000000e+05
1.219580000000000000e+05
1.305620000000000000e+05
0.000000000000000000e+00
1.354680000000000000e+05
1.339080000000000000e+05
1.294160000000000000e+05
1.342260000000000000e+05
1.287580000000000000e+05
1.185680000000000000e+05
0.000000000000000000e+00
1.305200000000000000e+05
1.275540000000000000e+05
1.229400000000000000e+05
1.329900000000000000e+05
1.267990000000000000e+05
1.244260000000000000e+05
0.000000000000000000e+00
1.323060000000000000e+05
1.303690000000000000e+05
1.334110000000000000e+05
1.280810000000000000e+05
1.324900000000000000e+05
1.313070000000000000e+05
0.000000000000000000e+00
1.394340000000000000e+05
1.357880000000000000e+05
1.297860000000000000e+05
1.293410000000000000e+05
9.869300000000000000e+04
1.321980000000000000e+05
0.000000000000000000e+00
1.407640000000000000e+05
1.379760000000000000e+05
1.302690000000000000e+05
1.289850000000000000e+05
1.055070000000000000e+05
1.338960000000000000e+05
0.000000000000000000e+00
1.454680000000000000e+05
1.432400000000000000e+05
1.312220000000000000e+05
1.309410000000000000e+05
1.244960000000000000e+05
1.254020000000000000e+05
0.000000000000000000e+00
1.283590000000000000e+05
1.315740000000000000e+05
1.301030000000000000e+05
1.241040000000000000e+05
7.821900000000000000e+04
1.220270000000000000e+05
0.000000000000000000e+00
1.286740000000000000e+05
1.285670000000000000e+05
1.294760000000000000e+05
1.236060000000000000e+05
1.270040000000000000e+05
1.196520000000000000e+05
0.000000000000000000e+00
1.167960000000000000e+05
1.256130000000000000e+05
1.078530000000000000e+05
1.187440000000000000e+05
1.221870000000000000e+05
1.252990000000000000e+05
0.000000000000000000e+00
1.347340000000000000e+05
1.211610000000000000e+05
1.154920000000000000e+05
1.173290000000000000e+05
1.246440000000000000e+05
1.227760000000000000e+05
0.000000000000000000e+00
1.216410000000000000e+05
1.147140000000000000e+05
1.069530000000000000e+05
1.126890000000000000e+05
1.089610000000000000e+05
1.093670000000000000e+05
0.000000000000000000e+00
1.250940000000000000e+05
1.130520000000000000e+05
7.759400000000000000e+04
1.144040000000000000e+05
1.132700000000000000e+05
1.125570000000000000e+05
0.000000000000000000e+00
7.841700000000000000e+04
1.156830000000000000e+05
1.027840000000000000e+05
1.012040000000000000e+05
1.054970000000000000e+05
8.357500000000000000e+04
0.000000000000000000e+00
1.069000000000000000e+05
1.149290000000000000e+05
1.134770000000000000e+05
1.167400000000000000e+05
1.124040000000000000e+05
1.165260000000000000e+05
0.000000000000000000e+00
1.377800000000000000e+05
9.396900000000000000e+04
1.213520000000000000e+05
1.143260000000000000e+05
1.219030000000000000e+05
1.157020000000000000e+05
0.000000000000000000e+00
1.372090000000000000e+05
1.242550000000000000e+05
1.157880000000000000e+05
1.163890000000000000e+05
1.213390000000000000e+05
1.097060000000000000e+05
0.000000000000000000e+00
1.322380000000000000e+05
1.213040000000000000e+05
1.205180000000000000e+05
1.323290000000000000e+05
1.361490000000000000e+05
1.194790000000000000e+05
0.000000000000000000e+00
1.342350000000000000e+05
1.320610000000000000e+05
9.127100000000000000e+04
1.233110000000000000e+05
1.253430000000000000e+05
1.217430000000000000e+05
0.000000000000000000e+00
1.412810000000000000e+05
1.228870000000000000e+05
1.196150000000000000e+05
1.467520000000000000e+05
1.543840000000000000e+05
1.712500000000000000e+04
0.000000000000000000e+00
1.378590000000000000e+05
1.514980000000000000e+05
1.264420000000000000e+05
1.306110000000000000e+05
1.277900000000000000e+05
1.191020000000000000e+05
0.000000000000000000e+00
1.434300000000000000e+05
1.318960000000000000e+05
9.470300000000000000e+04
1.306670000000000000e+05
1.324600000000000000e+05
1.275480000000000000e+05
0.000000000000000000e+00
1.339180000000000000e+05
1.235440000000000000e+05
1.402660000000000000e+05
1.259650000000000000e+05
1.420150000000000000e+05
1.240910000000000000e+05
0.000000000000000000e+00
1.289540000000000000e+05
1.211100000000000000e+05
1.254910000000000000e+05
1.233990000000000000e+05
1.318610000000000000e+05
1.246590000000000000e+05
0.000000000000000000e+00
1.312290000000000000e+05
1.133890000000000000e+05
1.185380000000000000e+05
1.217130000000000000e+05
1.277170000000000000e+05
1.233540000000000000e+05
0.000000000000000000e+00
9.159400000000000000e+04
1.194640000000000000e+05
1.312170000000000000e+05
1.450760000000000000e+05
1.361980000000000000e+05
1.373760000000000000e+05
0.000000000000000000e+00
1.378190000000000000e+05
1.385210000000000000e+05
1.288390000000000000e+05
1.296930000000000000e+05
1.333210000000000000e+05
1.190220000000000000e+05
0.000000000000000000e+00
1.277070000000000000e+05
1.377480000000000000e+05
1.276670000000000000e+05
1.299970000000000000e+05
1.303790000000000000e+05
1.300460000000000000e+05
2.500000000000000000e+03
1.660410000000000000e+05
1.646190000000000000e+05
8.237200000000000000e+04
0.000000000000000000e+00
0.000000000000000000e+00
0.000000000000000000e+00
0.000000000000000000e+00
1.281570000000000000e+05
1.254360000000000000e+05
1.367040000000000000e+05
1.274520000000000000e+05
1.319080000000000000e+05
1.300810000000000000e+05
0.000000000000000000e+00
1.508410000000000000e+05
1.016340000000000000e+05
1.181350000000000000e+05
1.252910000000000000e+05
9.767800000000000000e+04
1.266690000000000000e+05
0.000000000000000000e+00
1.176880000000000000e+05
1.305190000000000000e+05
1.203870000000000000e+05
1.226350000000000000e+05
1.201360000000000000e+05
1.243530000000000000e+05
0.000000000000000000e+00
1.431150000000000000e+05
1.269720000000000000e+05
1.254290000000000000e+05
1.180640000000000000e+05
1.170810000000000000e+05
1.275540000000000000e+05
0.000000000000000000e+00
1.318070000000000000e+05
1.316970000000000000e+05
1.310030000000000000e+05
1.299970000000000000e+05
1.341410000000000000e+05
1.205590000000000000e+05
0.000000000000000000e+00
1.344290000000000000e+05
1.268170000000000000e+05
1.228650000000000000e+05
1.258270000000000000e+05
1.246780000000000000e+05
1.259060000000000000e+05
0.000000000000000000e+00
1.317380000000000000e+05
1.344230000000000000e+05
1.185040000000000000e+05
1.306700000000000000e+05
1.394770000000000000e+05
1.259820000000000000e+05
0.000000000000000000e+00
1.285140000000000000e+05
1.319230000000000000e+05
1.198360000000000000e+05
1.161300000000000000e+05
1.293270000000000000e+05
1.138380000000000000e+05
0.000000000000000000e+00
1.355920000000000000e+05
1.239070000000000000e+05
1.267920000000000000e+05
1.210860000000000000e+05
1.190650000000000000e+05
1.397520000000000000e+05
0.000000000000000000e+00
1.316160000000000000e+05
1.317360000000000000e+05
1.196100000000000000e+05
1.353510000000000000e+05
1.263940000000000000e+05
1.353860000000000000e+05
0.000000000000000000e+00
1.396530000000000000e+05
1.317830000000000000e+05
1.363550000000000000e+05
1.252460000000000000e+05
1.259260000000000000e+05
1.369910000000000000e+05
0.000000000000000000e+00
1.576800000000000000e+05
1.266310000000000000e+05
1.393680000000000000e+05
1.424440000000000000e+05
1.253050000000000000e+05
1.251800000000000000e+05
0.000000000000000000e+00
1.413000000000000000e+05
1.262230000000000000e+05
1.465660000000000000e+05
1.549340000000000000e+05
