0.000000000000000000e+00
1.165390000000000000e+05
8.126630000000000000e+05
2.822450000000000000e+05
3.477660000000000000e+05
4.695540000000000000e+05
2.942220000000000000e+05
0.000000000000000000e+00
7.660880000000000000e+05
7.479730000000000000e+05
9.150340000000000000e+05
1.295426000000000000e+06
2.090755000000000000e+06
1.841468000000000000e+06
0.000000000000000000e+00
3.579335000000000000e+06
3.279439000000000000e+06
3.374990000000000000e+06
3.143608000000000000e+06
2.835094000000000000e+06
1.821640000000000000e+06
4.140400000000000000e+04
2.076595000000000000e+06
1.106679000000000000e+06
0.000000000000000000e+00
0.000000000000000000e+00
0.000000000000000000e+00
0.000000000000000000e+00
0.000000000000000000e+00
0.000000000000000000e+00
0.000000000000000000e+00
4.038600000000000000e+04
3.900000000000000000e+04
9.183900000000000000e+04
7.561900000000000000e+04
0.000000000000000000e+00
3.241780000000000000e+05
1.957560000000000000e+05
3.086230000000000000e+05
2.276350000000000000e+05
3.061110000000000000e+05
5.895600000000000000e+04
0.000000000000000000e+00
1.843570000000000000e+05
1.325420000000000000e+05
1.812590000000000000e+05
1.585230000000000000e+05
1.864960000000000000e+05
1.140030000000000000e+05
0.000000000000000000e+00
3.022650000000000000e+05
1.872790000000000000e+05
2.208730000000000000e+05
1.837030000000000000e+05
2.425840000000000000e+05
9.872500000000000000e+04
0.000000000000000000e+00
2.565490000000000000e+05
1.197930000000000000e+05
1.537010000000000000e+05
2.720780000000000000e+05
3.207680000000000000e+05
1.324350000000000000e+05
0.000000000000000000e+00
3.581090000000000000e+05
1.810670000000000000e+05
1.897430000000000000e+05
2.554010000000000000e+05
2.874700000000000000e+05
1.129280000000000000e+05
0.000000000000000000e+00
3.868010000000000000e+05
1.474500000000000000e+05
2.106830000000000000e+05
2.081890000000000000e+05
2.710620000000000000e+05
1.060220000000000000e+05
0.000000000000000000e+00
3.282700000000000000e+05
1.570390000000000000e+05
1.974720000000000000e+05
1.652330000000000000e+05
2.187990000000000000e+05
7.795900000000000000e+04
0.000000000000000000e+00
2.929340000000000000e+05
1.421500000000000000e+05
2.216900000000000000e+05
1.575650000000000000e+05
2.675560000000000000e+05
1.161570000000000000e+05
0.000000000000000000e+00
5.168150000000000000e+05
2.052720000000000000e+05
1.987940000000000000e+05
1.449070000000000000e+05
2.205400000000000000e+05
1.137720000000000000e+05
0.000000000000000000e+00
3.355090000000000000e+05
2.119700000000000000e+05
2.305110000000000000e+05
1.882820000000000000e+05
2.109300000000000000e+05
4.911200000000000000e+04
0.000000000000000000e+00
1.766670000000000000e+05
9.920900000000000000e+04
1.385000000000000000e+05
1.103120000000000000e+05
1.803400000000000000e+05
1.023330000000000000e+05
0.000000000000000000e+00
3.484790000000000000e+05
2.089450000000000000e+05
2.364250000000000000e+05
2.693660000000000000e+05
3.124070000000000000e+05
1.459620000000000000e+05
0.000000000000000000e+00
4.107550000000000000e+05
1.729390000000000000e+05
7.783600000000000000e+04
7.804500000000000000e+04
5.942500000000000000e+04
5.024500000000000000e+04
0.000000000000000000e+00
1.650160000000000000e+05
5.197500000000000000e+04
1.557700000000000000e+05
1.213230000000000000e+05
1.111170000000000000e+05
5.260100000000000000e+04
0.000000000000000000e+00
1.892750000000000000e+05
6.885700000000000000e+04
8.441200000000000000e+04
9.173700000000000000e+04
1.025860000000000000e+05
5.386500000000000000e+04
0.000000000000000000e+00
2.282540000000000000e+05
8.482100000000000000e+04
7.682400000000000000e+04
1.477450000000000000e+05
1.373260000000000000e+05
5.954800000000000000e+04
0.000000000000000000e+00
1.682360000000000000e+05
8.512600000000000000e+04
8.379300000000000000e+04
1.438730000000000000e+05
1.274450000000000000e+05
7.099500000000000000e+04
0.000000000000000000e+00
2.393730000000000000e+05
9.676900000000000000e+04
8.568600000000000000e+04
1.559110000000000000e+05
1.283690000000000000e+05
5.319000000000000000e+04
0.000000000000000000e+00
1.925780000000000000e+05
8.108300000000000000e+04
1.029920000000000000e+05
1.027970000000000000e+05
1.048830000000000000e+05
6.803000000000000000e+04
0.000000000000000000e+00
2.565340000000000000e+05
7.483000000000000000e+04
1.440660000000000000e+05
1.265770000000000000e+05
1.479110000000000000e+05
5.634600000000000000e+04
0.000000000000000000e+00
1.899230000000000000e+05
8.841900000000000000e+04
9.076500000000000000e+04
1.037670000000000000e+05
1.413430000000000000e+05
4.136400000000000000e+04
0.000000000000000000e+00
1.987340000000000000e+05
8.217700000000000000e+04
8.577000000000000000e+04
9.788800000000000000e+04
9.501600000000000000e+04
3.552200000000000000e+04
0.000000000000000000e+00
1.555610000000000000e+05
9.428400000000000000e+04
1.098590000000000000e+05
9.475500000000000000e+04
9.510000000000000000e+04
4.283000000000000000e+04
0.000000000000000000e+00
1.295510000000000000e+05
8.708900000000000000e+04
1.009410000000000000e+05
8.140500000000000000e+04
1.035780000000000000e+05
6.020900000000000000e+04
0.000000000000000000e+00
1.250360000000000000e+05
6.182800000000000000e+04
9.544900000000000000e+04
7.672200000000000000e+04
9.120800000000000000e+04
4.152600000000000000e+04
0.000000000000000000e+00
1.377800000000000000e+05
6.065200000000000000e+04
8.049600000000000000e+04
1.021150000000000000e+05
1.250560000000000000e+05
6.072800000000000000e+04
0.000000000000000000e+00
2.301030000000000000e+05
1.460210000000000000e+05
1.238350000000000000e+05
1.397420000000000000e+05
1.623680000000000000e+05
1.674960000000000000e+05
0.000000000000000000e+00
3.109670000000000000e+05
1.146250000000000000e+05
1.989810000000000000e+05
1.720570000000000000e+05
2.902590000000000000e+05
2.290540000000000000e+05
0.000000000000000000e+00
3.536310000000000000e+05
2.580080000000000000e+05
2.617210000000000000e+05
2.736300000000000000e+05
3.194440000000000000e+05
2.972710000000000000e+05
0.000000000000000000e+00
3.946360000000000000e+05
2.735820000000000000e+05
2.999560000000000000e+05
2.571030000000000000e+05
3.262500000000000000e+05
2.738450000000000000e+05
0.000000000000000000e+00
4.959000000000000000e+05
3.839290000000000000e+05
2.641110000000000000e+05
3.174080000000000000e+05
4.583970000000000000e+05
3.994570000000000000e+05
0.000000000000000000e+00
7.610530000000000000e+05
5.991860000000000000e+05
9.120730000000000000e+05
1.233693000000000000e+06
2.095526000000000000e+06
1.946050000000000000e+06
0.000000000000000000e+00
4.118992000000000000e+06
3.744743000000000000e+06
3.670238000000000000e+06
3.891966000000000000e+06
3.652054000000000000e+06
3.425399000000000000e+06
2.143800000000000000e+04
4.820562000000000000e+06
3.827737000000000000e+06
2.852069000000000000e+06
2.525414000000000000e+06
2.258622000000000000e+06
1.398573000000000000e+06
1.273250000000000000e+05
1.072767000000000000e+06
7.999000000000000000e+04
0.000000000000000000e+00
0.000000000000000000e+00
0.000000000000000000e+00
3.044300000000000000e+04
0.000000000000000000e+00
2.667710000000000000e+05
3.549490000000000000e+05
3.130970000000000000e+05
4.326850000000000000e+05
4.840390000000000000e+05
3.520690000000000000e+05
0.000000000000000000e+00
6.090570000000000000e+05
5.783510000000000000e+05
5.011090000000000000e+05
4.772570000000000000e+05
5.470880000000000000e+05
3.775860000000000000e+05
0.000000000000000000e+00
4.696340000000000000e+05
3.599630000000000000e+05
3.859990000000000000e+05
3.701130000000000000e+05
3.482060000000000000e+05
2.629270000000000000e+05
0.000000000000000000e+00
3.693930000000000000e+05
2.636030000000000000e+05
4.273560000000000000e+05
3.379810000000000000e+05
3.266030000000000000e+05
2.189830000000000000e+05
0.000000000000000000e+00
4.437420000000000000e+05
3.500010000000000000e+05
3.195110000000000000e+05
4.018070000000000000e+05
3.911310000000000000e+05
2.167080000000000000e+05
0.000000000000000000e+00
5.127120000000000000e+05
3.718430000000000000e+05
4.046740000000000000e+05
4.284160000000000000e+05
4.522560000000000000e+05
2.957070000000000000e+05
0.000000000000000000e+00
5.539270000000000000e+05
3.571770000000000000e+05
4.642230000000000000e+05
4.798540000000000000e+05
5.177020000000000000e+05
3.043450000000000000e+05
0.000000000000000000e+00
5.304710000000000000e+05
4.405420000000000000e+05
3.623790000000000000e+05
4.374920000000000000e+05
4.323560000000000000e+05
2.542180000000000000e+05
0.000000000000000000e+00
4.764830000000000000e+05
3.351850000000000000e+05
3.038220000000000000e+05
3.849160000000000000e+05
3.720130000000000000e+05
2.030590000000000000e+05
0.000000000000000000e+00
5.153290000000000000e+05
2.441270000000000000e+05
2.773740000000000000e+05
3.446350000000000000e+05
3.292230000000000000e+05
2.747930000000000000e+05
0.000000000000000000e+00
4.607860000000000000e+05
3.598750000000000000e+05
3.155860000000000000e+05
3.402040000000000000e+05
3.245260000000000000e+05
1.904010000000000000e+05
0.000000000000000000e+00
2.074320000000000000e+05
2.902730000000000000e+05
2.283300000000000000e+05
2.586430000000000000e+05
4.305620000000000000e+05
9.899300000000000000e+04
0.000000000000000000e+00
0.000000000000000000e+00
1.270300000000000000e+05
6.565230000000000000e+05
2.334030000000000000e+05
2.982870000000000000e+05
1.747120000000000000e+05
0.000000000000000000e+00
5.051890000000000000e+05
2.870950000000000000e+05
3.656400000000000000e+05
2.308280000000000000e+05
1.847640000000000000e+05
1.244090000000000000e+05
0.000000000000000000e+00
5.422130000000000000e+05
3.522910000000000000e+05
3.499860000000000000e+05
4.372600000000000000e+05
5.127550000000000000e+05
2.920690000000000000e+05
0.000000000000000000e+00
6.993980000000000000e+05
4.101830000000000000e+05
3.097280000000000000e+05
2.079630000000000000e+05
2.410050000000000000e+05
1.209140000000000000e+05
0.000000000000000000e+00
7.421440000000000000e+05
6.697160000000000000e+05
1.297065000000000000e+06
2.486584000000000000e+06
3.022922000000000000e+06
3.030732000000000000e+06
4.411000000000000000e+03
3.291860000000000000e+06
2.502589000000000000e+06
2.422546000000000000e+06
3.210364000000000000e+06
3.110333000000000000e+06
2.644729000000000000e+06
6.749500000000000000e+04
2.052825000000000000e+06
7.091050000000000000e+05
6.343960000000000000e+05
1.907500000000000000e+04
0.000000000000000000e+00
0.000000000000000000e+00
0.000000000000000000e+00
1.416800000000000000e+04
1.739000000000000000e+04
1.733870000000000000e+05
5.445500000000000000e+04
1.575190000000000000e+05
6.103100000000000000e+04
0.000000000000000000e+00
2.112430000000000000e+05
1.248380000000000000e+05
3.497740000000000000e+05
1.380360000000000000e+05
1.448650000000000000e+05
4.150000000000000000e+04
0.000000000000000000e+00
1.956870000000000000e+05
1.582570000000000000e+05
1.520230000000000000e+05
1.078470000000000000e+05
1.536300000000000000e+05
1.087660000000000000e+05
0.000000000000000000e+00
2.576320000000000000e+05
1.435590000000000000e+05
1.576620000000000000e+05
1.509450000000000000e+05
1.687020000000000000e+05
1.043910000000000000e+05
0.000000000000000000e+00
2.639220000000000000e+05
1.362540000000000000e+05
1.597600000000000000e+05
1.528800000000000000e+05
2.261740000000000000e+05
1.016880000000000000e+05
0.000000000000000000e+00
3.010920000000000000e+05
1.475920000000000000e+05
1.411350000000000000e+05
1.551260000000000000e+05
2.216450000000000000e+05
8.410700000000000000e+04
0.000000000000000000e+00
3.662360000000000000e+05
2.335710000000000000e+05
1.625360000000000000e+05
1.713580000000000000e+05
2.680110000000000000e+05
1.094930000000000000e+05
0.000000000000000000e+00
2.775120000000000000e+05
1.481650000000000000e+05
1.578360000000000000e+05
2.221650000000000000e+05
2.159110000000000000e+05
8.292800000000000000e+04
0.000000000000000000e+00
3.379960000000000000e+05
1.368570000000000000e+05
1.726330000000000000e+05
2.387800000000000000e+05
2.510080000000000000e+05
1.090800000000000000e+05
0.000000000000000000e+00
3.074100000000000000e+05
1.078490000000000000e+05
2.283780000000000000e+05
2.765160000000000000e+05
2.594130000000000000e+05
1.104050000000000000e+05
0.000000000000000000e+00
3.418890000000000000e+05
1.824500000000000000e+05
1.571870000000000000e+05
2.213640000000000000e+05
2.880950000000000000e+05
1.001350000000000000e+05
0.000000000000000000e+00
1.808970000000000000e+05
1.969420000000000000e+05
1.750780000000000000e+05
1.778930000000000000e+05
2.452350000000000000e+05
7.515500000000000000e+04
0.000000000000000000e+00
3.961830000000000000e+05
2.282940000000000000e+05
1.832750000000000000e+05
1.750270000000000000e+05
2.975120000000000000e+05
2.188240000000000000e+05
0.000000000000000000e+00
3.356340000000000000e+05
5.648300000000000000e+04
5.023800000000000000e+04
1.488330000000000000e+05
1.196670000000000000e+05
5.039800000000000000e+04
0.000000000000000000e+00
2.862960000000000000e+05
8.422400000000000000e+04
1.122640000000000000e+05
1.694170000000000000e+05
1.863540000000000000e+05
7.424800000000000000e+04
0.000000000000000000e+00
2.829700000000000000e+05
1.644530000000000000e+05
1.192150000000000000e+05
1.813070000000000000e+05
1.958230000000000000e+05
7.469600000000000000e+04
0.000000000000000000e+00
2.728500000000000000e+05
1.518590000000000000e+05
1.195870000000000000e+05
1.383240000000000000e+05
1.844050000000000000e+05
7.161000000000000000e+04
0.000000000000000000e+00
3.356920000000000000e+05
1.534000000000000000e+05
1.505250000000000000e+05
1.770690000000000000e+05
2.036670000000000000e+05
1.025730000000000000e+05
0.000000000000000000e+00
3.056790000000000000e+05
1.430960000000000000e+05
8.645500000000000000e+04
1.771340000000000000e+05
1.491200000000000000e+05
6.819500000000000000e+04
0.000000000000000000e+00
1.710450000000000000e+05
7.710300000000000000e+04
1.490710000000000000e+05
1.979210000000000000e+05
2.100380000000000000e+05
1.044300000000000000e+05
0.000000000000000000e+00
2.485190000000000000e+05
1.549610000000000000e+05
1.907590000000000000e+05
1.685130000000000000e+05
2.283030000000000000e+05
9.017500000000000000e+04
0.000000000000000000e+00
2.448060000000000000e+05
1.462990000000000000e+05
1.055910000000000000e+05
1.276220000000000000e+05
1.484480000000000000e+05
5.908800000000000000e+04
0.000000000000000000e+00
1.921590000000000000e+05
1.070320000000000000e+05
1.226520000000000000e+05
1.054410000000000000e+05
1.451660000000000000e+05
4.650000000000000000e+04
0.000000000000000000e+00
1.493050000000000000e+05
6.336600000000000000e+04
1.044230000000000000e+05
8.918300000000000000e+04
1.112240000000000000e+05
1.697200000000000000e+04
0.000000000000000000e+00
1.537700000000000000e+05
8.875200000000000000e+04
8.973200000000000000e+04
9.607400000000000000e+04
1.629210000000000000e+05
8.150300000000000000e+04
0.000000000000000000e+00
2.644050000000000000e+05
1.504930000000000000e+05
1.367520000000000000e+05
1.895870000000000000e+05
1.862990000000000000e+05
0.000000000000000000e+00
0.000000000000000000e+00
3.053050000000000000e+05
2.524800000000000000e+05
2.758130000000000000e+05
1.878910000000000000e+05
9.455900000000000000e+04
1.618420000000000000e+05
0.000000000000000000e+00
2.601040000000000000e+05
1.683540000000000000e+05
1.613010000000000000e+05
2.145380000000000000e+05
2.537010000000000000e+05
2.285270000000000000e+05
0.000000000000000000e+00
4.823380000000000000e+05
3.020830000000000000e+05
3.677400000000000000e+05
4.665500000000000000e+05
4.749670000000000000e+05
5.513740000000000000e+05
0.000000000000000000e+00
1.680091000000000000e+06
1.854633000000000000e+06
2.267496000000000000e+06
2.617055000000000000e+06
2.714154000000000000e+06
2.813279000000000000e+06
4.109100000000000000e+04
3.963949000000000000e+06
3.732005000000000000e+06
3.424101000000000000e+06
2.755856000000000000e+06
2.355560000000000000e+06
6.742190000000000000e+05
1.435200000000000000e+04
0.000000000000000000e+00
0.000000000000000000e+00
0.000000000000000000e+00
1.018550000000000000e+05
2.385280000000000000e+05
2.515440000000000000e+05
0.000000000000000000e+00
6.390100000000000000e+05
4.093380000000000000e+05
3.453240000000000000e+05
4.039110000000000000e+05
3.117150000000000000e+05
9.209600000000000000e+04
0.000000000000000000e+00
5.680940000000000000e+05
2.477820000000000000e+05
3.685930000000000000e+05
3.892200000000000000e+05
3.243620000000000000e+05
2.601500000000000000e+05
0.000000000000000000e+00
4.794920000000000000e+05
2.984890000000000000e+05
3.347530000000000000e+05
3.378770000000000000e+05
3.162620000000000000e+05
2.367250000000000000e+05
0.000000000000000000e+00
3.740340000000000000e+05
2.781630000000000000e+05
2.550000000000000000e+05
3.064960000000000000e+05
2.753590000000000000e+05
1.940700000000000000e+05
0.000000000000000000e+00
3.257140000000000000e+05
2.710510000000000000e+05
2.361820000000000000e+05
3.023420000000000000e+05
3.500290000000000000e+05
2.096420000000000000e+05
0.000000000000000000e+00
4.413800000000000000e+05
3.198340000000000000e+05
3.220560000000000000e+05
2.743610000000000000e+05
2.710890000000000000e+05
3.605560000000000000e+05
0.000000000000000000e+00
5.241190000000000000e+05
3.794260000000000000e+05
3.884160000000000000e+05
3.709020000000000000e+05
4.038950000000000000e+05
3.084630000000000000e+05
0.000000000000000000e+00
5.041160000000000000e+05
3.947470000000000000e+05
3.764240000000000000e+05
3.664440000000000000e+05
4.548020000000000000e+05
2.315850000000000000e+05
0.000000000000000000e+00
4.493550000000000000e+05
3.416860000000000000e+05
2.912960000000000000e+05
3.138160000000000000e+05
3.034800000000000000e+05
2.073400000000000000e+05
0.000000000000000000e+00
3.990110000000000000e+05
1.910510000000000000e+05
2.823770000000000000e+05
2.977620000000000000e+05
2.843870000000000000e+05
1.258330000000000000e+05
0.000000000000000000e+00
3.199250000000000000e+05
2.144700000000000000e+05
2.566100000000000000e+05
2.863540000000000000e+05
2.885040000000000000e+05
1.537800000000000000e+05
0.000000000000000000e+00
3.531240000000000000e+05
2.475900000000000000e+05
2.896280000000000000e+05
3.157080000000000000e+05
3.431360000000000000e+05
1.544920000000000000e+05
0.000000000000000000e+00
4.203060000000000000e+05
1.219680000000000000e+05
1.642160000000000000e+05
1.700280000000000000e+05
2.005580000000000000e+05
6.266400000000000000e+04
0.000000000000000000e+00
7.990900000000000000e+04
0.000000000000000000e+00
3.912700000000000000e+04
5.200620000000000000e+05
1.515180000000000000e+05
1.143360000000000000e+05
0.000000000000000000e+00
3.673140000000000000e+05
2.192130000000000000e+05
2.439740000000000000e+05
2.251490000000000000e+05
3.400370000000000000e+05
1.445800000000000000e+05
0.000000000000000000e+00
3.876490000000000000e+05
2.631880000000000000e+05
3.807480000000000000e+05
4.783160000000000000e+05
6.901180000000000000e+05
6.747750000000000000e+05
0.000000000000000000e+00
2.129014000000000000e+06
1.976274000000000000e+06
2.323057000000000000e+06
2.425051000000000000e+06
2.404167000000000000e+06
1.943088000000000000e+06
1.184200000000000000e+04
2.162252000000000000e+06
1.447038000000000000e+06
1.049587000000000000e+06
6.945810000000000000e+05
3.980270000000000000e+05
1.178920000000000000e+05
3.644000000000000000e+03
1.905700000000000000e+04
0.000000000000000000e+00
0.000000000000000000e+00
8.124000000000000000e+03
2.767900000000000000e+04
9.261000000000000000e+03
0.000000000000000000e+00
1.031520000000000000e+05
3.950400000000000000e+04
5.887500000000000000e+04
9.661400000000000000e+04
1.234990000000000000e+05
5.395200000000000000e+04
0.000000000000000000e+00
1.686780000000000000e+05
9.362200000000000000e+04
1.204160000000000000e+05
1.052440000000000000e+05
8.599100000000000000e+04
3.531000000000000000e+04
0.000000000000000000e+00
1.119240000000000000e+05
7.093600000000000000e+04
5.684800000000000000e+04
8.087200000000000000e+04
6.503000000000000000e+04
4.667900000000000000e+04
0.000000000000000000e+00
1.964860000000000000e+05
1.142400000000000000e+05
1.026290000000000000e+05
1.097550000000000000e+05
1.193050000000000000e+05
4.436500000000000000e+04
0.000000000000000000e+00
2.169050000000000000e+05
1.039040000000000000e+05
1.472700000000000000e+05
1.190620000000000000e+05
1.209950000000000000e+05
4.852200000000000000e+04
0.000000000000000000e+00
2.464400000000000000e+05
1.271170000000000000e+05
1.143990000000000000e+05
8.998400000000000000e+04
1.985540000000000000e+05
6.243300000000000000e+04
0.000000000000000000e+00
2.329450000000000000e+05
1.133520000000000000e+05
1.246760000000000000e+05
1.112560000000000000e+05
1.184950000000000000e+05
5.157300000000000000e+04
0.000000000000000000e+00
2.971990000000000000e+05
1.480460000000000000e+05
1.773440000000000000e+05
1.732380000000000000e+05
1.849410000000000000e+05
4.615500000000000000e+04
0.000000000000000000e+00
1.451490000000000000e+05
9.979900000000000000e+04
1.464120000000000000e+05
2.032250000000000000e+05
1.519210000000000000e+05
4.404000000000000000e+04
0.000000000000000000e+00
1.977150000000000000e+05
1.075750000000000000e+05
1.083340000000000000e+05
1.174250000000000000e+05
1.450620000000000000e+05
4.136000000000000000e+04
0.000000000000000000e+00
2.412340000000000000e+05
1.157160000000000000e+05
8.535100000000000000e+04
1.628350000000000000e+05
1.155120000000000000e+05
1.151040000000000000e+05
0.000000000000000000e+00
1.720520000000000000e+05
7.110500000000000000e+04
1.902990000000000000e+05
1.580040000000000000e+05
1.820610000000000000e+05
7.855700000000000000e+04
0.000000000000000000e+00
2.418340000000000000e+05
2.228850000000000000e+05
1.446770000000000000e+05
1.391050000000000000e+05
1.771150000000000000e+05
7.029400000000000000e+04
0.000000000000000000e+00
1.144540000000000000e+05
7.331800000000000000e+04
4.374300000000000000e+04
7.505300000000000000e+04
7.856400000000000000e+04
1.470900000000000000e+04
0.000000000000000000e+00
2.381650000000000000e+05
9.090300000000000000e+04
7.320500000000000000e+04
9.915600000000000000e+04
1.047240000000000000e+05
3.691500000000000000e+04
0.000000000000000000e+00
1.187700000000000000e+05
1.217720000000000000e+05
9.574500000000000000e+04
6.998500000000000000e+04
1.027940000000000000e+05
2.980900000000000000e+04
0.000000000000000000e+00
1.983990000000000000e+05
8.932000000000000000e+04
1.075730000000000000e+05
4.963000000000000000e+04
7.878400000000000000e+04
7.463000000000000000e+04
0.000000000000000000e+00
1.795610000000000000e+05
1.368440000000000000e+05
1.217990000000000000e+05
7.908000000000000000e+04
8.808400000000000000e+04
3.629000000000000000e+04
0.000000000000000000e+00
1.853280000000000000e+05
8.593700000000000000e+04
6.201600000000000000e+04
7.463100000000000000e+04
1.227790000000000000e+05
3.233300000000000000e+04
0.000000000000000000e+00
1.840890000000000000e+05
9.695100000000000000e+04
7.342100000000000000e+04
5.993700000000000000e+04
8.809400000000000000e+04
2.262800000000000000e+04
0.000000000000000000e+00
1.853940000000000000e+05
9.054200000000000000e+04
8.981100000000000000e+04
7.563800000000000000e+04
1.109410000000000000e+05
3.335100000000000000e+04
0.000000000000000000e+00
1.372100000000000000e+05
7.954300000000000000e+04
1.078890000000000000e+05
5.303000000000000000e+04
8.102400000000000000e+04
4.656700000000000000e+04
0.000000000000000000e+00
1.403430000000000000e+05
6.295800000000000000e+04
6.375400000000000000e+04
6.345000000000000000e+04
7.775200000000000000e+04
1.861700000000000000e+04
0.000000000000000000e+00
1.084120000000000000e+05
5.684400000000000000e+04
3.610100000000000000e+04
3.649300000000000000e+04
3.174500000000000000e+04
2.401600000000000000e+04
0.000000000000000000e+00
5.198400000000000000e+04
3.990200000000000000e+04
5.436100000000000000e+04
5.123400000000000000e+04
6.954800000000000000e+04
1.992900000000000000e+04
0.000000000000000000e+00
1.952760000000000000e+05
1.349200000000000000e+05
1.375270000000000000e+05
1.906660000000000000e+05
1.812710000000000000e+05
1.686770000000000000e+05
0.000000000000000000e+00
3.085830000000000000e+05
2.027820000000000000e+05
2.200580000000000000e+05
1.473630000000000000e+05
1.941800000000000000e+05
1.830580000000000000e+05
0.000000000000000000e+00
3.744430000000000000e+05
2.571030000000000000e+05
2.465050000000000000e+05
2.343040000000000000e+05
2.676920000000000000e+05
2.285310000000000000e+05
0.000000000000000000e+00
6.042680000000000000e+05
4.087370000000000000e+05
5.481250000000000000e+05
7.626690000000000000e+05
1.236686000000000000e+06
1.450051000000000000e+06
1.818400000000000000e+04
3.396361000000000000e+06
3.270534000000000000e+06
3.366472000000000000e+06
3.385667000000000000e+06
3.438742000000000000e+06
2.739141000000000000e+06
1.522090000000000000e+05
3.843272000000000000e+06
1.637465000000000000e+06
8.791020000000000000e+05
4.611400000000000000e+04
0.000000000000000000e+00
0.000000000000000000e+00
0.000000000000000000e+00
2.012000000000000000e+05
2.134000000000000000e+05
1.962330000000000000e+05
2.104990000000000000e+05
2.331670000000000000e+05
1.398330000000000000e+05
0.000000000000000000e+00
1.113060000000000000e+05
2.783350000000000000e+05
2.865600000000000000e+05
2.904800000000000000e+05
2.973660000000000000e+05
1.882080000000000000e+05
0.000000000000000000e+00
3.713830000000000000e+05
3.108550000000000000e+05
1.800570000000000000e+05
9.907200000000000000e+04
2.483500000000000000e+05
2.226070000000000000e+05
0.000000000000000000e+00
4.619530000000000000e+05
2.432210000000000000e+05
2.872410000000000000e+05
3.457140000000000000e+05
3.406990000000000000e+05
2.513710000000000000e+05
0.000000000000000000e+00
4.544470000000000000e+05
3.712930000000000000e+05
3.949400000000000000e+05
3.298690000000000000e+05
3.639880000000000000e+05
2.272640000000000000e+05
0.000000000000000000e+00
4.174790000000000000e+05
3.164890000000000000e+05
2.854160000000000000e+05
2.777780000000000000e+05
3.647540000000000000e+05
2.213800000000000000e+05
0.000000000000000000e+00
3.843200000000000000e+05
2.615550000000000000e+05
2.352330000000000000e+05
2.894910000000000000e+05
3.898010000000000000e+05
2.386530000000000000e+05
0.000000000000000000e+00
5.073910000000000000e+05
3.578080000000000000e+05
3.519180000000000000e+05
3.761460000000000000e+05
4.932410000000000000e+05
2.972220000000000000e+05
0.000000000000000000e+00
4.631560000000000000e+05
3.744720000000000000e+05
3.570790000000000000e+05
2.842650000000000000e+05
4.298890000000000000e+05
2.783900000000000000e+05
0.000000000000000000e+00
4.306400000000000000e+05
3.711220000000000000e+05
3.568190000000000000e+05
4.618020000000000000e+05
4.625690000000000000e+05
2.787640000000000000e+05
0.000000000000000000e+00
5.042730000000000000e+05
3.470750000000000000e+05
3.926230000000000000e+05
3.412170000000000000e+05
3.318420000000000000e+05
2.781930000000000000e+05
0.000000000000000000e+00
3.659380000000000000e+05
3.001120000000000000e+05
2.453530000000000000e+05
3.110280000000000000e+05
2.875000000000000000e+05
1.071760000000000000e+05
0.000000000000000000e+00
3.931990000000000000e+05
2.043100000000000000e+05
2.535020000000000000e+05
2.700690000000000000e+05
2.760970000000000000e+05
1.393690000000000000e+05
0.000000000000000000e+00
3.708240000000000000e+05
2.948610000000000000e+05
2.635750000000000000e+05
3.140370000000000000e+05
3.054290000000000000e+05
1.545950000000000000e+05
0.000000000000000000e+00
4.304790000000000000e+05
3.311600000000000000e+05
1.298810000000000000e+05
2.192000000000000000e+05
2.337400000000000000e+05
1.743300000000000000e+05
0.000000000000000000e+00
1.920420000000000000e+05
2.076640000000000000e+05
0.000000000000000000e+00
6.229400000000000000e+04
7.105390000000000000e+05
2.065770000000000000e+05
0.000000000000000000e+00
5.206490000000000000e+05
5.081900000000000000e+05
4.987440000000000000e+05
9.969760000000000000e+05
1.642398000000000000e+06
1.729781000000000000e+06
2.422700000000000000e+04
3.450679000000000000e+06
2.980851000000000000e+06
2.866893000000000000e+06
2.519235000000000000e+06
2.567791000000000000e+06
1.665166000000000000e+06
2.946900000000000000e+04
1.508011000000000000e+06
5.497320000000000000e+05
2.636620000000000000e+05
1.755630000000000000e+05
7.569000000000000000e+03
0.000000000000000000e+00
0.000000000000000000e+00
0.000000000000000000e+00
7.386000000000000000e+03
2.320200000000000000e+04
8.641700000000000000e+04
1.317510000000000000e+05
5.894700000000000000e+04
0.000000000000000000e+00
3.284000000000000000e+05
1.881210000000000000e+05
1.480890000000000000e+05
1.647480000000000000e+05
1.903000000000000000e+05
3.883900000000000000e+04
0.000000000000000000e+00
2.101510000000000000e+05
1.138740000000000000e+05
1.111820000000000000e+05
1.479900000000000000e+05
2.105610000000000000e+05
5.436100000000000000e+04
0.000000000000000000e+00
2.580380000000000000e+05
7.557900000000000000e+04
1.438220000000000000e+05
1.439960000000000000e+05
1.863240000000000000e+05
6.211300000000000000e+04
0.000000000000000000e+00
2.248160000000000000e+05
1.095150000000000000e+05
1.076390000000000000e+05
2.325680000000000000e+05
1.372650000000000000e+05
6.402500000000000000e+04
0.000000000000000000e+00
2.582460000000000000e+05
1.274890000000000000e+05
1.080410000000000000e+05
1.235730000000000000e+05
2.061830000000000000e+05
5.123500000000000000e+04
0.000000000000000000e+00
2.635880000000000000e+05
1.214870000000000000e+05
1.817250000000000000e+05
1.919330000000000000e+05
1.576930000000000000e+05
6.173900000000000000e+04
0.000000000000000000e+00
2.448830000000000000e+05
1.373990000000000000e+05
1.377490000000000000e+05
1.568330000000000000e+05
1.885490000000000000e+05
6.101000000000000000e+04
0.000000000000000000e+00
2.439250000000000000e+05
1.460250000000000000e+05
1.603320000000000000e+05
1.628150000000000000e+05
1.228850000000000000e+05
8.672200000000000000e+04
0.000000000000000000e+00
2.678390000000000000e+05
1.532200000000000000e+05
2.297250000000000000e+05
2.300830000000000000e+05
2.269150000000000000e+05
1.090770000000000000e+05
0.000000000000000000e+00
2.219890000000000000e+05
1.471200000000000000e+05
1.262300000000000000e+05
1.347230000000000000e+05
1.911480000000000000e+05
5.799200000000000000e+04
0.000000000000000000e+00
2.226610000000000000e+05
9.730100000000000000e+04
8.037100000000000000e+04
1.005830000000000000e+05
8.619500000000000000e+04
7.128700000000000000e+04
0.000000000000000000e+00
2.692630000000000000e+05
1.466880000000000000e+05
1.358650000000000000e+05
1.826910000000000000e+05
1.937810000000000000e+05
8.820300000000000000e+04
0.000000000000000000e+00
3.896490000000000000e+05
1.758010000000000000e+05
1.452500000000000000e+05
8.889400000000000000e+04
9.867400000000000000e+04
1.980000000000000000e+04
0.000000000000000000e+00
2.720700000000000000e+05
7.992000000000000000e+04
1.203010000000000000e+05
1.227040000000000000e+05
6.322200000000000000e+04
4.843000000000000000e+04
0.000000000000000000e+00
2.159450000000000000e+05
1.096310000000000000e+05
1.023540000000000000e+05
1.105020000000000000e+05
8.374300000000000000e+04
6.548600000000000000e+04
0.000000000000000000e+00
1.814350000000000000e+05
9.516200000000000000e+04
1.005800000000000000e+05
7.327000000000000000e+04
1.335570000000000000e+05
5.446400000000000000e+04
0.000000000000000000e+00
3.122520000000000000e+05
1.209130000000000000e+05
1.293580000000000000e+05
1.362010000000000000e+05
1.279230000000000000e+05
3.898500000000000000e+04
0.000000000000000000e+00
2.116260000000000000e+05
9.130700000000000000e+04
1.066740000000000000e+05
1.333660000000000000e+05
1.548620000000000000e+05
4.087100000000000000e+04
0.000000000000000000e+00
2.036800000000000000e+05
1.056690000000000000e+05
4.530000000000000000e+04
1.271320000000000000e+05
1.697460000000000000e+05
3.535000000000000000e+04
0.000000000000000000e+00
1.488680000000000000e+05
9.079200000000000000e+04
1.160840000000000000e+05
1.054610000000000000e+05
1.172100000000000000e+05
3.391500000000000000e+04
0.000000000000000000e+00
1.396280000000000000e+05
8.387900000000000000e+04
8.531900000000000000e+04
8.357600000000000000e+04
1.868690000000000000e+05
8.504600000000000000e+04
0.000000000000000000e+00
2.178240000000000000e+05
6.504100000000000000e+04
1.590710000000000000e+05
8.317900000000000000e+04
1.728950000000000000e+05
4.610100000000000000e+04
0.000000000000000000e+00
2.494660000000000000e+05
1.390180000000000000e+05
1.345700000000000000e+05
1.065900000000000000e+05
1.786990000000000000e+05
4.987500000000000000e+04
0.000000000000000000e+00
1.399940000000000000e+05
8.648200000000000000e+04
1.583270000000000000e+05
1.738320000000000000e+05
1.433220000000000000e+05
3.958300000000000000e+04
0.000000000000000000e+00
1.557070000000000000e+05
1.064940000000000000e+05
9.349200000000000000e+04
6.257400000000000000e+04
8.264300000000000000e+04
5.611700000000000000e+04
0.000000000000000000e+00
1.410110000000000000e+05
7.191600000000000000e+04
4.713900000000000000e+04
6.809900000000000000e+04
7.163500000000000000e+04
1.996600000000000000e+04
0.000000000000000000e+00
1.402890000000000000e+05
6.395400000000000000e+04
7.962000000000000000e+04
8.317300000000000000e+04
8.040000000000000000e+04
4.060000000000000000e+04
0.000000000000000000e+00
1.287360000000000000e+05
6.908500000000000000e+04
7.270500000000000000e+04
1.329340000000000000e+05
1.511090000000000000e+05
9.186700000000000000e+04
0.000000000000000000e+00
2.402940000000000000e+05
2.421770000000000000e+05
1.647950000000000000e+05
1.683950000000000000e+05
2.095140000000000000e+05
1.683420000000000000e+05
0.000000000000000000e+00
3.640160000000000000e+05
2.679690000000000000e+05
1.840250000000000000e+05
1.363540000000000000e+05
1.889680000000000000e+05
1.715450000000000000e+05
0.000000000000000000e+00
4.147500000000000000e+05
2.997460000000000000e+05
2.286430000000000000e+05
1.284540000000000000e+05
2.069970000000000000e+05
2.176190000000000000e+05
0.000000000000000000e+00
1.754050000000000000e+05
1.614020000000000000e+05
2.459400000000000000e+05
2.449860000000000000e+05
3.084590000000000000e+05
3.106100000000000000e+05
0.000000000000000000e+00
8.550560000000000000e+05
1.054475000000000000e+06
1.468385000000000000e+06
1.807562000000000000e+06
2.110342000000000000e+06
2.120578000000000000e+06
3.831800000000000000e+04
3.064236000000000000e+06
2.385344000000000000e+06
2.130377000000000000e+06
1.903084000000000000e+06
1.857637000000000000e+06
1.553666000000000000e+06
9.191700000000000000e+04
1.374799000000000000e+06
4.222270000000000000e+05
6.833100000000000000e+04
0.000000000000000000e+00
0.000000000000000000e+00
0.000000000000000000e+00
0.000000000000000000e+00
1.176180000000000000e+05
1.193710000000000000e+05
1.481500000000000000e+05
2.025210000000000000e+05
2.140470000000000000e+05
2.292450000000000000e+05
0.000000000000000000e+00
4.405530000000000000e+05
1.741490000000000000e+05
2.662060000000000000e+05
2.608060000000000000e+05
1.793990000000000000e+05
1.788710000000000000e+05
0.000000000000000000e+00
3.326480000000000000e+05
1.987490000000000000e+05
2.122790000000000000e+05
1.730060000000000000e+05
2.086320000000000000e+05
1.464050000000000000e+05
0.000000000000000000e+00
2.343510000000000000e+05
2.285740000000000000e+05
2.434070000000000000e+05
2.312090000000000000e+05
1.302020000000000000e+05
1.455180000000000000e+05
0.000000000000000000e+00
2.888910000000000000e+05
2.506290000000000000e+05
1.827250000000000000e+05
2.234060000000000000e+05
2.923790000000000000e+05
1.735530000000000000e+05
0.000000000000000000e+00
3.892230000000000000e+05
2.594310000000000000e+05
3.072770000000000000e+05
2.860140000000000000e+05
3.312490000000000000e+05
1.823350000000000000e+05
0.000000000000000000e+00
3.839810000000000000e+05
3.757590000000000000e+05
2.603270000000000000e+05
2.321940000000000000e+05
2.674370000000000000e+05
2.139610000000000000e+05
0.000000000000000000e+00
3.973620000000000000e+05
2.957960000000000000e+05
3.019660000000000000e+05
3.021020000000000000e+05
3.427810000000000000e+05
1.472420000000000000e+05
0.000000000000000000e+00
3.136450000000000000e+05
2.307000000000000000e+05
2.287240000000000000e+05
2.128500000000000000e+05
2.878620000000000000e+05
1.077640000000000000e+05
0.000000000000000000e+00
3.239700000000000000e+05
1.548140000000000000e+05
1.271270000000000000e+05
1.783400000000000000e+05
1.644860000000000000e+05
9.362100000000000000e+04
0.000000000000000000e+00
2.397050000000000000e+05
9.746200000000000000e+04
1.176400000000000000e+05
1.214730000000000000e+05
2.052770000000000000e+05
5.893300000000000000e+04
0.000000000000000000e+00
2.943320000000000000e+05
1.401050000000000000e+05
1.987320000000000000e+05
1.852350000000000000e+05
1.177650000000000000e+05
6.507700000000000000e+04
0.000000000000000000e+00
2.375470000000000000e+05
1.184750000000000000e+05
8.349000000000000000e+04
5.105800000000000000e+04
