0.000000000000000000e+00
1.887900000000000000e+04
5.332100000000000000e+04
5.206500000000000000e+04
4.091700000000000000e+04
5.301600000000000000e+04
2.932900000000000000e+04
0.000000000000000000e+00
3.421600000000000000e+04
2.731700000000000000e+04
2.708600000000000000e+04
6.454300000000000000e+04
4.722100000000000000e+04
3.183600000000000000e+04
0.000000000000000000e+00
2.369800000000000000e+04
2.676300000000000000e+04
5.842300000000000000e+04
4.178000000000000000e+04
6.234600000000000000e+04
3.182000000000000000e+04
0.000000000000000000e+00
6.339100000000000000e+04
3.865800000000000000e+04
0.000000000000000000e+00
0.000000000000000000e+00
0.000000000000000000e+00
0.000000000000000000e+00
0.000000000000000000e+00
0.000000000000000000e+00
0.000000000000000000e+00
2.423200000000000000e+04
2.963300000000000000e+04
6.565300000000000000e+04
3.009200000000000000e+04
0.000000000000000000e+00
6.935600000000000000e+04
5.726600000000000000e+04
5.695500000000000000e+04
7.711500000000000000e+04
6.366700000000000000e+04
3.556800000000000000e+04
0.000000000000000000e+00
6.224600000000000000e+04
5.728300000000000000e+04
6.091900000000000000e+04
7.010600000000000000e+04
1.100950000000000000e+05
6.250000000000000000e+04
0.000000000000000000e+00
9.157500000000000000e+04
8.393900000000000000e+04
1.022520000000000000e+05
8.405500000000000000e+04
1.114460000000000000e+05
4.493900000000000000e+04
0.000000000000000000e+00
7.719200000000000000e+04
2.604570000000000000e+05
1.624480000000000000e+05
1.293100000000000000e+05
2.062450000000000000e+05
9.213100000000000000e+04
0.000000000000000000e+00
2.548170000000000000e+05
1.451200000000000000e+05
1.326590000000000000e+05
1.589250000000000000e+05
2.058240000000000000e+05
1.184170000000000000e+05
0.000000000000000000e+00
2.231370000000000000e+05
1.816370000000000000e+05
2.666820000000000000e+05
2.787950000000000000e+05
3.249530000000000000e+05
9.171200000000000000e+04
0.000000000000000000e+00
3.624910000000000000e+05
2.159030000000000000e+05
2.022740000000000000e+05
2.421520000000000000e+05
3.204730000000000000e+05
1.091360000000000000e+05
0.000000000000000000e+00
2.772790000000000000e+05
2.083610000000000000e+05
1.710390000000000000e+05
1.632570000000000000e+05
4.030270000000000000e+05
1.663980000000000000e+05
0.000000000000000000e+00
3.005650000000000000e+05
2.144570000000000000e+05
2.444550000000000000e+05
2.080500000000000000e+05
1.806420000000000000e+05
1.348410000000000000e+05
0.000000000000000000e+00
2.963000000000000000e+05
2.761750000000000000e+05
2.242450000000000000e+05
2.250660000000000000e+05
2.041030000000000000e+05
1.671260000000000000e+05
0.000000000000000000e+00
3.168440000000000000e+05
2.399220000000000000e+05
2.146540000000000000e+05
1.762580000000000000e+05
2.381990000000000000e+05
1.219960000000000000e+05
0.000000000000000000e+00
2.704930000000000000e+05
2.571870000000000000e+05
1.986700000000000000e+05
1.780570000000000000e+05
1.478280000000000000e+05
1.736200000000000000e+05
0.000000000000000000e+00
1.553630000000000000e+05
3.243030000000000000e+05
1.547720000000000000e+05
2.115980000000000000e+05
1.418910000000000000e+05
8.763100000000000000e+04
0.000000000000000000e+00
2.408420000000000000e+05
1.600000000000000000e+05
2.333260000000000000e+05
1.656880000000000000e+05
1.264460000000000000e+05
8.993400000000000000e+04
0.000000000000000000e+00
2.393300000000000000e+05
1.592620000000000000e+05
1.466820000000000000e+05
1.017570000000000000e+05
9.391900000000000000e+04
1.143850000000000000e+05
0.000000000000000000e+00
1.158110000000000000e+05
1.326500000000000000e+05
1.143920000000000000e+05
7.609900000000000000e+04
9.701000000000000000e+04
7.336500000000000000e+04
0.000000000000000000e+00
7.427600000000000000e+04
6.339600000000000000e+04
2.376350000000000000e+05
8.063000000000000000e+04
7.740100000000000000e+04
4.500400000000000000e+04
0.000000000000000000e+00
8.221500000000000000e+04
6.933500000000000000e+04
8.339900000000000000e+04
6.207000000000000000e+04
7.822900000000000000e+04
5.689200000000000000e+04
0.000000000000000000e+00
9.002200000000000000e+04
7.528800000000000000e+04
9.692900000000000000e+04
8.517300000000000000e+04
7.279300000000000000e+04
9.465900000000000000e+04
0.000000000000000000e+00
1.255470000000000000e+05
9.852700000000000000e+04
1.006490000000000000e+05
1.394260000000000000e+05
1.329920000000000000e+05
1.298780000000000000e+05
0.000000000000000000e+00
1.513850000000000000e+05
1.320710000000000000e+05
1.349840000000000000e+05
1.292870000000000000e+05
1.739750000000000000e+05
1.399930000000000000e+05
0.000000000000000000e+00
1.744690000000000000e+05
1.392190000000000000e+05
1.364860000000000000e+05
1.613530000000000000e+05
1.903540000000000000e+05
1.800320000000000000e+05
0.000000000000000000e+00
2.249110000000000000e+05
2.111960000000000000e+05
2.180180000000000000e+05
1.848670000000000000e+05
2.088810000000000000e+05
2.192520000000000000e+05
0.000000000000000000e+00
2.346540000000000000e+05
2.284830000000000000e+05
2.283590000000000000e+05
2.462290000000000000e+05
2.626990000000000000e+05
2.953840000000000000e+05
0.000000000000000000e+00
3.000790000000000000e+05
2.642300000000000000e+05
2.193450000000000000e+05
3.046840000000000000e+05
3.340410000000000000e+05
3.574650000000000000e+05
0.000000000000000000e+00
4.810370000000000000e+05
3.438920000000000000e+05
3.690740000000000000e+05
5.145270000000000000e+05
6.150220000000000000e+05
2.989770000000000000e+05
0.000000000000000000e+00
8.247890000000000000e+05
6.338400000000000000e+05
5.947730000000000000e+05
4.543410000000000000e+05
5.621370000000000000e+05
7.043560000000000000e+05
0.000000000000000000e+00
1.096807000000000000e+06
5.723510000000000000e+05
7.181250000000000000e+05
8.728170000000000000e+05
1.034060000000000000e+06
1.165030000000000000e+06
0.000000000000000000e+00
1.202319000000000000e+06
9.343490000000000000e+05
1.037450000000000000e+06
1.030428000000000000e+06
1.033033000000000000e+06
1.093191000000000000e+06
0.000000000000000000e+00
1.400637000000000000e+06
1.226313000000000000e+06
1.142622000000000000e+06
1.238976000000000000e+06
1.243550000000000000e+06
1.372258000000000000e+06
0.000000000000000000e+00
1.749471000000000000e+06
1.482836000000000000e+06
1.301139000000000000e+06
9.768120000000000000e+05
1.222840000000000000e+06
1.477579000000000000e+06
0.000000000000000000e+00
1.502024000000000000e+06
9.221620000000000000e+05
1.195808000000000000e+06
1.362903000000000000e+06
1.389773000000000000e+06
1.423117000000000000e+06
0.000000000000000000e+00
1.397668000000000000e+06
1.240255000000000000e+06
1.246758000000000000e+06
1.228016000000000000e+06
1.157611000000000000e+06
1.188763000000000000e+06
5.859000000000000000e+03
1.293848000000000000e+06
1.188127000000000000e+06
1.197431000000000000e+06
8.882170000000000000e+05
1.178925000000000000e+06
1.473484000000000000e+06
1.863060000000000000e+05
1.599665000000000000e+06
6.575640000000000000e+05
0.000000000000000000e+00
0.000000000000000000e+00
0.000000000000000000e+00
3.123640000000000000e+05
0.000000000000000000e+00
8.119770000000000000e+05
7.574040000000000000e+05
6.559430000000000000e+05
5.337900000000000000e+05
4.479510000000000000e+05
4.779770000000000000e+05
0.000000000000000000e+00
5.680020000000000000e+05
5.173630000000000000e+05
4.855420000000000000e+05
4.358470000000000000e+05
4.154790000000000000e+05
3.800680000000000000e+05
0.000000000000000000e+00
3.756000000000000000e+05
3.157470000000000000e+05
2.726560000000000000e+05
2.706400000000000000e+05
2.447350000000000000e+05
2.159250000000000000e+05
0.000000000000000000e+00
1.992460000000000000e+05
2.371580000000000000e+05
1.723920000000000000e+05
1.678100000000000000e+05
1.361670000000000000e+05
1.180470000000000000e+05
0.000000000000000000e+00
1.347750000000000000e+05
1.182110000000000000e+05
9.643900000000000000e+04
1.167910000000000000e+05
1.241570000000000000e+05
8.250900000000000000e+04
0.000000000000000000e+00
1.091320000000000000e+05
8.374700000000000000e+04
1.001320000000000000e+05
7.280800000000000000e+04
7.719800000000000000e+04
5.127400000000000000e+04
0.000000000000000000e+00
9.211000000000000000e+04
8.289800000000000000e+04
8.003600000000000000e+04
5.169700000000000000e+04
7.603400000000000000e+04
3.185400000000000000e+04
0.000000000000000000e+00
9.574000000000000000e+04
5.313500000000000000e+04
5.078500000000000000e+04
1.283770000000000000e+05
5.394600000000000000e+04
4.691400000000000000e+04
0.000000000000000000e+00
8.069900000000000000e+04
6.233500000000000000e+04
8.495100000000000000e+04
4.527800000000000000e+04
6.578800000000000000e+04
3.160600000000000000e+04
0.000000000000000000e+00
6.072800000000000000e+04
5.097900000000000000e+04
6.925200000000000000e+04
6.428700000000000000e+04
7.683600000000000000e+04
3.154000000000000000e+04
0.000000000000000000e+00
8.561500000000000000e+04
6.582800000000000000e+04
6.994900000000000000e+04
8.662000000000000000e+04
9.863000000000000000e+04
3.062200000000000000e+04
0.000000000000000000e+00
6.520000000000000000e+04
6.508800000000000000e+04
6.690500000000000000e+04
5.413700000000000000e+04
8.039600000000000000e+04
4.419700000000000000e+04
0.000000000000000000e+00
0.000000000000000000e+00
1.283600000000000000e+04
8.703900000000000000e+04
8.408300000000000000e+04
6.615700000000000000e+04
3.415400000000000000e+04
0.000000000000000000e+00
4.748700000000000000e+04
4.964800000000000000e+04
5.427000000000000000e+04
4.261400000000000000e+04
3.397100000000000000e+04
2.019300000000000000e+04
0.000000000000000000e+00
5.211600000000000000e+04
4.853500000000000000e+04
6.238300000000000000e+04
4.592000000000000000e+04
5.842400000000000000e+04
3.046100000000000000e+04
0.000000000000000000e+00
7.143700000000000000e+04
5.997300000000000000e+04
3.862900000000000000e+04
7.136300000000000000e+04
3.579300000000000000e+04
1.046900000000000000e+04
0.000000000000000000e+00
5.852100000000000000e+04
5.198500000000000000e+04
9.274700000000000000e+04
5.591300000000000000e+04
7.853900000000000000e+04
2.501200000000000000e+04
1.771000000000000000e+03
7.337600000000000000e+04
4.059800000000000000e+04
5.841900000000000000e+04
3.388700000000000000e+04
5.687900000000000000e+04
4.178900000000000000e+04
5.880000000000000000e+02
8.193300000000000000e+04
7.256600000000000000e+04
8.538200000000000000e+04
7.558000000000000000e+03
0.000000000000000000e+00
0.000000000000000000e+00
0.000000000000000000e+00
2.646400000000000000e+04
1.079730000000000000e+05
7.544200000000000000e+04
6.737700000000000000e+04
6.456300000000000000e+04
3.999600000000000000e+04
0.000000000000000000e+00
8.374100000000000000e+04
6.110000000000000000e+04
1.315320000000000000e+05
6.477200000000000000e+04
8.251900000000000000e+04
6.035200000000000000e+04
0.000000000000000000e+00
1.108710000000000000e+05
1.037160000000000000e+05
8.998100000000000000e+04
9.086100000000000000e+04
9.187000000000000000e+04
5.814400000000000000e+04
0.000000000000000000e+00
1.848810000000000000e+05
2.447130000000000000e+05
1.023590000000000000e+05
1.412600000000000000e+05
1.407290000000000000e+05
8.636600000000000000e+04
0.000000000000000000e+00
1.969770000000000000e+05
1.675360000000000000e+05
8.173800000000000000e+04
1.096140000000000000e+05
1.764320000000000000e+05
8.710400000000000000e+04
0.000000000000000000e+00
1.745400000000000000e+05
1.620950000000000000e+05
1.231850000000000000e+05
1.929530000000000000e+05
1.521960000000000000e+05
1.554800000000000000e+05
0.000000000000000000e+00
2.416020000000000000e+05
2.118640000000000000e+05
1.711380000000000000e+05
1.518200000000000000e+05
1.383500000000000000e+05
1.143570000000000000e+05
0.000000000000000000e+00
2.745310000000000000e+05
2.573990000000000000e+05
2.413610000000000000e+05
2.187400000000000000e+05
2.294300000000000000e+05
9.779600000000000000e+04
0.000000000000000000e+00
2.468990000000000000e+05
3.628660000000000000e+05
1.985890000000000000e+05
1.704040000000000000e+05
3.051650000000000000e+05
1.100810000000000000e+05
0.000000000000000000e+00
1.879340000000000000e+05
2.004870000000000000e+05
1.628950000000000000e+05
1.908360000000000000e+05
1.786150000000000000e+05
7.606200000000000000e+04
0.000000000000000000e+00
3.747190000000000000e+05
1.490350000000000000e+05
2.099840000000000000e+05
1.834500000000000000e+05
1.887990000000000000e+05
1.261630000000000000e+05
0.000000000000000000e+00
1.284360000000000000e+05
2.018890000000000000e+05
1.821730000000000000e+05
2.165280000000000000e+05
2.023520000000000000e+05
9.040000000000000000e+04
0.000000000000000000e+00
1.412820000000000000e+05
1.685350000000000000e+05
1.801710000000000000e+05
1.246470000000000000e+05
9.023400000000000000e+04
5.993700000000000000e+04
0.000000000000000000e+00
1.824280000000000000e+05
9.265100000000000000e+04
1.618510000000000000e+05
8.695200000000000000e+04
1.397930000000000000e+05
6.970900000000000000e+04
0.000000000000000000e+00
1.490380000000000000e+05
1.161520000000000000e+05
9.487600000000000000e+04
2.647490000000000000e+05
1.324560000000000000e+05
5.100400000000000000e+04
0.000000000000000000e+00
1.286750000000000000e+05
7.199100000000000000e+04
9.923300000000000000e+04
1.110800000000000000e+05
9.153900000000000000e+04
5.057400000000000000e+04
0.000000000000000000e+00
1.726860000000000000e+05
1.050810000000000000e+05
6.851100000000000000e+04
1.104520000000000000e+05
1.289900000000000000e+05
8.139400000000000000e+04
0.000000000000000000e+00
1.309700000000000000e+05
1.211170000000000000e+05
9.721900000000000000e+04
1.237840000000000000e+05
9.622100000000000000e+04
9.294400000000000000e+04
0.000000000000000000e+00
1.279540000000000000e+05
1.060340000000000000e+05
8.201600000000000000e+04
7.486800000000000000e+04
9.309000000000000000e+04
1.168340000000000000e+05
0.000000000000000000e+00
9.285100000000000000e+04
8.521400000000000000e+04
1.231480000000000000e+05
1.342220000000000000e+05
1.390660000000000000e+05
1.486690000000000000e+05
0.000000000000000000e+00
1.742220000000000000e+05
1.448760000000000000e+05
2.044560000000000000e+05
1.796580000000000000e+05
1.950940000000000000e+05
1.903140000000000000e+05
0.000000000000000000e+00
2.680970000000000000e+05
2.315060000000000000e+05
2.130490000000000000e+05
2.158310000000000000e+05
2.230290000000000000e+05
2.623300000000000000e+05
0.000000000000000000e+00
3.140930000000000000e+05
2.820780000000000000e+05
2.894800000000000000e+05
3.126220000000000000e+05
3.469420000000000000e+05
3.703980000000000000e+05
0.000000000000000000e+00
4.591470000000000000e+05
4.495770000000000000e+05
4.663740000000000000e+05
5.054130000000000000e+05
6.296360000000000000e+05
2.663230000000000000e+05
0.000000000000000000e+00
8.182300000000000000e+05
7.022930000000000000e+05
6.783980000000000000e+05
6.642230000000000000e+05
6.924360000000000000e+05
6.640280000000000000e+05
0.000000000000000000e+00
9.149430000000000000e+05
8.028750000000000000e+05
8.079740000000000000e+05
8.400270000000000000e+05
7.623140000000000000e+05
0.000000000000000000e+00
0.000000000000000000e+00
1.125936000000000000e+06
1.041563000000000000e+06
1.141419000000000000e+06
9.160990000000000000e+05
4.042970000000000000e+05
5.232000000000000000e+05
0.000000000000000000e+00
9.898780000000000000e+05
5.656400000000000000e+05
9.077780000000000000e+05
1.205452000000000000e+06
1.116034000000000000e+06
9.599150000000000000e+05
0.000000000000000000e+00
1.483082000000000000e+06
1.116985000000000000e+06
1.051250000000000000e+06
1.330043000000000000e+06
1.292109000000000000e+06
1.137219000000000000e+06
0.000000000000000000e+00
1.425040000000000000e+06
1.359094000000000000e+06
1.382689000000000000e+06
1.345622000000000000e+06
1.344730000000000000e+06
1.112173000000000000e+06
6.944000000000000000e+03
1.571468000000000000e+06
1.430406000000000000e+06
1.537721000000000000e+06
1.479901000000000000e+06
1.413173000000000000e+06
1.188659000000000000e+06
1.223020000000000000e+05
0.000000000000000000e+00
0.000000000000000000e+00
0.000000000000000000e+00
6.463310000000000000e+05
9.220770000000000000e+05
9.689500000000000000e+05
0.000000000000000000e+00
1.035986000000000000e+06
7.180960000000000000e+05
7.124380000000000000e+05
7.098420000000000000e+05
6.039800000000000000e+05
3.120450000000000000e+05
0.000000000000000000e+00
4.490670000000000000e+05
4.278290000000000000e+05
4.702130000000000000e+05
4.414660000000000000e+05
4.223620000000000000e+05
4.217620000000000000e+05
0.000000000000000000e+00
3.819940000000000000e+05
3.107950000000000000e+05
3.785710000000000000e+05
3.411060000000000000e+05
2.792840000000000000e+05
2.445510000000000000e+05
0.000000000000000000e+00
2.345500000000000000e+05
2.122780000000000000e+05
2.423850000000000000e+05
2.241090000000000000e+05
1.742630000000000000e+05
1.057930000000000000e+05
0.000000000000000000e+00
1.517720000000000000e+05
9.590800000000000000e+04
2.233850000000000000e+05
1.449220000000000000e+05
1.416460000000000000e+05
1.030570000000000000e+05
0.000000000000000000e+00
1.226090000000000000e+05
1.123030000000000000e+05
1.134070000000000000e+05
1.359190000000000000e+05
1.093030000000000000e+05
6.341700000000000000e+04
0.000000000000000000e+00
1.270150000000000000e+05
1.289830000000000000e+05
1.523300000000000000e+05
1.228250000000000000e+05
1.162470000000000000e+05
6.548800000000000000e+04
0.000000000000000000e+00
1.263530000000000000e+05
1.277740000000000000e+05
1.635480000000000000e+05
1.114290000000000000e+05
7.185500000000000000e+04
6.964000000000000000e+04
0.000000000000000000e+00
1.104810000000000000e+05
1.020150000000000000e+05
1.260410000000000000e+05
8.376100000000000000e+04
1.687270000000000000e+05
5.401900000000000000e+04
0.000000000000000000e+00
1.215170000000000000e+05
1.089310000000000000e+05
8.273700000000000000e+04
8.690900000000000000e+04
1.361890000000000000e+05
4.490700000000000000e+04
0.000000000000000000e+00
1.335070000000000000e+05
1.414950000000000000e+05
1.066180000000000000e+05
7.762200000000000000e+04
8.032500000000000000e+04
8.924900000000000000e+04
0.000000000000000000e+00
1.297490000000000000e+05
1.178240000000000000e+05
1.390200000000000000e+05
1.924720000000000000e+05
1.005760000000000000e+05
7.965900000000000000e+04
0.000000000000000000e+00
1.076970000000000000e+05
7.162700000000000000e+04
1.097980000000000000e+05
1.050260000000000000e+05
9.140500000000000000e+04
5.150300000000000000e+04
0.000000000000000000e+00
7.416500000000000000e+04
4.400000000000000000e+02
9.885000000000000000e+03
1.880610000000000000e+05
1.148030000000000000e+05
1.073380000000000000e+05
0.000000000000000000e+00
1.073060000000000000e+05
1.155160000000000000e+05
7.286200000000000000e+04
1.042620000000000000e+05
7.328900000000000000e+04
3.753400000000000000e+04
0.000000000000000000e+00
1.057380000000000000e+05
9.504100000000000000e+04
8.937600000000000000e+04
9.126900000000000000e+04
5.650600000000000000e+04
4.321500000000000000e+04
0.000000000000000000e+00
6.109300000000000000e+04
7.461100000000000000e+04
4.178200000000000000e+04
6.086000000000000000e+04
5.084100000000000000e+04
3.274900000000000000e+04
0.000000000000000000e+00
4.180700000000000000e+04
9.857100000000000000e+04
5.093800000000000000e+04
7.085700000000000000e+04
9.193800000000000000e+04
2.716400000000000000e+04
6.757000000000000000e+03
1.001100000000000000e+04
0.000000000000000000e+00
0.000000000000000000e+00
1.698000000000000000e+03
8.875300000000000000e+04
9.371900000000000000e+04
0.000000000000000000e+00
1.262350000000000000e+05
1.329080000000000000e+05
1.047970000000000000e+05
7.615600000000000000e+04
6.702800000000000000e+04
4.255800000000000000e+04
0.000000000000000000e+00
1.025440000000000000e+05
8.127300000000000000e+04
6.554300000000000000e+04
5.052400000000000000e+04
6.119200000000000000e+04
3.949800000000000000e+04
0.000000000000000000e+00
8.146600000000000000e+04
8.292700000000000000e+04
4.647100000000000000e+04
1.900000000000000000e+05
4.407100000000000000e+04
3.705600000000000000e+04
0.000000000000000000e+00
9.465000000000000000e+04
9.031400000000000000e+04
8.460500000000000000e+04
1.254210000000000000e+05
1.134960000000000000e+05
4.497600000000000000e+04
0.000000000000000000e+00
9.467200000000000000e+04
1.044680000000000000e+05
1.223150000000000000e+05
5.717400000000000000e+04
1.570860000000000000e+05
1.076720000000000000e+05
0.000000000000000000e+00
1.729240000000000000e+05
1.479070000000000000e+05
1.428640000000000000e+05
1.339640000000000000e+05
1.531580000000000000e+05
5.677100000000000000e+04
0.000000000000000000e+00
1.556370000000000000e+05
1.347260000000000000e+05
1.417670000000000000e+05
1.412070000000000000e+05
9.936800000000000000e+04
8.050700000000000000e+04
0.000000000000000000e+00
2.866430000000000000e+05
2.321380000000000000e+05
1.849210000000000000e+05
1.684430000000000000e+05
2.175710000000000000e+05
1.089370000000000000e+05
0.000000000000000000e+00
2.748070000000000000e+05
2.397230000000000000e+05
2.603040000000000000e+05
3.233540000000000000e+05
1.989270000000000000e+05
1.468930000000000000e+05
0.000000000000000000e+00
3.722070000000000000e+05
2.155170000000000000e+05
3.223560000000000000e+05
3.497580000000000000e+05
3.180980000000000000e+05
1.427830000000000000e+05
0.000000000000000000e+00
3.912680000000000000e+05
2.776980000000000000e+05
2.599870000000000000e+05
2.614060000000000000e+05
2.471470000000000000e+05
1.568040000000000000e+05
0.000000000000000000e+00
2.463340000000000000e+05
4.098210000000000000e+05
2.144280000000000000e+05
3.498230000000000000e+05
3.552200000000000000e+05
1.625210000000000000e+05
0.000000000000000000e+00
3.571960000000000000e+05
3.653380000000000000e+05
3.232970000000000000e+05
2.688090000000000000e+05
3.828060000000000000e+05
1.396430000000000000e+05
0.000000000000000000e+00
3.578170000000000000e+05
2.830580000000000000e+05
3.289670000000000000e+05
2.871010000000000000e+05
2.977590000000000000e+05
1.332520000000000000e+05
0.000000000000000000e+00
4.289850000000000000e+05
2.399340000000000000e+05
2.061290000000000000e+05
2.463960000000000000e+05
2.468010000000000000e+05
1.624110000000000000e+05
0.000000000000000000e+00
2.838480000000000000e+05
1.829530000000000000e+05
2.136960000000000000e+05
1.715750000000000000e+05
3.489510000000000000e+05
9.040500000000000000e+04
0.000000000000000000e+00
2.004230000000000000e+05
2.025680000000000000e+05
2.370720000000000000e+05
1.165510000000000000e+05
1.925410000000000000e+05
8.045100000000000000e+04
0.000000000000000000e+00
1.520930000000000000e+05
1.824860000000000000e+05
1.709560000000000000e+05
1.679040000000000000e+05
1.294250000000000000e+05
7.432100000000000000e+04
0.000000000000000000e+00
1.643950000000000000e+05
1.483920000000000000e+05
1.446220000000000000e+05
1.370390000000000000e+05
9.818700000000000000e+04
7.299000000000000000e+04
0.000000000000000000e+00
1.316500000000000000e+05
1.381920000000000000e+05
1.077970000000000000e+05
1.415100000000000000e+05
1.211160000000000000e+05
1.053210000000000000e+05
0.000000000000000000e+00
1.590330000000000000e+05
1.175650000000000000e+05
1.185690000000000000e+05
1.039690000000000000e+05
1.057340000000000000e+05
1.190910000000000000e+05
0.000000000000000000e+00
1.444370000000000000e+05
1.738710000000000000e+05
1.548930000000000000e+05
1.503540000000000000e+05
1.415030000000000000e+05
1.606290000000000000e+05
0.000000000000000000e+00
1.870960000000000000e+05
1.720140000000000000e+05
1.762170000000000000e+05
1.737840000000000000e+05
1.641930000000000000e+05
1.753300000000000000e+05
0.000000000000000000e+00
2.093450000000000000e+05
2.575780000000000000e+05
2.906700000000000000e+05
2.883870000000000000e+05
2.347560000000000000e+05
2.662090000000000000e+05
0.000000000000000000e+00
3.055990000000000000e+05
3.380230000000000000e+05
4.028890000000000000e+05
4.015770000000000000e+05
4.638680000000000000e+05
1.813830000000000000e+05
0.000000000000000000e+00
6.568430000000000000e+05
5.990090000000000000e+05
5.236100000000000000e+05
3.862560000000000000e+05
5.396840000000000000e+05
5.989060000000000000e+05
0.000000000000000000e+00
7.783770000000000000e+05
6.297980000000000000e+05
7.315180000000000000e+05
7.488420000000000000e+05
5.991330000000000000e+05
7.463840000000000000e+05
0.000000000000000000e+00
1.059380000000000000e+06
1.011085000000000000e+06
1.016968000000000000e+06
8.851660000000000000e+05
6.927190000000000000e+05
1.076478000000000000e+06
0.000000000000000000e+00
1.396734000000000000e+06
1.333602000000000000e+06
1.003345000000000000e+06
1.016375000000000000e+06
1.282696000000000000e+06
1.422135000000000000e+06
1.412400000000000000e+04
1.860012000000000000e+06
1.506970000000000000e+06
1.297106000000000000e+06
1.212183000000000000e+06
1.378272000000000000e+06
1.311237000000000000e+06
7.904600000000000000e+04
1.788222000000000000e+06
1.736620000000000000e+06
1.671293000000000000e+06
8.732770000000000000e+05
0.000000000000000000e+00
0.000000000000000000e+00
0.000000000000000000e+00
9.025890000000000000e+05
1.236384000000000000e+06
1.200041000000000000e+06
1.088782000000000000e+06
1.083218000000000000e+06
1.063177000000000000e+06
0.000000000000000000e+00
5.629670000000000000e+05
7.261750000000000000e+05
9.915830000000000000e+05
1.160527000000000000e+06
1.070180000000000000e+06
9.322050000000000000e+05
0.000000000000000000e+00
1.027009000000000000e+06
9.244130000000000000e+05
7.925480000000000000e+05
4.398640000000000000e+05
4.546230000000000000e+05
7.521990000000000000e+05
0.000000000000000000e+00
9.730440000000000000e+05
6.754760000000000000e+05
7.109090000000000000e+05
7.912100000000000000e+05
7.594910000000000000e+05
7.201410000000000000e+05
0.000000000000000000e+00
7.593550000000000000e+05
6.080860000000000000e+05
5.255810000000000000e+05
6.204600000000000000e+05
5.458030000000000000e+05
4.544720000000000000e+05
0.000000000000000000e+00
5.126220000000000000e+05
4.274950000000000000e+05
3.859390000000000000e+05
3.648400000000000000e+05
3.342770000000000000e+05
3.070650000000000000e+05
0.000000000000000000e+00
3.196160000000000000e+05
2.556900000000000000e+05
2.245000000000000000e+05
2.711760000000000000e+05
2.638400000000000000e+05
2.008180000000000000e+05
0.000000000000000000e+00
2.264970000000000000e+05
2.095260000000000000e+05
1.746530000000000000e+05
1.647580000000000000e+05
2.195150000000000000e+05
1.421750000000000000e+05
0.000000000000000000e+00
1.841060000000000000e+05
1.687820000000000000e+05
1.486500000000000000e+05
1.293390000000000000e+05
1.764090000000000000e+05
9.279300000000000000e+04
0.000000000000000000e+00
1.455770000000000000e+05
1.134360000000000000e+05
1.252130000000000000e+05
9.306800000000000000e+04
1.084220000000000000e+05
9.993200000000000000e+04
0.000000000000000000e+00
1.264120000000000000e+05
1.079200000000000000e+05
1.352200000000000000e+05
9.535400000000000000e+04
1.255870000000000000e+05
9.396300000000000000e+04
0.000000000000000000e+00
1.923740000000000000e+05
1.138090000000000000e+05
1.140640000000000000e+05
1.265260000000000000e+05
1.353300000000000000e+05
6.711500000000000000e+04
0.000000000000000000e+00
1.487660000000000000e+05
1.291540000000000000e+05
1.413760000000000000e+05
1.257290000000000000e+05
1.133230000000000000e+05
6.166600000000000000e+04
0.000000000000000000e+00
1.767830000000000000e+05
1.342840000000000000e+05
1.221200000000000000e+05
1.268800000000000000e+05
1.458770000000000000e+05
7.133500000000000000e+04
0.000000000000000000e+00
1.165730000000000000e+05
1.182220000000000000e+05
8.413200000000000000e+04
7.231800000000000000e+04
9.157900000000000000e+04
6.477400000000000000e+04
0.000000000000000000e+00
8.339700000000000000e+04
1.570160000000000000e+05
8.000000000000000000e+01
7.828000000000000000e+03
1.489670000000000000e+05
8.208000000000000000e+04
0.000000000000000000e+00
1.205450000000000000e+05
1.554410000000000000e+05
7.198600000000000000e+04
8.746600000000000000e+04
9.087000000000000000e+04
6.605600000000000000e+04
2.091000000000000000e+03
1.029010000000000000e+05
8.087400000000000000e+04
6.504100000000000000e+04
6.739400000000000000e+04
9.159200000000000000e+04
5.659800000000000000e+04
9.840000000000000000e+02
9.871900000000000000e+04
9.282400000000000000e+04
8.889800000000000000e+04
7.292800000000000000e+04
1.688700000000000000e+04
0.000000000000000000e+00
0.000000000000000000e+00
9.600000000000000000e+01
3.216600000000000000e+04
7.121000000000000000e+04
5.503900000000000000e+04
1.144630000000000000e+05
5.779900000000000000e+04
0.000000000000000000e+00
5.515900000000000000e+04
5.618100000000000000e+04
5.480400000000000000e+04
5.493700000000000000e+04
4.157800000000000000e+04
1.774700000000000000e+04
0.000000000000000000e+00
4.137700000000000000e+04
6.311300000000000000e+04
9.328100000000000000e+04
5.080400000000000000e+04
3.481900000000000000e+04
3.128600000000000000e+04
0.000000000000000000e+00
5.258300000000000000e+04
4.844300000000000000e+04
3.404400000000000000e+04
7.401300000000000000e+04
5.921500000000000000e+04
2.655300000000000000e+04
0.000000000000000000e+00
5.747700000000000000e+04
5.067200000000000000e+04
9.885500000000000000e+04
5.634600000000000000e+04
4.110500000000000000e+04
6.612500000000000000e+04
0.000000000000000000e+00
9.042300000000000000e+04
7.665100000000000000e+04
1.172560000000000000e+05
9.284200000000000000e+04
6.494200000000000000e+04
5.337700000000000000e+04
0.000000000000000000e+00
1.173320000000000000e+05
9.198000000000000000e+04
1.064900000000000000e+05
1.375380000000000000e+05
1.108580000000000000e+05
7.204100000000000000e+04
0.000000000000000000e+00
2.391150000000000000e+05
1.620220000000000000e+05
1.527990000000000000e+05
1.868150000000000000e+05
1.444240000000000000e+05
1.115990000000000000e+05
0.000000000000000000e+00
1.989410000000000000e+05
1.413500000000000000e+05
1.866330000000000000e+05
1.607970000000000000e+05
1.941400000000000000e+05
7.268300000000000000e+04
0.000000000000000000e+00
1.401690000000000000e+05
2.453790000000000000e+05
1.759590000000000000e+05
1.913580000000000000e+05
1.543150000000000000e+05
9.602500000000000000e+04
0.000000000000000000e+00
2.033160000000000000e+05
2.972620000000000000e+05
1.778890000000000000e+05
1.770070000000000000e+05
2.064150000000000000e+05
9.011000000000000000e+04
0.000000000000000000e+00
1.887900000000000000e+05
1.889760000000000000e+05
1.844280000000000000e+05
2.311250000000000000e+05
1.211750000000000000e+05
9.825800000000000000e+04
0.000000000000000000e+00
3.127040000000000000e+05
2.155860000000000000e+05
1.611830000000000000e+05
2.107050000000000000e+05
1.756140000000000000e+05
9.855100000000000000e+04
0.000000000000000000e+00
2.552260000000000000e+05
2.262340000000000000e+05
2.305750000000000000e+05
2.071740000000000000e+05
1.192270000000000000e+05
1.016350000000000000e+05
0.000000000000000000e+00
2.541530000000000000e+05
1.843850000000000000e+05
2.032810000000000000e+05
1.666810000000000000e+05
1.924390000000000000e+05
1.067770000000000000e+05
0.000000000000000000e+00
2.016320000000000000e+05
2.542220000000000000e+05
1.509430000000000000e+05
1.728390000000000000e+05
1.993550000000000000e+05
1.111610000000000000e+05
0.000000000000000000e+00
1.573160000000000000e+05
1.662050000000000000e+05
1.250330000000000000e+05
1.169540000000000000e+05
1.973650000000000000e+05
1.376640000000000000e+05
0.000000000000000000e+00
2.126740000000000000e+05
1.786600000000000000e+05
1.482090000000000000e+05
1.345500000000000000e+05
1.176380000000000000e+05
1.016080000000000000e+05
0.000000000000000000e+00
2.127830000000000000e+05
1.459610000000000000e+05
1.451830000000000000e+05
1.471630000000000000e+05
1.137990000000000000e+05
1.071830000000000000e+05
0.000000000000000000e+00
1.561560000000000000e+05
1.186280000000000000e+05
6.948200000000000000e+04
1.156860000000000000e+05
8.113300000000000000e+04
5.593100000000000000e+04
0.000000000000000000e+00
9.798100000000000000e+04
1.155260000000000000e+05
9.110800000000000000e+04
7.160900000000000000e+04
7.067100000000000000e+04
4.980700000000000000e+04
0.000000000000000000e+00
7.105700000000000000e+04
8.779200000000000000e+04
1.018670000000000000e+05
5.936900000000000000e+04
7.634300000000000000e+04
8.841900000000000000e+04
0.000000000000000000e+00
8.835000000000000000e+04
5.337800000000000000e+04
7.111000000000000000e+04
5.712100000000000000e+04
6.922800000000000000e+04
6.549900000000000000e+04
0.000000000000000000e+00
9.397200000000000000e+04
9.570700000000000000e+04
8.896200000000000000e+04
6.085500000000000000e+04
9.568000000000000000e+04
7.408100000000000000e+04
0.000000000000000000e+00
1.090490000000000000e+05
7.674600000000000000e+04
1.179820000000000000e+05
1.531130000000000000e+05
1.780640000000000000e+05
1.647510000000000000e+05
0.000000000000000000e+00
2.419180000000000000e+05
2.041540000000000000e+05
1.472430000000000000e+05
1.911700000000000000e+05
1.823270000000000000e+05
2.331230000000000000e+05
0.000000000000000000e+00
3.298140000000000000e+05
2.654320000000000000e+05
2.273460000000000000e+05
2.433130000000000000e+05
3.041810000000000000e+05
1.200600000000000000e+05
0.000000000000000000e+00
4.918330000000000000e+05
4.272410000000000000e+05
4.246220000000000000e+05
4.272030000000000000e+05
3.481470000000000000e+05
3.700670000000000000e+05
0.000000000000000000e+00
4.739570000000000000e+05
5.052840000000000000e+05
2.951860000000000000e+05
5.281260000000000000e+05
5.747390000000000000e+05
6.511480000000000000e+05
0.000000000000000000e+00
7.497400000000000000e+05
7.484260000000000000e+05
7.211550000000000000e+05
7.183230000000000000e+05
7.406520000000000000e+05
8.252390000000000000e+05
0.000000000000000000e+00
1.021331000000000000e+06
9.603890000000000000e+05
9.481710000000000000e+05
6.300040000000000000e+05
5.504850000000000000e+05
9.024980000000000000e+05
0.000000000000000000e+00
1.223061000000000000e+06
1.103987000000000000e+06
1.002522000000000000e+06
5.962770000000000000e+05
5.652510000000000000e+05
1.251705000000000000e+06
0.000000000000000000e+00
8.111220000000000000e+05
5.935820000000000000e+05
1.079273000000000000e+06
1.196983000000000000e+06
1.210530000000000000e+06
1.369720000000000000e+06
0.000000000000000000e+00
1.401981000000000000e+06
1.308784000000000000e+06
1.241742000000000000e+06
1.076474000000000000e+06
1.082544000000000000e+06
1.152064000000000000e+06
4.876000000000000000e+03
1.545078000000000000e+06
1.365248000000000000e+06
1.347233000000000000e+06
1.407681000000000000e+06
1.418932000000000000e+06
1.472342000000000000e+06
5.118100000000000000e+04
1.771954000000000000e+06
1.361950000000000000e+06
6.786670000000000000e+05
0.000000000000000000e+00
0.000000000000000000e+00
1.460000000000000000e+03
0.000000000000000000e+00
9.523370000000000000e+05
8.690520000000000000e+05
8.425830000000000000e+05
7.855040000000000000e+05
7.585810000000000000e+05
6.937110000000000000e+05
0.000000000000000000e+00
7.645240000000000000e+05
3.754440000000000000e+05
4.902150000000000000e+05
4.754360000000000000e+05
2.847090000000000000e+05
4.558460000000000000e+05
0.000000000000000000e+00
5.131280000000000000e+05
3.931390000000000000e+05
3.477130000000000000e+05
3.415380000000000000e+05
3.292360000000000000e+05
3.048790000000000000e+05
0.000000000000000000e+00
3.397280000000000000e+05
3.253600000000000000e+05
2.666870000000000000e+05
2.494130000000000000e+05
1.931690000000000000e+05
2.533490000000000000e+05
0.000000000000000000e+00
2.924400000000000000e+05
2.261740000000000000e+05
1.839530000000000000e+05
1.846330000000000000e+05
1.807720000000000000e+05
1.478060000000000000e+05
0.000000000000000000e+00
1.980300000000000000e+05
1.925330000000000000e+05
1.864210000000000000e+05
1.647040000000000000e+05
1.566160000000000000e+05
1.455190000000000000e+05
0.000000000000000000e+00
1.945950000000000000e+05
1.632210000000000000e+05
1.360080000000000000e+05
1.199400000000000000e+05
1.191030000000000000e+05
1.144450000000000000e+05
0.000000000000000000e+00
1.443700000000000000e+05
1.492940000000000000e+05
1.316920000000000000e+05
1.187980000000000000e+05
1.297440000000000000e+05
1.252690000000000000e+05
0.000000000000000000e+00
1.199980000000000000e+05
1.118840000000000000e+05
1.188150000000000000e+05
1.278270000000000000e+05
1.269840000000000000e+05
9.457500000000000000e+04
0.000000000000000000e+00
1.406300000000000000e+05
1.206600000000000000e+05
9.155800000000000000e+04
1.165150000000000000e+05
1.186040000000000000e+05
9.795600000000000000e+04
0.000000000000000000e+00
1.032500000000000000e+05
1.032970000000000000e+05
8.765300000000000000e+04
8.377000000000000000e+04
9.518500000000000000e+04
8.098200000000000000e+04
0.000000000000000000e+00
1.114200000000000000e+05
1.018500000000000000e+05
1.057840000000000000e+05
1.031420000000000000e+05
9.714200000000000000e+04
7.232500000000000000e+04
0.000000000000000000e+00
1.136880000000000000e+05
9.830500000000000000e+04
1.075920000000000000e+05
1.051200000000000000e+05
