0.000000000000000000e+00
0.000000000000000000e+00
0.000000000000000000e+00
0.000000000000000000e+00
0.000000000000000000e+00
9.600000000000000000e+01
2.000000000000000000e+00
0.000000000000000000e+00
0.000000000000000000e+00
7.000000000000000000e+00
0.000000000000000000e+00
1.000000000000000000e+02
1.000000000000000000e+02
0.000000000000000000e+00
0.000000000000000000e+00
1.400000000000000000e+02
1.395000000000000000e+03
1.395000000000000000e+03
4.500000000000000000e+02
8.600000000000000000e+01
0.000000000000000000e+00
0.000000000000000000e+00
0.000000000000000000e+00
0.000000000000000000e+00
0.000000000000000000e+00
0.000000000000000000e+00
0.000000000000000000e+00
0.000000000000000000e+00
0.000000000000000000e+00
0.000000000000000000e+00
0.000000000000000000e+00
2.630000000000000000e+02
0.000000000000000000e+00
0.000000000000000000e+00
0.000000000000000000e+00
0.000000000000000000e+00
0.000000000000000000e+00
4.700000000000000000e+01
0.000000000000000000e+00
5.000000000000000000e+01
0.000000000000000000e+00
1.300000000000000000e+02
0.000000000000000000e+00
5.000000000000000000e+01
0.000000000000000000e+00
1.000000000000000000e+02
3.000000000000000000e+01
0.000000000000000000e+00
9.000000000000000000e+01
0.000000000000000000e+00
8.000000000000000000e+00
1.508000000000000000e+03
2.080000000000000000e+03
8.000000000000000000e+01
0.000000000000000000e+00
2.000000000000000000e+00
0.000000000000000000e+00
1.440000000000000000e+02
7.000000000000000000e+01
0.000000000000000000e+00
1.000000000000000000e+01
1.440000000000000000e+02
1.720000000000000000e+02
0.000000000000000000e+00
8.000000000000000000e+00
8.000000000000000000e+00
9.200000000000000000e+01
0.000000000000000000e+00
2.200000000000000000e+01
0.000000000000000000e+00
0.000000000000000000e+00
0.000000000000000000e+00
6.000000000000000000e+01
8.000000000000000000e+00
4.000000000000000000e+01
6.000000000000000000e+01
8.600000000000000000e+01
0.000000000000000000e+00
1.500000000000000000e+01
4.200000000000000000e+01
4.600000000000000000e+01
1.800000000000000000e+01
6.600000000000000000e+01
3.080000000000000000e+02
0.000000000000000000e+00
2.000000000000000000e+01
0.000000000000000000e+00
6.200000000000000000e+01
1.000000000000000000e+01
1.800000000000000000e+01
4.000000000000000000e+01
0.000000000000000000e+00
3.900000000000000000e+01
0.000000000000000000e+00
1.600000000000000000e+01
5.000000000000000000e+01
1.200000000000000000e+01
1.140000000000000000e+02
0.000000000000000000e+00
4.440000000000000000e+02
0.000000000000000000e+00
7.600000000000000000e+01
1.800000000000000000e+01
1.676000000000000000e+03
8.200000000000000000e+01
0.000000000000000000e+00
1.630000000000000000e+02
2.000000000000000000e+01
5.900000000000000000e+01
8.600000000000000000e+01
3.000000000000000000e+01
5.000000000000000000e+01
0.000000000000000000e+00
6.800000000000000000e+01
1.570000000000000000e+02
3.100000000000000000e+01
1.340000000000000000e+02
1.070000000000000000e+02
5.000000000000000000e+01
0.000000000000000000e+00
7.600000000000000000e+01
1.590000000000000000e+02
5.100000000000000000e+01
1.730000000000000000e+02
2.280000000000000000e+02
5.100000000000000000e+01
0.000000000000000000e+00
2.890000000000000000e+02
5.600000000000000000e+01
3.500000000000000000e+01
0.000000000000000000e+00
4.260000000000000000e+02
7.700000000000000000e+01
0.000000000000000000e+00
5.190000000000000000e+02
5.610000000000000000e+02
7.230000000000000000e+02
1.159000000000000000e+03
1.276000000000000000e+03
1.476000000000000000e+03
0.000000000000000000e+00
2.457000000000000000e+03
4.976000000000000000e+03
3.393000000000000000e+03
2.571000000000000000e+03
3.224000000000000000e+03
3.606000000000000000e+03
0.000000000000000000e+00
5.128000000000000000e+03
3.269000000000000000e+03
5.659000000000000000e+03
7.637000000000000000e+03
1.001700000000000000e+04
2.070600000000000000e+04
0.000000000000000000e+00
3.967400000000000000e+04
3.098300000000000000e+04
3.652400000000000000e+04
3.430900000000000000e+04
6.417700000000000000e+04
1.013150000000000000e+05
0.000000000000000000e+00
2.163690000000000000e+05
1.681020000000000000e+05
2.030770000000000000e+05
2.139070000000000000e+05
2.378460000000000000e+05
3.093530000000000000e+05
0.000000000000000000e+00
4.129890000000000000e+05
2.830450000000000000e+05
2.804810000000000000e+05
2.721660000000000000e+05
3.052330000000000000e+05
3.921720000000000000e+05
0.000000000000000000e+00
5.491170000000000000e+05
3.945910000000000000e+05
4.381230000000000000e+05
4.913170000000000000e+05
5.951040000000000000e+05
7.420040000000000000e+05
0.000000000000000000e+00
1.082217000000000000e+06
8.839010000000000000e+05
8.703850000000000000e+05
9.589900000000000000e+05
1.123881000000000000e+06
1.230887000000000000e+06
0.000000000000000000e+00
1.619504000000000000e+06
1.373225000000000000e+06
1.313760000000000000e+06
1.248686000000000000e+06
1.305201000000000000e+06
1.460176000000000000e+06
0.000000000000000000e+00
1.704288000000000000e+06
1.603686000000000000e+06
1.438089000000000000e+06
1.460741000000000000e+06
1.545296000000000000e+06
1.791154000000000000e+06
0.000000000000000000e+00
2.254322000000000000e+06
1.916090000000000000e+06
1.608268000000000000e+06
2.169056000000000000e+06
2.245635000000000000e+06
2.265532000000000000e+06
0.000000000000000000e+00
2.787676000000000000e+06
2.216624000000000000e+06
1.753148000000000000e+06
2.314468000000000000e+06
2.559670000000000000e+06
1.017526000000000000e+06
0.000000000000000000e+00
2.900201000000000000e+06
1.923600000000000000e+06
1.770815000000000000e+06
1.426971000000000000e+06
1.584247000000000000e+06
2.262966000000000000e+06
0.000000000000000000e+00
3.213749000000000000e+06
1.741498000000000000e+06
1.820692000000000000e+06
1.995535000000000000e+06
2.212895000000000000e+06
2.322056000000000000e+06
0.000000000000000000e+00
2.511830000000000000e+06
1.889322000000000000e+06
1.883892000000000000e+06
1.684694000000000000e+06
1.537470000000000000e+06
1.712326000000000000e+06
0.000000000000000000e+00
2.107912000000000000e+06
1.600668000000000000e+06
1.309380000000000000e+06
1.242282000000000000e+06
1.232468000000000000e+06
1.191650000000000000e+06
0.000000000000000000e+00
1.233377000000000000e+06
9.605010000000000000e+05
7.619140000000000000e+05
5.878340000000000000e+05
6.536550000000000000e+05
8.499820000000000000e+05
0.000000000000000000e+00
7.928050000000000000e+05
4.759450000000000000e+05
5.208630000000000000e+05
6.112240000000000000e+05
5.674430000000000000e+05
5.695420000000000000e+05
0.000000000000000000e+00
5.416080000000000000e+05
4.520520000000000000e+05
4.395840000000000000e+05
3.746750000000000000e+05
3.358250000000000000e+05
3.988140000000000000e+05
2.200000000000000000e+02
3.591160000000000000e+05
3.387950000000000000e+05
2.849190000000000000e+05
3.770930000000000000e+05
2.736680000000000000e+05
3.507740000000000000e+05
8.222000000000000000e+03
3.033910000000000000e+05
1.158450000000000000e+05
0.000000000000000000e+00
0.000000000000000000e+00
0.000000000000000000e+00
7.832600000000000000e+04
0.000000000000000000e+00
1.211840000000000000e+05
1.081660000000000000e+05
6.071900000000000000e+04
5.402400000000000000e+04
2.487700000000000000e+04
3.370000000000000000e+04
0.000000000000000000e+00
2.668000000000000000e+04
2.019900000000000000e+04
1.413300000000000000e+04
1.100300000000000000e+04
8.049000000000000000e+03
1.231000000000000000e+04
0.000000000000000000e+00
2.714000000000000000e+03
3.089000000000000000e+03
1.570000000000000000e+03
5.650000000000000000e+02
2.110000000000000000e+02
1.060000000000000000e+03
0.000000000000000000e+00
2.050000000000000000e+02
6.625000000000000000e+03
1.700000000000000000e+02
2.600000000000000000e+02
9.700000000000000000e+02
1.500000000000000000e+02
0.000000000000000000e+00
2.433000000000000000e+03
0.000000000000000000e+00
0.000000000000000000e+00
0.000000000000000000e+00
2.000000000000000000e+01
0.000000000000000000e+00
0.000000000000000000e+00
0.000000000000000000e+00
5.000000000000000000e+01
0.000000000000000000e+00
3.000000000000000000e+00
0.000000000000000000e+00
0.000000000000000000e+00
0.000000000000000000e+00
0.000000000000000000e+00
0.000000000000000000e+00
0.000000000000000000e+00
0.000000000000000000e+00
0.000000000000000000e+00
3.000000000000000000e+02
0.000000000000000000e+00
0.000000000000000000e+00
0.000000000000000000e+00
0.000000000000000000e+00
3.000000000000000000e+01
0.000000000000000000e+00
3.000000000000000000e+01
0.000000000000000000e+00
0.000000000000000000e+00
1.590000000000000000e+03
3.000000000000000000e+02
0.000000000000000000e+00
0.000000000000000000e+00
0.000000000000000000e+00
0.000000000000000000e+00
0.000000000000000000e+00
0.000000000000000000e+00
0.000000000000000000e+00
7.000000000000000000e+01
0.000000000000000000e+00
8.000000000000000000e+01
0.000000000000000000e+00
0.000000000000000000e+00
0.000000000000000000e+00
4.000000000000000000e+01
0.000000000000000000e+00
0.000000000000000000e+00
0.000000000000000000e+00
0.000000000000000000e+00
0.000000000000000000e+00
0.000000000000000000e+00
0.000000000000000000e+00
0.000000000000000000e+00
0.000000000000000000e+00
0.000000000000000000e+00
0.000000000000000000e+00
0.000000000000000000e+00
8.000000000000000000e+01
0.000000000000000000e+00
0.000000000000000000e+00
4.000000000000000000e+01
0.000000000000000000e+00
0.000000000000000000e+00
0.000000000000000000e+00
2.900000000000000000e+02
8.000000000000000000e+01
0.000000000000000000e+00
0.000000000000000000e+00
4.000000000000000000e+01
0.000000000000000000e+00
0.000000000000000000e+00
2.000000000000000000e+01
1.800000000000000000e+02
0.000000000000000000e+00
2.000000000000000000e+01
6.000000000000000000e+01
0.000000000000000000e+00
7.000000000000000000e+02
2.000000000000000000e+01
1.100000000000000000e+02
0.000000000000000000e+00
2.000000000000000000e+02
1.600000000000000000e+02
0.000000000000000000e+00
5.000000000000000000e+01
0.000000000000000000e+00
0.000000000000000000e+00
0.000000000000000000e+00
5.000000000000000000e+01
0.000000000000000000e+00
0.000000000000000000e+00
0.000000000000000000e+00
0.000000000000000000e+00
0.000000000000000000e+00
0.000000000000000000e+00
0.000000000000000000e+00
0.000000000000000000e+00
0.000000000000000000e+00
4.000000000000000000e+02
7.000000000000000000e+01
6.000000000000000000e+00
3.000000000000000000e+01
0.000000000000000000e+00
0.000000000000000000e+00
0.000000000000000000e+00
3.000000000000000000e+01
9.000000000000000000e+01
3.000000000000000000e+01
2.000000000000000000e+01
3.800000000000000000e+02
0.000000000000000000e+00
0.000000000000000000e+00
1.450000000000000000e+02
2.000000000000000000e+01
0.000000000000000000e+00
4.000000000000000000e+01
1.000000000000000000e+01
6.000000000000000000e+01
0.000000000000000000e+00
5.000000000000000000e+01
5.000000000000000000e+01
1.700000000000000000e+01
0.000000000000000000e+00
0.000000000000000000e+00
2.340000000000000000e+02
0.000000000000000000e+00
2.358000000000000000e+03
0.000000000000000000e+00
1.260000000000000000e+02
0.000000000000000000e+00
2.000000000000000000e+00
2.380000000000000000e+02
0.000000000000000000e+00
2.020000000000000000e+02
5.200000000000000000e+02
2.000000000000000000e+01
4.000000000000000000e+01
7.000000000000000000e+01
3.410000000000000000e+02
0.000000000000000000e+00
1.540000000000000000e+03
1.000000000000000000e+01
2.500000000000000000e+01
0.000000000000000000e+00
5.500000000000000000e+01
2.000000000000000000e+01
0.000000000000000000e+00
7.980000000000000000e+02
4.000000000000000000e+01
7.000000000000000000e+01
4.900000000000000000e+01
6.000000000000000000e+01
1.080000000000000000e+02
0.000000000000000000e+00
4.100000000000000000e+01
4.000000000000000000e+01
1.220000000000000000e+02
0.000000000000000000e+00
7.800000000000000000e+01
4.000000000000000000e+01
0.000000000000000000e+00
6.000000000000000000e+01
5.400000000000000000e+01
1.080000000000000000e+02
2.300000000000000000e+01
1.700000000000000000e+01
8.000000000000000000e+01
0.000000000000000000e+00
5.630000000000000000e+02
5.800000000000000000e+01
4.800000000000000000e+01
1.840000000000000000e+02
6.000000000000000000e+01
1.600000000000000000e+02
0.000000000000000000e+00
0.000000000000000000e+00
8.100000000000000000e+01
0.000000000000000000e+00
1.260000000000000000e+02
8.000000000000000000e+01
1.770000000000000000e+02
0.000000000000000000e+00
5.770000000000000000e+02
1.580000000000000000e+02
1.200000000000000000e+02
2.570000000000000000e+02
1.710000000000000000e+02
4.390000000000000000e+02
0.000000000000000000e+00
7.490000000000000000e+02
4.790000000000000000e+02
5.850000000000000000e+02
5.110000000000000000e+02
1.386000000000000000e+03
1.085000000000000000e+03
0.000000000000000000e+00
1.243000000000000000e+03
1.018000000000000000e+03
1.518000000000000000e+03
1.998000000000000000e+03
2.178000000000000000e+03
2.662000000000000000e+03
0.000000000000000000e+00
4.392000000000000000e+03
3.942000000000000000e+03
5.020000000000000000e+03
6.058000000000000000e+03
7.251000000000000000e+03
8.214000000000000000e+03
0.000000000000000000e+00
1.750100000000000000e+04
2.096500000000000000e+04
1.969400000000000000e+04
3.650300000000000000e+04
3.728600000000000000e+04
6.469900000000000000e+04
0.000000000000000000e+00
1.193530000000000000e+05
8.883300000000000000e+04
1.483940000000000000e+05
1.461370000000000000e+05
1.907150000000000000e+05
2.582850000000000000e+05
0.000000000000000000e+00
3.519230000000000000e+05
2.716110000000000000e+05
2.930240000000000000e+05
3.019150000000000000e+05
3.159880000000000000e+05
4.286410000000000000e+05
0.000000000000000000e+00
6.093220000000000000e+05
4.387010000000000000e+05
3.359430000000000000e+05
2.498040000000000000e+05
4.307390000000000000e+05
6.878180000000000000e+05
0.000000000000000000e+00
7.121800000000000000e+05
5.314380000000000000e+05
5.864130000000000000e+05
6.871360000000000000e+05
6.887450000000000000e+05
1.164727000000000000e+06
0.000000000000000000e+00
1.406938000000000000e+06
8.735850000000000000e+05
8.949960000000000000e+05
1.056059000000000000e+06
1.122546000000000000e+06
1.316550000000000000e+06
0.000000000000000000e+00
1.809820000000000000e+06
1.432451000000000000e+06
1.234980000000000000e+06
1.263846000000000000e+06
1.417183000000000000e+06
1.664667000000000000e+06
0.000000000000000000e+00
2.081467000000000000e+06
1.644020000000000000e+06
1.639498000000000000e+06
1.562607000000000000e+06
1.672674000000000000e+06
1.842386000000000000e+06
0.000000000000000000e+00
2.395817000000000000e+06
1.855263000000000000e+06
1.789099000000000000e+06
1.656770000000000000e+06
1.875871000000000000e+06
6.118110000000000000e+05
0.000000000000000000e+00
2.152177000000000000e+06
1.573824000000000000e+06
1.358381000000000000e+06
1.405806000000000000e+06
1.560245000000000000e+06
1.410104000000000000e+06
0.000000000000000000e+00
2.245455000000000000e+06
1.684027000000000000e+06
1.553259000000000000e+06
1.612594000000000000e+06
1.396307000000000000e+06
0.000000000000000000e+00
0.000000000000000000e+00
2.594976000000000000e+06
2.158798000000000000e+06
2.422833000000000000e+06
1.848610000000000000e+06
1.130954000000000000e+06
1.150760000000000000e+06
0.000000000000000000e+00
2.429894000000000000e+06
1.471512000000000000e+06
1.771163000000000000e+06
1.859182000000000000e+06
1.658183000000000000e+06
1.322515000000000000e+06
0.000000000000000000e+00
1.799434000000000000e+06
1.236720000000000000e+06
1.143947000000000000e+06
1.083367000000000000e+06
9.512380000000000000e+05
9.832980000000000000e+05
0.000000000000000000e+00
9.475340000000000000e+05
7.615220000000000000e+05
7.084640000000000000e+05
6.885530000000000000e+05
6.844040000000000000e+05
6.337700000000000000e+05
2.046000000000000000e+03
7.738940000000000000e+05
7.523470000000000000e+05
6.739800000000000000e+05
6.477360000000000000e+05
6.049760000000000000e+05
5.119800000000000000e+05
1.944800000000000000e+04
0.000000000000000000e+00
0.000000000000000000e+00
0.000000000000000000e+00
4.649650000000000000e+05
4.795080000000000000e+05
5.286500000000000000e+05
0.000000000000000000e+00
4.419640000000000000e+05
3.030740000000000000e+05
2.819890000000000000e+05
2.891840000000000000e+05
2.380400000000000000e+05
1.523210000000000000e+05
0.000000000000000000e+00
1.192000000000000000e+05
1.562380000000000000e+05
1.235930000000000000e+05
1.175500000000000000e+05
8.925100000000000000e+04
7.850800000000000000e+04
0.000000000000000000e+00
4.711400000000000000e+04
2.597700000000000000e+04
2.123100000000000000e+04
2.031700000000000000e+04
1.496200000000000000e+04
9.484000000000000000e+03
0.000000000000000000e+00
6.601000000000000000e+03
2.694000000000000000e+03
1.610000000000000000e+03
9.630000000000000000e+02
7.170000000000000000e+02
6.740000000000000000e+02
0.000000000000000000e+00
9.860000000000000000e+02
1.820000000000000000e+03
1.755000000000000000e+03
3.200000000000000000e+02
2.310000000000000000e+02
2.000000000000000000e+02
0.000000000000000000e+00
2.400000000000000000e+03
0.000000000000000000e+00
1.500000000000000000e+02
0.000000000000000000e+00
0.000000000000000000e+00
3.000000000000000000e+01
0.000000000000000000e+00
0.000000000000000000e+00
0.000000000000000000e+00
0.000000000000000000e+00
1.500000000000000000e+02
0.000000000000000000e+00
0.000000000000000000e+00
0.000000000000000000e+00
0.000000000000000000e+00
0.000000000000000000e+00
4.000000000000000000e+01
0.000000000000000000e+00
2.900000000000000000e+02
3.000000000000000000e+01
0.000000000000000000e+00
0.000000000000000000e+00
0.000000000000000000e+00
1.200000000000000000e+02
1.000000000000000000e+01
2.740000000000000000e+02
5.000000000000000000e+01
0.000000000000000000e+00
0.000000000000000000e+00
0.000000000000000000e+00
0.000000000000000000e+00
5.000000000000000000e+01
0.000000000000000000e+00
3.000000000000000000e+01
0.000000000000000000e+00
1.800000000000000000e+03
0.000000000000000000e+00
0.000000000000000000e+00
0.000000000000000000e+00
2.380000000000000000e+03
1.000000000000000000e+01
0.000000000000000000e+00
0.000000000000000000e+00
3.000000000000000000e+01
0.000000000000000000e+00
8.000000000000000000e+01
1.200000000000000000e+03
0.000000000000000000e+00
0.000000000000000000e+00
1.200000000000000000e+03
4.500000000000000000e+02
0.000000000000000000e+00
0.000000000000000000e+00
0.000000000000000000e+00
1.000000000000000000e+02
0.000000000000000000e+00
1.000000000000000000e+02
0.000000000000000000e+00
0.000000000000000000e+00
9.000000000000000000e+01
0.000000000000000000e+00
8.400000000000000000e+02
0.000000000000000000e+00
5.000000000000000000e+01
4.500000000000000000e+01
0.000000000000000000e+00
1.100000000000000000e+02
0.000000000000000000e+00
3.500000000000000000e+02
0.000000000000000000e+00
0.000000000000000000e+00
6.000000000000000000e+01
4.000000000000000000e+01
1.050000000000000000e+02
2.040000000000000000e+03
0.000000000000000000e+00
0.000000000000000000e+00
0.000000000000000000e+00
1.025000000000000000e+03
0.000000000000000000e+00
4.750000000000000000e+02
0.000000000000000000e+00
4.080000000000000000e+03
0.000000000000000000e+00
2.500000000000000000e+02
0.000000000000000000e+00
0.000000000000000000e+00
0.000000000000000000e+00
0.000000000000000000e+00
0.000000000000000000e+00
0.000000000000000000e+00
0.000000000000000000e+00
0.000000000000000000e+00
0.000000000000000000e+00
0.000000000000000000e+00
5.000000000000000000e+01
8.500000000000000000e+01
0.000000000000000000e+00
0.000000000000000000e+00
6.000000000000000000e+01
0.000000000000000000e+00
0.000000000000000000e+00
0.000000000000000000e+00
6.000000000000000000e+01
0.000000000000000000e+00
4.000000000000000000e+01
5.000000000000000000e+01
1.000000000000000000e+01
1.000000000000000000e+01
1.000000000000000000e+01
1.000000000000000000e+01
0.000000000000000000e+00
1.000000000000000000e+01
0.000000000000000000e+00
0.000000000000000000e+00
7.000000000000000000e+01
6.000000000000000000e+01
5.000000000000000000e+01
0.000000000000000000e+00
3.750000000000000000e+02
0.000000000000000000e+00
2.300000000000000000e+01
4.000000000000000000e+01
1.000000000000000000e+01
6.800000000000000000e+01
0.000000000000000000e+00
4.000000000000000000e+01
9.000000000000000000e+01
0.000000000000000000e+00
0.000000000000000000e+00
0.000000000000000000e+00
4.000000000000000000e+01
0.000000000000000000e+00
0.000000000000000000e+00
0.000000000000000000e+00
3.000000000000000000e+01
0.000000000000000000e+00
8.000000000000000000e+00
2.000000000000000000e+01
0.000000000000000000e+00
2.060000000000000000e+03
0.000000000000000000e+00
0.000000000000000000e+00
0.000000000000000000e+00
4.000000000000000000e+01
1.000000000000000000e+01
0.000000000000000000e+00
0.000000000000000000e+00
0.000000000000000000e+00
0.000000000000000000e+00
0.000000000000000000e+00
9.700000000000000000e+01
1.000000000000000000e+01
0.000000000000000000e+00
0.000000000000000000e+00
0.000000000000000000e+00
0.000000000000000000e+00
0.000000000000000000e+00
0.000000000000000000e+00
0.000000000000000000e+00
0.000000000000000000e+00
0.000000000000000000e+00
0.000000000000000000e+00
0.000000000000000000e+00
0.000000000000000000e+00
2.500000000000000000e+01
2.100000000000000000e+01
0.000000000000000000e+00
0.000000000000000000e+00
9.600000000000000000e+01
9.100000000000000000e+02
8.200000000000000000e+01
0.000000000000000000e+00
4.300000000000000000e+01
0.000000000000000000e+00
3.800000000000000000e+01
1.300000000000000000e+01
2.400000000000000000e+01
5.600000000000000000e+01
0.000000000000000000e+00
9.400000000000000000e+01
0.000000000000000000e+00
2.280000000000000000e+02
2.100000000000000000e+02
3.050000000000000000e+02
2.550000000000000000e+02
3.410000000000000000e+02
1.155000000000000000e+03
0.000000000000000000e+00
9.070000000000000000e+02
1.106000000000000000e+03
1.548000000000000000e+03
1.620000000000000000e+03
1.379000000000000000e+03
3.499000000000000000e+03
0.000000000000000000e+00
1.875000000000000000e+03
5.858000000000000000e+03
2.263000000000000000e+03
2.736000000000000000e+03
2.910000000000000000e+03
4.329000000000000000e+03
0.000000000000000000e+00
5.781000000000000000e+03
5.509000000000000000e+03
6.647000000000000000e+03
6.224000000000000000e+03
8.699000000000000000e+03
1.017000000000000000e+04
0.000000000000000000e+00
3.379400000000000000e+04
1.649000000000000000e+04
2.968600000000000000e+04
3.323900000000000000e+04
4.131000000000000000e+04
3.222900000000000000e+04
0.000000000000000000e+00
1.088410000000000000e+05
9.102700000000000000e+04
1.608460000000000000e+05
1.395920000000000000e+05
1.806190000000000000e+05
2.507020000000000000e+05
0.000000000000000000e+00
3.450810000000000000e+05
3.117010000000000000e+05
3.418050000000000000e+05
3.446510000000000000e+05
3.471020000000000000e+05
4.442510000000000000e+05
0.000000000000000000e+00
5.642210000000000000e+05
4.717270000000000000e+05
6.300910000000000000e+05
4.324760000000000000e+05
3.169500000000000000e+05
7.111090000000000000e+05
0.000000000000000000e+00
8.006320000000000000e+05
8.112800000000000000e+05
7.376990000000000000e+05
8.367480000000000000e+05
8.599610000000000000e+05
1.122487000000000000e+06
0.000000000000000000e+00
1.501012000000000000e+06
1.249833000000000000e+06
1.300454000000000000e+06
1.205380000000000000e+06
8.175150000000000000e+05
1.661936000000000000e+06
0.000000000000000000e+00
2.156206000000000000e+06
1.701392000000000000e+06
1.483728000000000000e+06
1.633860000000000000e+06
1.267473000000000000e+06
1.907828000000000000e+06
0.000000000000000000e+00
1.446696000000000000e+06
2.332757000000000000e+06
2.262561000000000000e+06
1.974114000000000000e+06
1.505043000000000000e+06
1.770566000000000000e+06
0.000000000000000000e+00
2.580247000000000000e+06
2.247594000000000000e+06
2.190172000000000000e+06
2.219122000000000000e+06
2.318166000000000000e+06
7.257480000000000000e+05
0.000000000000000000e+00
2.993316000000000000e+06
2.391477000000000000e+06
1.915950000000000000e+06
1.118092000000000000e+06
1.826080000000000000e+06
2.013492000000000000e+06
0.000000000000000000e+00
2.339515000000000000e+06
1.749704000000000000e+06
1.672540000000000000e+06
1.492221000000000000e+06
1.260741000000000000e+06
1.649626000000000000e+06
0.000000000000000000e+00
2.165510000000000000e+06
1.791857000000000000e+06
1.633104000000000000e+06
1.393695000000000000e+06
1.032085000000000000e+06
1.909102000000000000e+06
0.000000000000000000e+00
2.144339000000000000e+06
1.689507000000000000e+06
1.242628000000000000e+06
1.202624000000000000e+06
1.454130000000000000e+06
1.500035000000000000e+06
2.560000000000000000e+03
1.706350000000000000e+06
1.236319000000000000e+06
9.845660000000000000e+05
8.825790000000000000e+05
9.129890000000000000e+05
8.321320000000000000e+05
2.332400000000000000e+04
9.458140000000000000e+05
7.315060000000000000e+05
6.926510000000000000e+05
3.274370000000000000e+05
0.000000000000000000e+00
0.000000000000000000e+00
0.000000000000000000e+00
6.182530000000000000e+05
6.506520000000000000e+05
5.139340000000000000e+05
5.056380000000000000e+05
5.071160000000000000e+05
6.196250000000000000e+05
0.000000000000000000e+00
2.791090000000000000e+05
2.516170000000000000e+05
4.577610000000000000e+05
4.324070000000000000e+05
4.057770000000000000e+05
4.019210000000000000e+05
0.000000000000000000e+00
3.525900000000000000e+05
3.196150000000000000e+05
2.309590000000000000e+05
1.348220000000000000e+05
1.222600000000000000e+05
1.778920000000000000e+05
0.000000000000000000e+00
2.059940000000000000e+05
1.627390000000000000e+05
8.189300000000000000e+04
1.121270000000000000e+05
1.009110000000000000e+05
9.982600000000000000e+04
0.000000000000000000e+00
4.799300000000000000e+04
4.838100000000000000e+04
2.359700000000000000e+04
3.253500000000000000e+04
1.342300000000000000e+04
2.180700000000000000e+04
0.000000000000000000e+00
8.185000000000000000e+03
6.807000000000000000e+03
2.219000000000000000e+03
5.267000000000000000e+03
1.697000000000000000e+03
8.370000000000000000e+02
0.000000000000000000e+00
5.800000000000000000e+02
2.980000000000000000e+03
5.780000000000000000e+02
6.300000000000000000e+02
1.220000000000000000e+03
5.900000000000000000e+02
0.000000000000000000e+00
7.880000000000000000e+02
5.000000000000000000e+02
8.310000000000000000e+02
2.820000000000000000e+03
2.180000000000000000e+03
1.770000000000000000e+03
0.000000000000000000e+00
1.380000000000000000e+03
8.000000000000000000e+02
1.200000000000000000e+03
0.000000000000000000e+00
0.000000000000000000e+00
2.255000000000000000e+03
0.000000000000000000e+00
1.204000000000000000e+03
3.100000000000000000e+02
5.920000000000000000e+03
6.400000000000000000e+02
8.400000000000000000e+02
7.270000000000000000e+03
0.000000000000000000e+00
2.400000000000000000e+02
0.000000000000000000e+00
2.400000000000000000e+03
2.580000000000000000e+03
5.000000000000000000e+01
4.480000000000000000e+03
0.000000000000000000e+00
2.040000000000000000e+03
2.000000000000000000e+01
0.000000000000000000e+00
1.190000000000000000e+03
2.000000000000000000e+01
3.000000000000000000e+01
0.000000000000000000e+00
2.051000000000000000e+03
8.740000000000000000e+03
6.000000000000000000e+02
2.200000000000000000e+03
3.840000000000000000e+03
7.900000000000000000e+02
0.000000000000000000e+00
1.055000000000000000e+04
0.000000000000000000e+00
9.200000000000000000e+02
0.000000000000000000e+00
4.270000000000000000e+03
0.000000000000000000e+00
0.000000000000000000e+00
0.000000000000000000e+00
2.160000000000000000e+03
1.310000000000000000e+03
5.000000000000000000e+01
6.120000000000000000e+03
5.000000000000000000e+01
0.000000000000000000e+00
7.400000000000000000e+02
0.000000000000000000e+00
0.000000000000000000e+00
0.000000000000000000e+00
2.100000000000000000e+02
3.000000000000000000e+00
0.000000000000000000e+00
5.700000000000000000e+02
1.940000000000000000e+03
3.000000000000000000e+01
0.000000000000000000e+00
5.000000000000000000e+01
1.845000000000000000e+03
0.000000000000000000e+00
1.215000000000000000e+03
5.580000000000000000e+03
2.510000000000000000e+03
2.505000000000000000e+03
2.500000000000000000e+03
2.495000000000000000e+03
2.500000000000000000e+03
2.635000000000000000e+03
1.865000000000000000e+03
2.405000000000000000e+03
3.600000000000000000e+03
0.000000000000000000e+00
0.000000000000000000e+00
0.000000000000000000e+00
0.000000000000000000e+00
5.250000000000000000e+02
0.000000000000000000e+00
0.000000000000000000e+00
0.000000000000000000e+00
3.000000000000000000e+01
0.000000000000000000e+00
1.500000000000000000e+02
1.000000000000000000e+02
0.000000000000000000e+00
9.500000000000000000e+01
0.000000000000000000e+00
3.000000000000000000e+01
0.000000000000000000e+00
1.240000000000000000e+03
1.860000000000000000e+03
0.000000000000000000e+00
5.000000000000000000e+01
0.000000000000000000e+00
6.000000000000000000e+01
0.000000000000000000e+00
1.210000000000000000e+03
1.450000000000000000e+02
1.000000000000000000e+01
0.000000000000000000e+00
3.000000000000000000e+01
4.000000000000000000e+01
0.000000000000000000e+00
2.459000000000000000e+03
0.000000000000000000e+00
3.850000000000000000e+03
1.100000000000000000e+02
2.000000000000000000e+01
1.040000000000000000e+03
0.000000000000000000e+00
3.600000000000000000e+03
2.415000000000000000e+03
8.540000000000000000e+03
1.410000000000000000e+03
3.080000000000000000e+03
1.050000000000000000e+03
0.000000000000000000e+00
1.000000000000000000e+01
0.000000000000000000e+00
2.000000000000000000e+01
1.000000000000000000e+01
1.130000000000000000e+03
4.000000000000000000e+01
0.000000000000000000e+00
1.000000000000000000e+01
1.000000000000000000e+01
1.000000000000000000e+01
0.000000000000000000e+00
1.370000000000000000e+03
3.000000000000000000e+01
0.000000000000000000e+00
0.000000000000000000e+00
2.900000000000000000e+02
5.000000000000000000e+02
1.350000000000000000e+03
1.000000000000000000e+01
0.000000000000000000e+00
0.000000000000000000e+00
0.000000000000000000e+00
0.000000000000000000e+00
0.000000000000000000e+00
0.000000000000000000e+00
0.000000000000000000e+00
0.000000000000000000e+00
0.000000000000000000e+00
1.000000000000000000e+03
6.500000000000000000e+02
0.000000000000000000e+00
0.000000000000000000e+00
7.000000000000000000e+02
0.000000000000000000e+00
0.000000000000000000e+00
0.000000000000000000e+00
0.000000000000000000e+00
5.300000000000000000e+02
0.000000000000000000e+00
2.800000000000000000e+01
0.000000000000000000e+00
0.000000000000000000e+00
4.500000000000000000e+02
9.300000000000000000e+01
0.000000000000000000e+00
6.400000000000000000e+02
8.300000000000000000e+01
2.700000000000000000e+01
0.000000000000000000e+00
0.000000000000000000e+00
5.100000000000000000e+01
2.900000000000000000e+01
2.000000000000000000e+01
7.900000000000000000e+01
1.060000000000000000e+02
0.000000000000000000e+00
1.380000000000000000e+02
2.990000000000000000e+02
2.250000000000000000e+02
1.190000000000000000e+03
2.100000000000000000e+02
4.770000000000000000e+02
0.000000000000000000e+00
6.300000000000000000e+02
5.630000000000000000e+02
5.570000000000000000e+02
1.695000000000000000e+03
4.350000000000000000e+02
1.405000000000000000e+03
0.000000000000000000e+00
2.890000000000000000e+03
1.347000000000000000e+03
2.900000000000000000e+03
2.540000000000000000e+03
4.033000000000000000e+03
4.843000000000000000e+03
0.000000000000000000e+00
1.161200000000000000e+04
6.699000000000000000e+03
6.957000000000000000e+03
8.483000000000000000e+03
9.432000000000000000e+03
1.183900000000000000e+04
0.000000000000000000e+00
1.735700000000000000e+04
1.844600000000000000e+04
2.264300000000000000e+04
2.619400000000000000e+04
3.735700000000000000e+04
5.518900000000000000e+04
0.000000000000000000e+00
1.022350000000000000e+05
7.191300000000000000e+04
5.909400000000000000e+04
1.520450000000000000e+05
1.096390000000000000e+05
2.391090000000000000e+05
0.000000000000000000e+00
2.122690000000000000e+05
3.523530000000000000e+05
3.413330000000000000e+05
3.503740000000000000e+05
2.457750000000000000e+05
2.242380000000000000e+05
0.000000000000000000e+00
3.157100000000000000e+05
3.546200000000000000e+05
3.723210000000000000e+05
3.292340000000000000e+05
2.814930000000000000e+05
5.725650000000000000e+05
0.000000000000000000e+00
7.755530000000000000e+05
3.546870000000000000e+05
3.834470000000000000e+05
4.965470000000000000e+05
6.786650000000000000e+05
5.637070000000000000e+05
0.000000000000000000e+00
1.186733000000000000e+06
9.094930000000000000e+05
8.500780000000000000e+05
6.947590000000000000e+05
1.163231000000000000e+06
6.775750000000000000e+05
0.000000000000000000e+00
1.795565000000000000e+06
7.245410000000000000e+05
1.083130000000000000e+06
1.448262000000000000e+06
1.595571000000000000e+06
1.237269000000000000e+06
0.000000000000000000e+00
2.182425000000000000e+06
1.392114000000000000e+06
1.032293000000000000e+06
1.217367000000000000e+06
1.273191000000000000e+06
1.778783000000000000e+06
0.000000000000000000e+00
2.374549000000000000e+06
1.727249000000000000e+06
1.169156000000000000e+06
1.217989000000000000e+06
1.647818000000000000e+06
6.597650000000000000e+05
0.000000000000000000e+00
2.579609000000000000e+06
1.845380000000000000e+06
1.574105000000000000e+06
1.568826000000000000e+06
1.261373000000000000e+06
1.346330000000000000e+06
0.000000000000000000e+00
1.670446000000000000e+06
1.835775000000000000e+06
7.038430000000000000e+05
1.191084000000000000e+06
1.377003000000000000e+06
1.477139000000000000e+06
0.000000000000000000e+00
1.631751000000000000e+06
1.495388000000000000e+06
1.248766000000000000e+06
1.119836000000000000e+06
1.063205000000000000e+06
1.132969000000000000e+06
0.000000000000000000e+00
1.355883000000000000e+06
1.050135000000000000e+06
9.117800000000000000e+05
6.096320000000000000e+05
5.079810000000000000e+05
6.850320000000000000e+05
0.000000000000000000e+00
8.778540000000000000e+05
6.704620000000000000e+05
5.834800000000000000e+05
3.858870000000000000e+05
2.713910000000000000e+05
6.948700000000000000e+05
0.000000000000000000e+00
4.654990000000000000e+05
2.624210000000000000e+05
3.165450000000000000e+05
3.951260000000000000e+05
3.441460000000000000e+05
4.599420000000000000e+05
0.000000000000000000e+00
3.793260000000000000e+05
3.361970000000000000e+05
2.848880000000000000e+05
2.635960000000000000e+05
2.448080000000000000e+05
3.458370000000000000e+05
2.780000000000000000e+02
3.464030000000000000e+05
2.591400000000000000e+05
2.395090000000000000e+05
2.230630000000000000e+05
2.381410000000000000e+05
2.926710000000000000e+05
4.935000000000000000e+03
3.400510000000000000e+05
3.016240000000000000e+05
1.413040000000000000e+05
0.000000000000000000e+00
0.000000000000000000e+00
0.000000000000000000e+00
0.000000000000000000e+00
2.000150000000000000e+05
1.536460000000000000e+05
1.056630000000000000e+05
8.342700000000000000e+04
7.306700000000000000e+04
7.723600000000000000e+04
0.000000000000000000e+00
3.936000000000000000e+04
4.151000000000000000e+04
1.631800000000000000e+04
2.609200000000000000e+04
4.777000000000000000e+03
1.723100000000000000e+04
0.000000000000000000e+00
3.428000000000000000e+03
4.103000000000000000e+03
4.150000000000000000e+02
6.329000000000000000e+03
2.619000000000000000e+03
3.372000000000000000e+03
0.000000000000000000e+00
2.227000000000000000e+03
2.248000000000000000e+03
1.108000000000000000e+03
1.537000000000000000e+03
5.060000000000000000e+02
2.920000000000000000e+02
0.000000000000000000e+00
5.940000000000000000e+02
7.060000000000000000e+02
3.048000000000000000e+03
1.780000000000000000e+02
2.000000000000000000e+00
1.000000000000000000e+01
0.000000000000000000e+00
6.300000000000000000e+02
9.200000000000000000e+01
1.610000000000000000e+02
4.000000000000000000e+01
2.000000000000000000e+02
2.000000000000000000e+01
0.000000000000000000e+00
2.000000000000000000e+01
1.000000000000000000e+01
9.700000000000000000e+01
2.000000000000000000e+01
0.000000000000000000e+00
1.000000000000000000e+01
0.000000000000000000e+00
4.700000000000000000e+02
0.000000000000000000e+00
0.000000000000000000e+00
0.000000000000000000e+00
4.300000000000000000e+02
0.000000000000000000e+00
0.000000000000000000e+00
0.000000000000000000e+00
2.000000000000000000e+01
4.700000000000000000e+02
0.000000000000000000e+00
0.000000000000000000e+00
0.000000000000000000e+00
0.000000000000000000e+00
7.600000000000000000e+02
3.000000000000000000e+01
0.000000000000000000e+00
0.000000000000000000e+00
1.000000000000000000e+01
0.000000000000000000e+00
0.000000000000000000e+00
4.900000000000000000e+02
0.000000000000000000e+00
0.000000000000000000e+00
5.300000000000000000e+02
0.000000000000000000e+00
0.000000000000000000e+00
0.000000000000000000e+00
5.300000000000000000e+02
0.000000000000000000e+00
6.500000000000000000e+02
0.000000000000000000e+00
0.000000000000000000e+00
1.300000000000000000e+02
0.000000000000000000e+00
6.500000000000000000e+02
0.000000000000000000e+00
6.100000000000000000e+01
0.000000000000000000e+00
