0.000000000000000000e+00
5.812500000000000000e+04
3.476620000000000000e+05
2.792220000000000000e+05
2.697120000000000000e+05
2.471170000000000000e+05
1.938650000000000000e+05
0.000000000000000000e+00
2.715730000000000000e+05
2.658220000000000000e+05
2.515100000000000000e+05
2.427150000000000000e+05
2.335410000000000000e+05
1.893730000000000000e+05
0.000000000000000000e+00
2.763660000000000000e+05
2.662100000000000000e+05
2.881720000000000000e+05
3.138550000000000000e+05
3.373930000000000000e+05
2.956610000000000000e+05
0.000000000000000000e+00
4.862200000000000000e+05
4.115910000000000000e+05
0.000000000000000000e+00
0.000000000000000000e+00
0.000000000000000000e+00
0.000000000000000000e+00
0.000000000000000000e+00
0.000000000000000000e+00
0.000000000000000000e+00
1.797680000000000000e+05
1.689550000000000000e+05
1.837700000000000000e+05
1.739600000000000000e+05
0.000000000000000000e+00
2.261400000000000000e+05
2.078010000000000000e+05
2.252950000000000000e+05
1.989230000000000000e+05
1.951680000000000000e+05
1.019650000000000000e+05
0.000000000000000000e+00
1.510300000000000000e+05
1.437330000000000000e+05
1.485750000000000000e+05
1.425470000000000000e+05
1.400390000000000000e+05
1.084800000000000000e+05
0.000000000000000000e+00
1.586100000000000000e+05
1.249290000000000000e+05
1.311660000000000000e+05
9.083000000000000000e+04
1.352620000000000000e+05
1.119550000000000000e+05
0.000000000000000000e+00
1.400600000000000000e+05
1.192550000000000000e+05
1.099000000000000000e+05
1.009250000000000000e+05
1.081140000000000000e+05
1.040800000000000000e+05
0.000000000000000000e+00
1.210880000000000000e+05
8.929300000000000000e+04
8.984400000000000000e+04
8.086400000000000000e+04
8.672200000000000000e+04
7.459000000000000000e+04
0.000000000000000000e+00
9.272300000000000000e+04
6.286500000000000000e+04
6.364100000000000000e+04
6.220700000000000000e+04
6.513700000000000000e+04
4.843500000000000000e+04
0.000000000000000000e+00
6.455700000000000000e+04
4.886000000000000000e+04
4.199200000000000000e+04
3.497400000000000000e+04
4.582000000000000000e+04
3.548600000000000000e+04
0.000000000000000000e+00
3.784500000000000000e+04
3.693600000000000000e+04
2.819600000000000000e+04
2.736000000000000000e+04
2.543200000000000000e+04
2.266000000000000000e+04
0.000000000000000000e+00
2.875500000000000000e+04
2.580900000000000000e+04
2.027500000000000000e+04
1.194000000000000000e+04
1.579000000000000000e+04
1.977000000000000000e+04
0.000000000000000000e+00
3.845100000000000000e+04
1.104000000000000000e+04
1.787600000000000000e+04
1.365000000000000000e+04
1.306500000000000000e+04
1.043000000000000000e+04
0.000000000000000000e+00
1.096000000000000000e+04
9.905000000000000000e+03
8.800000000000000000e+03
1.105000000000000000e+04
1.135000000000000000e+04
7.260000000000000000e+03
0.000000000000000000e+00
8.940000000000000000e+03
6.710000000000000000e+03
7.210000000000000000e+03
5.955000000000000000e+03
1.208700000000000000e+04
8.130000000000000000e+03
0.000000000000000000e+00
6.700000000000000000e+03
5.820000000000000000e+03
5.860000000000000000e+03
4.600000000000000000e+03
3.900000000000000000e+03
2.700000000000000000e+03
0.000000000000000000e+00
5.940000000000000000e+03
4.380000000000000000e+03
5.230000000000000000e+03
4.830000000000000000e+03
4.240000000000000000e+03
3.330000000000000000e+03
0.000000000000000000e+00
4.510000000000000000e+03
5.180000000000000000e+03
5.320000000000000000e+03
3.490000000000000000e+03
1.600000000000000000e+03
1.675000000000000000e+03
0.000000000000000000e+00
2.043000000000000000e+03
1.192000000000000000e+03
1.600000000000000000e+03
1.000000000000000000e+03
0.000000000000000000e+00
2.200000000000000000e+02
0.000000000000000000e+00
0.000000000000000000e+00
5.000000000000000000e+01
0.000000000000000000e+00
0.000000000000000000e+00
0.000000000000000000e+00
0.000000000000000000e+00
0.000000000000000000e+00
0.000000000000000000e+00
0.000000000000000000e+00
0.000000000000000000e+00
0.000000000000000000e+00
0.000000000000000000e+00
0.000000000000000000e+00
0.000000000000000000e+00
1.000000000000000000e+02
0.000000000000000000e+00
0.000000000000000000e+00
0.000000000000000000e+00
0.000000000000000000e+00
0.000000000000000000e+00
0.000000000000000000e+00
0.000000000000000000e+00
1.050000000000000000e+02
0.000000000000000000e+00
0.000000000000000000e+00
0.000000000000000000e+00
0.000000000000000000e+00
0.000000000000000000e+00
0.000000000000000000e+00
0.000000000000000000e+00
1.100000000000000000e+01
0.000000000000000000e+00
9.000000000000000000e+01
0.000000000000000000e+00
0.000000000000000000e+00
0.000000000000000000e+00
0.000000000000000000e+00
0.000000000000000000e+00
0.000000000000000000e+00
0.000000000000000000e+00
0.000000000000000000e+00
0.000000000000000000e+00
1.500000000000000000e+02
0.000000000000000000e+00
0.000000000000000000e+00
0.000000000000000000e+00
0.000000000000000000e+00
0.000000000000000000e+00
0.000000000000000000e+00
0.000000000000000000e+00
0.000000000000000000e+00
1.100000000000000000e+02
0.000000000000000000e+00
0.000000000000000000e+00
7.000000000000000000e+01
0.000000000000000000e+00
1.660000000000000000e+02
1.200000000000000000e+02
0.000000000000000000e+00
0.000000000000000000e+00
8.590000000000000000e+02
1.800000000000000000e+01
0.000000000000000000e+00
0.000000000000000000e+00
0.000000000000000000e+00
9.000000000000000000e+01
0.000000000000000000e+00
0.000000000000000000e+00
4.350000000000000000e+02
0.000000000000000000e+00
0.000000000000000000e+00
0.000000000000000000e+00
3.450000000000000000e+02
0.000000000000000000e+00
2.800000000000000000e+02
0.000000000000000000e+00
0.000000000000000000e+00
4.000000000000000000e+01
6.300000000000000000e+01
2.700000000000000000e+02
0.000000000000000000e+00
2.600000000000000000e+01
7.300000000000000000e+01
0.000000000000000000e+00
3.600000000000000000e+01
3.000000000000000000e+01
1.040000000000000000e+02
1.400000000000000000e+01
0.000000000000000000e+00
2.440000000000000000e+02
0.000000000000000000e+00
6.580000000000000000e+02
3.800000000000000000e+02
6.200000000000000000e+02
1.394000000000000000e+03
2.171000000000000000e+03
7.036000000000000000e+03
0.000000000000000000e+00
1.582400000000000000e+04
1.216800000000000000e+04
9.291000000000000000e+03
1.212300000000000000e+04
2.489500000000000000e+04
3.301900000000000000e+04
0.000000000000000000e+00
7.110800000000000000e+04
4.957200000000000000e+04
5.110400000000000000e+04
8.348500000000000000e+04
1.146730000000000000e+05
1.232280000000000000e+05
0.000000000000000000e+00
1.480470000000000000e+05
9.563700000000000000e+04
1.428780000000000000e+05
1.214840000000000000e+05
1.439830000000000000e+05
1.508990000000000000e+05
0.000000000000000000e+00
2.240720000000000000e+05
2.319240000000000000e+05
2.182040000000000000e+05
2.177150000000000000e+05
3.135900000000000000e+05
5.047970000000000000e+05
7.153800000000000000e+04
5.525500000000000000e+05
6.993200000000000000e+04
0.000000000000000000e+00
0.000000000000000000e+00
0.000000000000000000e+00
1.180690000000000000e+05
0.000000000000000000e+00
5.241590000000000000e+05
5.160070000000000000e+05
5.073570000000000000e+05
4.978690000000000000e+05
3.617220000000000000e+05
4.294700000000000000e+05
0.000000000000000000e+00
8.213950000000000000e+05
5.930160000000000000e+05
7.890720000000000000e+05
8.389040000000000000e+05
8.584060000000000000e+05
9.533900000000000000e+05
0.000000000000000000e+00
1.181267000000000000e+06
8.667800000000000000e+05
8.516910000000000000e+05
7.836260000000000000e+05
8.756120000000000000e+05
9.704310000000000000e+05
0.000000000000000000e+00
1.213433000000000000e+06
1.004994000000000000e+06
9.396690000000000000e+05
8.722450000000000000e+05
8.826260000000000000e+05
9.295560000000000000e+05
0.000000000000000000e+00
1.113860000000000000e+06
9.530170000000000000e+05
8.544520000000000000e+05
8.313120000000000000e+05
8.011040000000000000e+05
7.846980000000000000e+05
0.000000000000000000e+00
8.802680000000000000e+05
7.089160000000000000e+05
6.194250000000000000e+05
5.269630000000000000e+05
5.030070000000000000e+05
5.157580000000000000e+05
0.000000000000000000e+00
5.855120000000000000e+05
4.984130000000000000e+05
4.738750000000000000e+05
4.446910000000000000e+05
4.281330000000000000e+05
3.914410000000000000e+05
0.000000000000000000e+00
4.410150000000000000e+05
3.278540000000000000e+05
2.948710000000000000e+05
2.994120000000000000e+05
3.017450000000000000e+05
2.691700000000000000e+05
0.000000000000000000e+00
3.537610000000000000e+05
2.969610000000000000e+05
2.670730000000000000e+05
2.740890000000000000e+05
2.562350000000000000e+05
1.959700000000000000e+05
0.000000000000000000e+00
2.502530000000000000e+05
2.261330000000000000e+05
1.947300000000000000e+05
2.044190000000000000e+05
2.422600000000000000e+05
2.530690000000000000e+05
0.000000000000000000e+00
2.970510000000000000e+05
2.703460000000000000e+05
3.009310000000000000e+05
2.433900000000000000e+05
3.013200000000000000e+05
2.668310000000000000e+05
0.000000000000000000e+00
1.994010000000000000e+05
2.371540000000000000e+05
2.087360000000000000e+05
1.877510000000000000e+05
2.150350000000000000e+05
1.712810000000000000e+05
0.000000000000000000e+00
0.000000000000000000e+00
5.739900000000000000e+04
3.543230000000000000e+05
2.465390000000000000e+05
2.523040000000000000e+05
2.062810000000000000e+05
0.000000000000000000e+00
2.471580000000000000e+05
1.932620000000000000e+05
1.786850000000000000e+05
1.439910000000000000e+05
1.396850000000000000e+05
1.320510000000000000e+05
0.000000000000000000e+00
2.505120000000000000e+05
2.108220000000000000e+05
1.927700000000000000e+05
1.979080000000000000e+05
2.586240000000000000e+05
2.053460000000000000e+05
0.000000000000000000e+00
2.813380000000000000e+05
2.001380000000000000e+05
1.647730000000000000e+05
1.035500000000000000e+05
9.577900000000000000e+04
8.474000000000000000e+04
0.000000000000000000e+00
2.021500000000000000e+05
1.806630000000000000e+05
1.948070000000000000e+05
2.175380000000000000e+05
2.213680000000000000e+05
1.898360000000000000e+05
0.000000000000000000e+00
2.340010000000000000e+05
1.882870000000000000e+05
1.817090000000000000e+05
2.503190000000000000e+05
2.852950000000000000e+05
2.873570000000000000e+05
0.000000000000000000e+00
3.561830000000000000e+05
2.737180000000000000e+05
1.810460000000000000e+05
3.207400000000000000e+04
0.000000000000000000e+00
0.000000000000000000e+00
0.000000000000000000e+00
6.933400000000000000e+04
9.625700000000000000e+04
1.054960000000000000e+05
1.123950000000000000e+05
1.161140000000000000e+05
1.085590000000000000e+05
0.000000000000000000e+00
1.462970000000000000e+05
1.263020000000000000e+05
1.338590000000000000e+05
9.196500000000000000e+04
1.027080000000000000e+05
9.184000000000000000e+04
0.000000000000000000e+00
1.106260000000000000e+05
9.277000000000000000e+04
1.051020000000000000e+05
9.149500000000000000e+04
7.749200000000000000e+04
1.042790000000000000e+05
0.000000000000000000e+00
1.172730000000000000e+05
9.599200000000000000e+04
8.966000000000000000e+04
9.421900000000000000e+04
6.034700000000000000e+04
7.205500000000000000e+04
0.000000000000000000e+00
7.788500000000000000e+04
5.799600000000000000e+04
5.969000000000000000e+04
5.379600000000000000e+04
7.048000000000000000e+04
5.306100000000000000e+04
0.000000000000000000e+00
5.958400000000000000e+04
5.458000000000000000e+04
5.507400000000000000e+04
4.249700000000000000e+04
4.279900000000000000e+04
3.684600000000000000e+04
0.000000000000000000e+00
3.346400000000000000e+04
4.925000000000000000e+04
3.089200000000000000e+04
1.902200000000000000e+04
2.014100000000000000e+04
1.812500000000000000e+04
0.000000000000000000e+00
2.157900000000000000e+04
1.874300000000000000e+04
1.327800000000000000e+04
1.324000000000000000e+04
1.086100000000000000e+04
5.671000000000000000e+03
0.000000000000000000e+00
9.830000000000000000e+03
1.001400000000000000e+04
8.573000000000000000e+03
1.023500000000000000e+04
8.895000000000000000e+03
1.034000000000000000e+04
0.000000000000000000e+00
9.100000000000000000e+03
5.460000000000000000e+03
4.280000000000000000e+03
6.370000000000000000e+03
8.225000000000000000e+03
6.510000000000000000e+03
0.000000000000000000e+00
9.060000000000000000e+03
6.930000000000000000e+03
6.070000000000000000e+03
8.020000000000000000e+03
9.730000000000000000e+03
6.930000000000000000e+03
0.000000000000000000e+00
6.710000000000000000e+03
5.460000000000000000e+03
5.330000000000000000e+03
4.000000000000000000e+03
3.400000000000000000e+03
1.730000000000000000e+03
0.000000000000000000e+00
0.000000000000000000e+00
1.850000000000000000e+03
1.360000000000000000e+03
0.000000000000000000e+00
1.500000000000000000e+03
1.000000000000000000e+03
0.000000000000000000e+00
1.060000000000000000e+03
0.000000000000000000e+00
1.600000000000000000e+02
6.000000000000000000e+02
0.000000000000000000e+00
0.000000000000000000e+00
0.000000000000000000e+00
0.000000000000000000e+00
0.000000000000000000e+00
0.000000000000000000e+00
2.000000000000000000e+01
0.000000000000000000e+00
0.000000000000000000e+00
0.000000000000000000e+00
0.000000000000000000e+00
0.000000000000000000e+00
0.000000000000000000e+00
0.000000000000000000e+00
0.000000000000000000e+00
0.000000000000000000e+00
0.000000000000000000e+00
0.000000000000000000e+00
0.000000000000000000e+00
0.000000000000000000e+00
0.000000000000000000e+00
0.000000000000000000e+00
0.000000000000000000e+00
0.000000000000000000e+00
0.000000000000000000e+00
4.900000000000000000e+01
0.000000000000000000e+00
0.000000000000000000e+00
0.000000000000000000e+00
0.000000000000000000e+00
0.000000000000000000e+00
0.000000000000000000e+00
5.600000000000000000e+01
0.000000000000000000e+00
0.000000000000000000e+00
0.000000000000000000e+00
0.000000000000000000e+00
0.000000000000000000e+00
0.000000000000000000e+00
0.000000000000000000e+00
0.000000000000000000e+00
0.000000000000000000e+00
0.000000000000000000e+00
0.000000000000000000e+00
0.000000000000000000e+00
0.000000000000000000e+00
0.000000000000000000e+00
0.000000000000000000e+00
0.000000000000000000e+00
0.000000000000000000e+00
0.000000000000000000e+00
0.000000000000000000e+00
0.000000000000000000e+00
0.000000000000000000e+00
0.000000000000000000e+00
0.000000000000000000e+00
0.000000000000000000e+00
0.000000000000000000e+00
0.000000000000000000e+00
0.000000000000000000e+00
0.000000000000000000e+00
0.000000000000000000e+00
0.000000000000000000e+00
0.000000000000000000e+00
0.000000000000000000e+00
0.000000000000000000e+00
0.000000000000000000e+00
0.000000000000000000e+00
0.000000000000000000e+00
0.000000000000000000e+00
0.000000000000000000e+00
0.000000000000000000e+00
0.000000000000000000e+00
0.000000000000000000e+00
0.000000000000000000e+00
0.000000000000000000e+00
0.000000000000000000e+00
0.000000000000000000e+00
0.000000000000000000e+00
0.000000000000000000e+00
2.500000000000000000e+01
1.380000000000000000e+02
0.000000000000000000e+00
1.210000000000000000e+02
0.000000000000000000e+00
0.000000000000000000e+00
0.000000000000000000e+00
0.000000000000000000e+00
7.000000000000000000e+01
0.000000000000000000e+00
0.000000000000000000e+00
0.000000000000000000e+00
0.000000000000000000e+00
0.000000000000000000e+00
4.810000000000000000e+02
5.200000000000000000e+01
3.600000000000000000e+01
5.350000000000000000e+02
1.064000000000000000e+03
4.050000000000000000e+02
0.000000000000000000e+00
1.645000000000000000e+03
1.343000000000000000e+03
3.369000000000000000e+03
5.197000000000000000e+03
5.945000000000000000e+03
6.681000000000000000e+03
0.000000000000000000e+00
2.282400000000000000e+04
1.903400000000000000e+04
3.176000000000000000e+04
3.911900000000000000e+04
4.116700000000000000e+04
3.302300000000000000e+04
0.000000000000000000e+00
1.577730000000000000e+05
2.196650000000000000e+05
3.187030000000000000e+05
3.332940000000000000e+05
4.148850000000000000e+05
2.409900000000000000e+05
3.759800000000000000e+04
0.000000000000000000e+00
0.000000000000000000e+00
0.000000000000000000e+00
1.696230000000000000e+05
2.277680000000000000e+05
3.026640000000000000e+05
0.000000000000000000e+00
3.991050000000000000e+05
3.400260000000000000e+05
3.780120000000000000e+05
4.865960000000000000e+05
5.212410000000000000e+05
3.025520000000000000e+05
0.000000000000000000e+00
4.972730000000000000e+05
5.919720000000000000e+05
7.551800000000000000e+05
7.764020000000000000e+05
7.963960000000000000e+05
8.611320000000000000e+05
0.000000000000000000e+00
1.056407000000000000e+06
8.771790000000000000e+05
8.363420000000000000e+05
8.445710000000000000e+05
8.871930000000000000e+05
9.785350000000000000e+05
0.000000000000000000e+00
1.239001000000000000e+06
1.000410000000000000e+06
9.533930000000000000e+05
9.433180000000000000e+05
9.239900000000000000e+05
7.677120000000000000e+05
0.000000000000000000e+00
1.036839000000000000e+06
9.767810000000000000e+05
8.590170000000000000e+05
8.929420000000000000e+05
8.432380000000000000e+05
8.794920000000000000e+05
0.000000000000000000e+00
1.029210000000000000e+06
8.655930000000000000e+05
7.892360000000000000e+05
6.376520000000000000e+05
5.056340000000000000e+05
5.554770000000000000e+05
0.000000000000000000e+00
8.050890000000000000e+05
6.695960000000000000e+05
5.985260000000000000e+05
5.792690000000000000e+05
5.876510000000000000e+05
5.468070000000000000e+05
0.000000000000000000e+00
5.846840000000000000e+05
4.819480000000000000e+05
4.376250000000000000e+05
3.744120000000000000e+05
3.974100000000000000e+05
3.492930000000000000e+05
0.000000000000000000e+00
3.760820000000000000e+05
3.242220000000000000e+05
4.141140000000000000e+05
3.084320000000000000e+05
2.614390000000000000e+05
2.470930000000000000e+05
0.000000000000000000e+00
3.337570000000000000e+05
2.297070000000000000e+05
2.143100000000000000e+05
2.646130000000000000e+05
2.776630000000000000e+05
1.815460000000000000e+05
0.000000000000000000e+00
2.594520000000000000e+05
2.788690000000000000e+05
2.193730000000000000e+05
2.476330000000000000e+05
2.541230000000000000e+05
2.175960000000000000e+05
0.000000000000000000e+00
2.452260000000000000e+05
2.278810000000000000e+05
2.521490000000000000e+05
2.272900000000000000e+05
2.829040000000000000e+05
2.284440000000000000e+05
0.000000000000000000e+00
2.978140000000000000e+05
2.186530000000000000e+05
2.137260000000000000e+05
2.217950000000000000e+05
2.639140000000000000e+05
1.131150000000000000e+05
0.000000000000000000e+00
1.397370000000000000e+05
0.000000000000000000e+00
2.148000000000000000e+04
3.646870000000000000e+05
2.842430000000000000e+05
2.454910000000000000e+05
0.000000000000000000e+00
3.109280000000000000e+05
2.243730000000000000e+05
1.983680000000000000e+05
1.863930000000000000e+05
2.088450000000000000e+05
1.557150000000000000e+05
0.000000000000000000e+00
2.741730000000000000e+05
2.009390000000000000e+05
2.075670000000000000e+05
2.117230000000000000e+05
2.225580000000000000e+05
1.887260000000000000e+05
0.000000000000000000e+00
2.663930000000000000e+05
2.225800000000000000e+05
2.629710000000000000e+05
2.307090000000000000e+05
2.640010000000000000e+05
3.259600000000000000e+05
5.100000000000000000e+02
3.594610000000000000e+05
2.961350000000000000e+05
3.109200000000000000e+05
3.023850000000000000e+05
2.616690000000000000e+05
2.110490000000000000e+05
1.250000000000000000e+02
2.705000000000000000e+04
0.000000000000000000e+00
0.000000000000000000e+00
6.480000000000000000e+03
1.310670000000000000e+05
1.082250000000000000e+05
0.000000000000000000e+00
1.771990000000000000e+05
1.871670000000000000e+05
1.463970000000000000e+05
1.462220000000000000e+05
1.630200000000000000e+05
1.242110000000000000e+05
0.000000000000000000e+00
1.731960000000000000e+05
9.882600000000000000e+04
6.708700000000000000e+04
8.411500000000000000e+04
1.175050000000000000e+05
8.654500000000000000e+04
0.000000000000000000e+00
1.197900000000000000e+05
2.059950000000000000e+05
8.445500000000000000e+04
6.878300000000000000e+04
7.578500000000000000e+04
5.607000000000000000e+04
0.000000000000000000e+00
6.589000000000000000e+04
6.255000000000000000e+04
7.611500000000000000e+04
6.074500000000000000e+04
5.581200000000000000e+04
3.974000000000000000e+04
0.000000000000000000e+00
3.400000000000000000e+04
4.401500000000000000e+04
3.591900000000000000e+04
3.593500000000000000e+04
2.722200000000000000e+04
1.621500000000000000e+04
0.000000000000000000e+00
3.584900000000000000e+04
2.474000000000000000e+04
2.193000000000000000e+04
1.300000000000000000e+04
2.353500000000000000e+04
1.631000000000000000e+04
0.000000000000000000e+00
1.912500000000000000e+04
1.100000000000000000e+04
9.205000000000000000e+03
8.011000000000000000e+04
5.745000000000000000e+03
3.090000000000000000e+03
0.000000000000000000e+00
7.647000000000000000e+03
6.370000000000000000e+03
5.990000000000000000e+03
6.510000000000000000e+03
3.031000000000000000e+04
2.970000000000000000e+03
0.000000000000000000e+00
1.900000000000000000e+03
2.610000000000000000e+03
4.100000000000000000e+02
1.890000000000000000e+03
6.000000000000000000e+02
7.000000000000000000e+01
0.000000000000000000e+00
5.000000000000000000e+02
1.500000000000000000e+02
3.000000000000000000e+02
0.000000000000000000e+00
3.000000000000000000e+01
0.000000000000000000e+00
0.000000000000000000e+00
1.000000000000000000e+02
3.600000000000000000e+02
0.000000000000000000e+00
2.000000000000000000e+01
5.000000000000000000e+01
1.330000000000000000e+02
0.000000000000000000e+00
0.000000000000000000e+00
0.000000000000000000e+00
0.000000000000000000e+00
5.100000000000000000e+02
0.000000000000000000e+00
0.000000000000000000e+00
0.000000000000000000e+00
0.000000000000000000e+00
0.000000000000000000e+00
0.000000000000000000e+00
0.000000000000000000e+00
0.000000000000000000e+00
0.000000000000000000e+00
0.000000000000000000e+00
0.000000000000000000e+00
0.000000000000000000e+00
0.000000000000000000e+00
0.000000000000000000e+00
0.000000000000000000e+00
0.000000000000000000e+00
0.000000000000000000e+00
0.000000000000000000e+00
0.000000000000000000e+00
0.000000000000000000e+00
0.000000000000000000e+00
0.000000000000000000e+00
0.000000000000000000e+00
0.000000000000000000e+00
0.000000000000000000e+00
0.000000000000000000e+00
0.000000000000000000e+00
0.000000000000000000e+00
0.000000000000000000e+00
0.000000000000000000e+00
0.000000000000000000e+00
0.000000000000000000e+00
0.000000000000000000e+00
0.000000000000000000e+00
0.000000000000000000e+00
0.000000000000000000e+00
0.000000000000000000e+00
0.000000000000000000e+00
0.000000000000000000e+00
0.000000000000000000e+00
0.000000000000000000e+00
0.000000000000000000e+00
0.000000000000000000e+00
0.000000000000000000e+00
0.000000000000000000e+00
0.000000000000000000e+00
0.000000000000000000e+00
0.000000000000000000e+00
3.000000000000000000e+03
1.500000000000000000e+01
0.000000000000000000e+00
0.000000000000000000e+00
0.000000000000000000e+00
0.000000000000000000e+00
0.000000000000000000e+00
0.000000000000000000e+00
0.000000000000000000e+00
0.000000000000000000e+00
0.000000000000000000e+00
0.000000000000000000e+00
0.000000000000000000e+00
0.000000000000000000e+00
0.000000000000000000e+00
0.000000000000000000e+00
0.000000000000000000e+00
0.000000000000000000e+00
0.000000000000000000e+00
0.000000000000000000e+00
0.000000000000000000e+00
0.000000000000000000e+00
7.500000000000000000e+01
4.000000000000000000e+01
0.000000000000000000e+00
1.000000000000000000e+02
7.500000000000000000e+01
7.500000000000000000e+01
1.000000000000000000e+02
0.000000000000000000e+00
0.000000000000000000e+00
0.000000000000000000e+00
0.000000000000000000e+00
0.000000000000000000e+00
0.000000000000000000e+00
0.000000000000000000e+00
0.000000000000000000e+00
0.000000000000000000e+00
0.000000000000000000e+00
7.000000000000000000e+02
0.000000000000000000e+00
0.000000000000000000e+00
0.000000000000000000e+00
0.000000000000000000e+00
0.000000000000000000e+00
0.000000000000000000e+00
0.000000000000000000e+00
0.000000000000000000e+00
0.000000000000000000e+00
0.000000000000000000e+00
0.000000000000000000e+00
1.080000000000000000e+02
0.000000000000000000e+00
0.000000000000000000e+00
4.400000000000000000e+01
6.000000000000000000e+00
8.000000000000000000e+00
7.000000000000000000e+01
0.000000000000000000e+00
0.000000000000000000e+00
9.500000000000000000e+01
2.680000000000000000e+02
8.620000000000000000e+02
2.950000000000000000e+02
6.310000000000000000e+02
6.610000000000000000e+02
0.000000000000000000e+00
9.630000000000000000e+02
6.360000000000000000e+02
2.006000000000000000e+03
1.481000000000000000e+03
1.019000000000000000e+03
1.236000000000000000e+03
0.000000000000000000e+00
8.004000000000000000e+03
2.678000000000000000e+03
5.310000000000000000e+03
8.647000000000000000e+03
3.153700000000000000e+04
7.494400000000000000e+04
2.862000000000000000e+03
2.003990000000000000e+05
2.242470000000000000e+05
1.704060000000000000e+05
4.773400000000000000e+04
0.000000000000000000e+00
0.000000000000000000e+00
0.000000000000000000e+00
1.659900000000000000e+04
2.512000000000000000e+04
2.633200000000000000e+04
2.977000000000000000e+04
4.273000000000000000e+04
6.344200000000000000e+04
0.000000000000000000e+00
2.355900000000000000e+04
3.962100000000000000e+04
8.779400000000000000e+04
1.228520000000000000e+05
1.281300000000000000e+05
1.978510000000000000e+05
0.000000000000000000e+00
2.263110000000000000e+05
2.539470000000000000e+05
1.442770000000000000e+05
4.903100000000000000e+04
1.435730000000000000e+05
3.261410000000000000e+05
0.000000000000000000e+00
6.002800000000000000e+05
3.090160000000000000e+05
2.875380000000000000e+05
5.062510000000000000e+05
5.819760000000000000e+05
5.613680000000000000e+05
0.000000000000000000e+00
7.666970000000000000e+05
6.217340000000000000e+05
6.613810000000000000e+05
6.891470000000000000e+05
7.191900000000000000e+05
6.090770000000000000e+05
0.000000000000000000e+00
9.596850000000000000e+05
8.819540000000000000e+05
9.072610000000000000e+05
8.374400000000000000e+05
9.005470000000000000e+05
9.514040000000000000e+05
0.000000000000000000e+00
1.428876000000000000e+06
1.037895000000000000e+06
9.009420000000000000e+05
7.885530000000000000e+05
8.288340000000000000e+05
8.747400000000000000e+05
0.000000000000000000e+00
1.126167000000000000e+06
9.760450000000000000e+05
9.712790000000000000e+05
8.999120000000000000e+05
8.893720000000000000e+05
9.266830000000000000e+05
0.000000000000000000e+00
1.095779000000000000e+06
8.095950000000000000e+05
7.532520000000000000e+05
6.832320000000000000e+05
6.454370000000000000e+05
7.341340000000000000e+05
0.000000000000000000e+00
7.466470000000000000e+05
6.032630000000000000e+05
5.423040000000000000e+05
5.789380000000000000e+05
5.727610000000000000e+05
5.332570000000000000e+05
0.000000000000000000e+00
5.906140000000000000e+05
4.501630000000000000e+05
4.550560000000000000e+05
4.071140000000000000e+05
3.761130000000000000e+05
3.433710000000000000e+05
0.000000000000000000e+00
4.676160000000000000e+05
4.074730000000000000e+05
3.747440000000000000e+05
3.348400000000000000e+05
3.277280000000000000e+05
2.266990000000000000e+05
0.000000000000000000e+00
3.877870000000000000e+05
3.021460000000000000e+05
2.921440000000000000e+05
2.888450000000000000e+05
2.971860000000000000e+05
2.777560000000000000e+05
0.000000000000000000e+00
3.725590000000000000e+05
3.070090000000000000e+05
2.415230000000000000e+05
2.844460000000000000e+05
3.035150000000000000e+05
2.560280000000000000e+05
0.000000000000000000e+00
3.400680000000000000e+05
3.036830000000000000e+05
2.388910000000000000e+05
2.561510000000000000e+05
2.310820000000000000e+05
2.343550000000000000e+05
0.000000000000000000e+00
2.747220000000000000e+05
2.249180000000000000e+05
1.210000000000000000e+03
3.055000000000000000e+04
4.566000000000000000e+05
2.787540000000000000e+05
0.000000000000000000e+00
3.753730000000000000e+05
2.536730000000000000e+05
2.040150000000000000e+05
2.512140000000000000e+05
2.979370000000000000e+05
2.547210000000000000e+05
5.600000000000000000e+02
3.478220000000000000e+05
3.099770000000000000e+05
3.089570000000000000e+05
2.912210000000000000e+05
3.242050000000000000e+05
2.922260000000000000e+05
8.370000000000000000e+03
4.765290000000000000e+05
4.048570000000000000e+05
3.401470000000000000e+05
2.119380000000000000e+05
4.613000000000000000e+04
0.000000000000000000e+00
0.000000000000000000e+00
1.860000000000000000e+03
1.030900000000000000e+05
1.526680000000000000e+05
1.463590000000000000e+05
1.656050000000000000e+05
1.603360000000000000e+05
0.000000000000000000e+00
2.243290000000000000e+05
1.796340000000000000e+05
1.806510000000000000e+05
1.440700000000000000e+05
1.725880000000000000e+05
1.123400000000000000e+05
0.000000000000000000e+00
1.724010000000000000e+05
1.364600000000000000e+05
1.307450000000000000e+05
7.998600000000000000e+04
1.421500000000000000e+05
1.067210000000000000e+05
0.000000000000000000e+00
1.337600000000000000e+05
9.831600000000000000e+04
1.183400000000000000e+05
1.106720000000000000e+05
1.162530000000000000e+05
8.885100000000000000e+04
0.000000000000000000e+00
1.268080000000000000e+05
7.878100000000000000e+04
7.260500000000000000e+04
7.823000000000000000e+04
8.314000000000000000e+04
5.697000000000000000e+04
0.000000000000000000e+00
8.840100000000000000e+04
6.530500000000000000e+04
6.391000000000000000e+04
5.418000000000000000e+04
5.833300000000000000e+04
3.664700000000000000e+04
0.000000000000000000e+00
5.716000000000000000e+04
3.466000000000000000e+04
3.723900000000000000e+04
4.304500000000000000e+04
4.521200000000000000e+04
2.882500000000000000e+04
0.000000000000000000e+00
4.380300000000000000e+04
2.983500000000000000e+04
3.108300000000000000e+04
2.376000000000000000e+04
2.318000000000000000e+04
2.867000000000000000e+04
0.000000000000000000e+00
2.632000000000000000e+04
1.946000000000000000e+04
1.243500000000000000e+04
1.010000000000000000e+04
8.790000000000000000e+03
6.770000000000000000e+03
0.000000000000000000e+00
1.211000000000000000e+04
6.975000000000000000e+03
7.280000000000000000e+03
7.990000000000000000e+03
6.070000000000000000e+03
5.620000000000000000e+03
0.000000000000000000e+00
7.265000000000000000e+03
4.640000000000000000e+03
4.250000000000000000e+03
3.600000000000000000e+03
4.090000000000000000e+03
3.840000000000000000e+03
0.000000000000000000e+00
2.890000000000000000e+03
2.790000000000000000e+03
3.120000000000000000e+03
2.560000000000000000e+03
2.180000000000000000e+03
2.600000000000000000e+02
0.000000000000000000e+00
5.200000000000000000e+02
1.400000000000000000e+02
8.000000000000000000e+01
0.000000000000000000e+00
0.000000000000000000e+00
0.000000000000000000e+00
0.000000000000000000e+00
0.000000000000000000e+00
1.100000000000000000e+02
0.000000000000000000e+00
0.000000000000000000e+00
0.000000000000000000e+00
0.000000000000000000e+00
0.000000000000000000e+00
5.000000000000000000e+01
0.000000000000000000e+00
0.000000000000000000e+00
2.000000000000000000e+01
3.000000000000000000e+01
0.000000000000000000e+00
0.000000000000000000e+00
0.000000000000000000e+00
3.000000000000000000e+01
0.000000000000000000e+00
0.000000000000000000e+00
0.000000000000000000e+00
0.000000000000000000e+00
0.000000000000000000e+00
0.000000000000000000e+00
0.000000000000000000e+00
0.000000000000000000e+00
4.000000000000000000e+02
0.000000000000000000e+00
0.000000000000000000e+00
0.000000000000000000e+00
0.000000000000000000e+00
0.000000000000000000e+00
0.000000000000000000e+00
0.000000000000000000e+00
0.000000000000000000e+00
0.000000000000000000e+00
0.000000000000000000e+00
0.000000000000000000e+00
0.000000000000000000e+00
0.000000000000000000e+00
0.000000000000000000e+00
0.000000000000000000e+00
0.000000000000000000e+00
0.000000000000000000e+00
0.000000000000000000e+00
0.000000000000000000e+00
0.000000000000000000e+00
0.000000000000000000e+00
0.000000000000000000e+00
0.000000000000000000e+00
0.000000000000000000e+00
0.000000000000000000e+00
0.000000000000000000e+00
0.000000000000000000e+00
0.000000000000000000e+00
0.000000000000000000e+00
0.000000000000000000e+00
0.000000000000000000e+00
0.000000000000000000e+00
0.000000000000000000e+00
0.000000000000000000e+00
0.000000000000000000e+00
0.000000000000000000e+00
0.000000000000000000e+00
0.000000000000000000e+00
0.000000000000000000e+00
0.000000000000000000e+00
0.000000000000000000e+00
0.000000000000000000e+00
0.000000000000000000e+00
0.000000000000000000e+00
0.000000000000000000e+00
0.000000000000000000e+00
0.000000000000000000e+00
0.000000000000000000e+00
0.000000000000000000e+00
0.000000000000000000e+00
0.000000000000000000e+00
0.000000000000000000e+00
0.000000000000000000e+00
0.000000000000000000e+00
0.000000000000000000e+00
0.000000000000000000e+00
0.000000000000000000e+00
0.000000000000000000e+00
0.000000000000000000e+00
0.000000000000000000e+00
4.970000000000000000e+02
0.000000000000000000e+00
0.000000000000000000e+00
1.600000000000000000e+01
1.160000000000000000e+02
0.000000000000000000e+00
0.000000000000000000e+00
0.000000000000000000e+00
1.800000000000000000e+02
3.090000000000000000e+02
2.200000000000000000e+01
7.000000000000000000e+01
0.000000000000000000e+00
6.600000000000000000e+01
7.170000000000000000e+02
0.000000000000000000e+00
0.000000000000000000e+00
3.300000000000000000e+01
0.000000000000000000e+00
0.000000000000000000e+00
1.890000000000000000e+02
4.720000000000000000e+02
0.000000000000000000e+00
0.000000000000000000e+00
4.410000000000000000e+02
2.600000000000000000e+01
0.000000000000000000e+00
0.000000000000000000e+00
0.000000000000000000e+00
3.000000000000000000e+01
0.000000000000000000e+00
4.600000000000000000e+01
0.000000000000000000e+00
0.000000000000000000e+00
1.180000000000000000e+02
3.990000000000000000e+02
4.180000000000000000e+02
4.910000000000000000e+02
0.000000000000000000e+00
5.060000000000000000e+02
0.000000000000000000e+00
1.683000000000000000e+03
1.760000000000000000e+03
1.699000000000000000e+03
4.000000000000000000e+01
5.110000000000000000e+02
1.640000000000000000e+03
0.000000000000000000e+00
5.500000000000000000e+02
3.700000000000000000e+02
1.697000000000000000e+03
2.393000000000000000e+03
1.937000000000000000e+03
8.331000000000000000e+03
0.000000000000000000e+00
7.812000000000000000e+03
2.238900000000000000e+04
2.041500000000000000e+04
3.245500000000000000e+04
2.611100000000000000e+04
4.055200000000000000e+04
8.000000000000000000e+01
1.283520000000000000e+05
1.150650000000000000e+05
1.428870000000000000e+05
1.945820000000000000e+05
2.616140000000000000e+05
3.190590000000000000e+05
1.426100000000000000e+04
6.122490000000000000e+05
3.190210000000000000e+05
9.110500000000000000e+04
0.000000000000000000e+00
0.000000000000000000e+00
0.000000000000000000e+00
0.000000000000000000e+00
4.169320000000000000e+05
3.856040000000000000e+05
4.060240000000000000e+05
4.725240000000000000e+05
5.192380000000000000e+05
6.306790000000000000e+05
0.000000000000000000e+00
8.519480000000000000e+05
4.003900000000000000e+05
6.099180000000000000e+05
6.257110000000000000e+05
4.509430000000000000e+05
7.763990000000000000e+05
0.000000000000000000e+00
9.862470000000000000e+05
7.721750000000000000e+05
7.600010000000000000e+05
7.048770000000000000e+05
6.443860000000000000e+05
7.494630000000000000e+05
0.000000000000000000e+00
1.328693000000000000e+06
1.033943000000000000e+06
9.688970000000000000e+05
9.039570000000000000e+05
6.734960000000000000e+05
9.135110000000000000e+05
0.000000000000000000e+00
1.126170000000000000e+06
8.277200000000000000e+05
7.333120000000000000e+05
8.678720000000000000e+05
8.826070000000000000e+05
9.233920000000000000e+05
0.000000000000000000e+00
1.123317000000000000e+06
8.696400000000000000e+05
8.091280000000000000e+05
7.634940000000000000e+05
7.157060000000000000e+05
6.773600000000000000e+05
0.000000000000000000e+00
7.637860000000000000e+05
5.957580000000000000e+05
4.787770000000000000e+05
4.227310000000000000e+05
3.303100000000000000e+05
4.266790000000000000e+05
0.000000000000000000e+00
5.449360000000000000e+05
4.256520000000000000e+05
4.147450000000000000e+05
3.929110000000000000e+05
4.311960000000000000e+05
3.847010000000000000e+05
0.000000000000000000e+00
4.190290000000000000e+05
3.406370000000000000e+05
3.463780000000000000e+05
3.358440000000000000e+05
3.219370000000000000e+05
2.684310000000000000e+05
0.000000000000000000e+00
3.448900000000000000e+05
2.842160000000000000e+05
2.013270000000000000e+05
2.412620000000000000e+05
2.372600000000000000e+05
2.196520000000000000e+05
0.000000000000000000e+00
2.574520000000000000e+05
2.029180000000000000e+05
1.885770000000000000e+05
1.827200000000000000e+05
2.347300000000000000e+05
2.033790000000000000e+05
0.000000000000000000e+00
2.848510000000000000e+05
2.296840000000000000e+05
2.589960000000000000e+05
2.496110000000000000e+05
2.147630000000000000e+05
1.528500000000000000e+05
0.000000000000000000e+00
2.452650000000000000e+05
1.997520000000000000e+05
2.049050000000000000e+05
1.339450000000000000e+05
