0.000000000000000000e+00
2.724000000000000000e+04
2.406400000000000000e+04
4.289700000000000000e+04
3.445400000000000000e+04
5.460000000000000000e+04
1.880000000000000000e+04
0.000000000000000000e+00
6.587700000000000000e+04
2.919500000000000000e+04
4.211600000000000000e+04
3.999400000000000000e+04
5.081300000000000000e+04
1.763000000000000000e+04
0.000000000000000000e+00
6.571900000000000000e+04
5.326500000000000000e+04
6.224100000000000000e+04
4.136300000000000000e+04
3.320000000000000000e+04
1.720300000000000000e+04
0.000000000000000000e+00
3.144800000000000000e+04
2.201000000000000000e+04
0.000000000000000000e+00
0.000000000000000000e+00
0.000000000000000000e+00
0.000000000000000000e+00
0.000000000000000000e+00
0.000000000000000000e+00
0.000000000000000000e+00
2.281300000000000000e+04
3.123500000000000000e+04
4.973000000000000000e+04
2.776000000000000000e+04
0.000000000000000000e+00
5.738900000000000000e+04
4.227400000000000000e+04
5.752100000000000000e+04
5.132100000000000000e+04
5.914200000000000000e+04
2.693300000000000000e+04
0.000000000000000000e+00
6.313000000000000000e+04
4.741800000000000000e+04
6.625600000000000000e+04
4.197800000000000000e+04
6.326900000000000000e+04
3.759200000000000000e+04
0.000000000000000000e+00
3.340800000000000000e+04
3.846900000000000000e+04
5.033200000000000000e+04
4.718100000000000000e+04
4.073100000000000000e+04
2.539800000000000000e+04
0.000000000000000000e+00
4.369900000000000000e+04
4.850800000000000000e+04
2.489700000000000000e+04
3.039600000000000000e+04
3.827700000000000000e+04
3.645200000000000000e+04
0.000000000000000000e+00
4.418800000000000000e+04
5.135800000000000000e+04
3.348700000000000000e+04
3.704900000000000000e+04
3.189700000000000000e+04
1.694600000000000000e+04
0.000000000000000000e+00
9.647000000000000000e+04
2.892000000000000000e+04
3.314800000000000000e+04
4.597800000000000000e+04
4.364800000000000000e+04
2.291700000000000000e+04
0.000000000000000000e+00
4.601000000000000000e+04
2.623700000000000000e+04
3.757400000000000000e+04
7.978400000000000000e+04
4.827200000000000000e+04
2.189800000000000000e+04
0.000000000000000000e+00
3.915100000000000000e+04
3.977300000000000000e+04
3.244200000000000000e+04
2.138800000000000000e+04
4.929800000000000000e+04
1.243600000000000000e+04
0.000000000000000000e+00
3.944300000000000000e+04
3.035400000000000000e+04
4.658300000000000000e+04
1.740200000000000000e+04
4.084900000000000000e+04
2.852200000000000000e+04
0.000000000000000000e+00
6.178600000000000000e+04
4.278100000000000000e+04
4.326300000000000000e+04
3.888600000000000000e+04
4.142400000000000000e+04
1.567800000000000000e+04
0.000000000000000000e+00
2.774400000000000000e+04
2.631200000000000000e+04
4.647900000000000000e+04
8.699200000000000000e+04
4.791800000000000000e+04
3.267800000000000000e+04
0.000000000000000000e+00
4.600200000000000000e+04
4.799400000000000000e+04
3.437400000000000000e+04
2.748700000000000000e+04
2.882700000000000000e+04
5.745600000000000000e+04
0.000000000000000000e+00
3.778900000000000000e+04
5.145800000000000000e+04
1.819100000000000000e+04
3.563000000000000000e+04
2.672900000000000000e+04
6.483100000000000000e+04
0.000000000000000000e+00
6.336800000000000000e+04
4.393600000000000000e+04
1.497700000000000000e+04
4.438800000000000000e+04
6.880300000000000000e+04
2.849100000000000000e+04
0.000000000000000000e+00
4.906300000000000000e+04
3.652800000000000000e+04
3.534000000000000000e+04
3.487000000000000000e+04
4.194000000000000000e+04
2.244100000000000000e+04
0.000000000000000000e+00
7.341500000000000000e+04
5.151000000000000000e+04
4.795500000000000000e+04
3.437500000000000000e+04
8.028300000000000000e+04
1.598900000000000000e+04
0.000000000000000000e+00
4.526700000000000000e+04
3.929200000000000000e+04
7.354600000000000000e+04
4.717500000000000000e+04
3.117200000000000000e+04
6.420600000000000000e+04
0.000000000000000000e+00
4.530100000000000000e+04
3.465200000000000000e+04
5.483100000000000000e+04
3.834500000000000000e+04
3.542100000000000000e+04
5.524400000000000000e+04
0.000000000000000000e+00
4.142900000000000000e+04
3.065600000000000000e+04
4.976000000000000000e+04
4.334300000000000000e+04
5.155200000000000000e+04
3.115500000000000000e+04
0.000000000000000000e+00
3.725700000000000000e+04
2.649300000000000000e+04
3.211200000000000000e+04
4.179800000000000000e+04
3.818100000000000000e+04
2.786200000000000000e+04
0.000000000000000000e+00
3.037400000000000000e+04
3.763800000000000000e+04
2.179200000000000000e+04
3.025100000000000000e+04
4.889100000000000000e+04
3.541900000000000000e+04
0.000000000000000000e+00
2.112100000000000000e+04
4.107300000000000000e+04
2.692200000000000000e+04
2.201100000000000000e+04
9.544000000000000000e+03
4.237100000000000000e+04
0.000000000000000000e+00
3.913100000000000000e+04
3.824000000000000000e+04
3.398500000000000000e+04
1.281900000000000000e+04
4.036200000000000000e+04
1.661300000000000000e+04
0.000000000000000000e+00
2.009800000000000000e+04
3.205000000000000000e+04
1.838100000000000000e+04
2.735700000000000000e+04
1.695700000000000000e+04
1.996800000000000000e+04
0.000000000000000000e+00
2.132400000000000000e+04
2.660300000000000000e+04
2.759900000000000000e+04
3.052200000000000000e+04
1.874700000000000000e+04
9.908000000000000000e+03
0.000000000000000000e+00
5.706900000000000000e+04
1.974300000000000000e+04
2.685800000000000000e+04
2.069400000000000000e+04
3.204400000000000000e+04
2.317000000000000000e+03
0.000000000000000000e+00
3.410600000000000000e+04
3.784900000000000000e+04
1.936600000000000000e+04
4.573400000000000000e+04
3.689200000000000000e+04
1.371700000000000000e+04
0.000000000000000000e+00
1.177200000000000000e+04
1.789900000000000000e+04
2.012300000000000000e+04
1.887600000000000000e+04
1.863500000000000000e+04
2.315500000000000000e+04
0.000000000000000000e+00
2.283000000000000000e+04
2.302800000000000000e+04
4.462700000000000000e+04
1.052300000000000000e+04
2.675700000000000000e+04
2.705000000000000000e+04
0.000000000000000000e+00
1.708400000000000000e+04
3.395000000000000000e+04
2.219500000000000000e+04
4.415700000000000000e+04
2.278700000000000000e+04
1.502300000000000000e+04
0.000000000000000000e+00
3.008300000000000000e+04
2.636500000000000000e+04
3.287200000000000000e+04
2.338300000000000000e+04
2.703000000000000000e+04
1.652600000000000000e+04
0.000000000000000000e+00
2.356800000000000000e+04
3.587800000000000000e+04
2.387100000000000000e+04
1.507000000000000000e+04
6.556300000000000000e+04
1.451000000000000000e+04
0.000000000000000000e+00
3.939700000000000000e+04
4.105500000000000000e+04
5.000500000000000000e+04
4.588700000000000000e+04
3.877200000000000000e+04
3.107000000000000000e+04
0.000000000000000000e+00
4.454500000000000000e+04
4.099200000000000000e+04
2.162400000000000000e+04
2.545700000000000000e+04
2.344200000000000000e+04
2.383700000000000000e+04
9.200000000000000000e+02
3.054800000000000000e+04
3.953000000000000000e+03
0.000000000000000000e+00
0.000000000000000000e+00
0.000000000000000000e+00
1.411400000000000000e+04
0.000000000000000000e+00
1.439800000000000000e+04
4.005300000000000000e+04
2.624200000000000000e+04
1.910300000000000000e+04
2.135700000000000000e+04
4.585700000000000000e+04
0.000000000000000000e+00
6.580200000000000000e+04
3.844400000000000000e+04
3.308400000000000000e+04
2.094000000000000000e+04
1.313700000000000000e+04
1.606200000000000000e+04
0.000000000000000000e+00
2.441900000000000000e+04
2.481000000000000000e+04
2.300000000000000000e+04
2.359600000000000000e+04
2.454200000000000000e+04
1.575200000000000000e+04
0.000000000000000000e+00
2.237500000000000000e+04
3.890200000000000000e+04
2.192600000000000000e+04
4.609800000000000000e+04
2.448400000000000000e+04
1.561600000000000000e+04
0.000000000000000000e+00
4.042000000000000000e+04
2.635200000000000000e+04
2.285500000000000000e+04
2.791400000000000000e+04
3.176500000000000000e+04
1.632400000000000000e+04
0.000000000000000000e+00
3.950300000000000000e+04
2.219100000000000000e+04
3.068600000000000000e+04
3.469100000000000000e+04
2.943000000000000000e+04
1.661900000000000000e+04
0.000000000000000000e+00
3.024600000000000000e+04
2.642600000000000000e+04
7.248900000000000000e+04
4.196000000000000000e+04
2.873200000000000000e+04
2.046900000000000000e+04
0.000000000000000000e+00
4.839700000000000000e+04
2.572500000000000000e+04
2.947200000000000000e+04
3.886100000000000000e+04
4.074500000000000000e+04
2.944300000000000000e+04
0.000000000000000000e+00
6.050600000000000000e+04
3.101700000000000000e+04
4.638300000000000000e+04
5.756200000000000000e+04
6.773300000000000000e+04
2.364900000000000000e+04
0.000000000000000000e+00
6.950100000000000000e+04
4.903400000000000000e+04
4.847500000000000000e+04
2.401700000000000000e+04
3.993900000000000000e+04
1.665700000000000000e+04
0.000000000000000000e+00
5.601600000000000000e+04
3.399500000000000000e+04
4.524600000000000000e+04
6.012100000000000000e+04
3.526000000000000000e+04
1.661600000000000000e+04
0.000000000000000000e+00
2.448300000000000000e+04
2.240700000000000000e+04
4.442500000000000000e+04
4.737900000000000000e+04
4.847500000000000000e+04
1.149200000000000000e+04
0.000000000000000000e+00
0.000000000000000000e+00
1.082500000000000000e+04
5.740600000000000000e+04
3.492600000000000000e+04
4.342900000000000000e+04
2.655700000000000000e+04
0.000000000000000000e+00
5.939300000000000000e+04
2.446100000000000000e+04
4.128200000000000000e+04
2.132600000000000000e+04
3.226900000000000000e+04
1.642800000000000000e+04
0.000000000000000000e+00
3.806000000000000000e+04
3.852500000000000000e+04
4.603100000000000000e+04
2.902500000000000000e+04
5.088900000000000000e+04
2.969200000000000000e+04
0.000000000000000000e+00
5.275300000000000000e+04
5.914000000000000000e+04
4.424700000000000000e+04
3.298000000000000000e+04
3.996400000000000000e+04
1.204700000000000000e+04
0.000000000000000000e+00
3.560500000000000000e+04
3.276100000000000000e+04
4.496500000000000000e+04
4.164700000000000000e+04
4.873300000000000000e+04
3.595300000000000000e+04
0.000000000000000000e+00
5.976700000000000000e+04
2.782400000000000000e+04
4.666700000000000000e+04
2.926800000000000000e+04
4.220600000000000000e+04
1.987500000000000000e+04
0.000000000000000000e+00
4.948500000000000000e+04
2.340300000000000000e+04
3.065500000000000000e+04
6.150000000000000000e+02
0.000000000000000000e+00
0.000000000000000000e+00
0.000000000000000000e+00
8.412000000000000000e+03
3.340300000000000000e+04
3.492700000000000000e+04
4.028600000000000000e+04
4.932200000000000000e+04
3.226700000000000000e+04
0.000000000000000000e+00
5.332900000000000000e+04
3.358500000000000000e+04
5.484300000000000000e+04
2.257000000000000000e+04
2.825900000000000000e+04
2.433200000000000000e+04
0.000000000000000000e+00
4.878600000000000000e+04
2.586300000000000000e+04
5.125600000000000000e+04
4.404600000000000000e+04
3.557300000000000000e+04
3.794700000000000000e+04
0.000000000000000000e+00
7.307500000000000000e+04
5.124800000000000000e+04
4.457700000000000000e+04
4.907400000000000000e+04
2.808000000000000000e+04
5.067000000000000000e+04
0.000000000000000000e+00
5.187300000000000000e+04
3.012400000000000000e+04
3.982700000000000000e+04
2.684900000000000000e+04
4.903300000000000000e+04
3.194400000000000000e+04
0.000000000000000000e+00
5.262600000000000000e+04
4.856700000000000000e+04
6.591400000000000000e+04
3.470700000000000000e+04
6.910000000000000000e+04
2.483400000000000000e+04
0.000000000000000000e+00
5.179600000000000000e+04
3.093400000000000000e+04
5.028800000000000000e+04
2.613200000000000000e+04
2.913700000000000000e+04
2.947900000000000000e+04
0.000000000000000000e+00
6.346600000000000000e+04
3.332500000000000000e+04
4.481900000000000000e+04
2.899500000000000000e+04
4.509400000000000000e+04
2.774200000000000000e+04
0.000000000000000000e+00
4.709700000000000000e+04
4.519300000000000000e+04
8.516900000000000000e+04
4.631500000000000000e+04
3.988400000000000000e+04
2.037700000000000000e+04
0.000000000000000000e+00
4.149400000000000000e+04
3.948000000000000000e+04
3.738700000000000000e+04
2.838100000000000000e+04
3.850700000000000000e+04
9.406900000000000000e+04
0.000000000000000000e+00
9.093100000000000000e+04
2.367300000000000000e+04
2.090100000000000000e+04
3.976400000000000000e+04
5.786100000000000000e+04
2.009400000000000000e+04
0.000000000000000000e+00
1.772000000000000000e+04
2.432700000000000000e+04
3.437600000000000000e+04
2.686300000000000000e+04
8.207900000000000000e+04
1.714600000000000000e+04
0.000000000000000000e+00
7.045500000000000000e+04
5.851800000000000000e+04
4.462500000000000000e+04
4.596400000000000000e+04
2.336900000000000000e+04
1.312500000000000000e+04
0.000000000000000000e+00
7.448000000000000000e+04
1.620000000000000000e+04
5.928000000000000000e+04
4.550200000000000000e+04
5.116400000000000000e+04
3.310400000000000000e+04
0.000000000000000000e+00
5.437700000000000000e+04
3.105600000000000000e+04
3.302900000000000000e+04
7.182500000000000000e+04
5.735300000000000000e+04
2.102500000000000000e+04
0.000000000000000000e+00
3.356300000000000000e+04
3.524200000000000000e+04
2.746100000000000000e+04
3.499800000000000000e+04
3.388700000000000000e+04
1.605700000000000000e+04
0.000000000000000000e+00
4.455400000000000000e+04
3.474700000000000000e+04
2.330200000000000000e+04
3.829100000000000000e+04
5.229100000000000000e+04
2.245800000000000000e+04
0.000000000000000000e+00
3.934600000000000000e+04
4.842100000000000000e+04
4.430700000000000000e+04
2.360600000000000000e+04
4.708200000000000000e+04
1.894200000000000000e+04
0.000000000000000000e+00
5.819600000000000000e+04
4.726000000000000000e+04
3.253400000000000000e+04
2.677400000000000000e+04
1.942200000000000000e+04
3.047000000000000000e+04
0.000000000000000000e+00
3.503500000000000000e+04
4.241100000000000000e+04
3.953700000000000000e+04
2.592500000000000000e+04
2.357800000000000000e+04
1.594200000000000000e+04
0.000000000000000000e+00
4.773600000000000000e+04
4.099600000000000000e+04
3.820400000000000000e+04
2.916600000000000000e+04
4.089700000000000000e+04
1.316300000000000000e+04
0.000000000000000000e+00
4.834400000000000000e+04
2.891800000000000000e+04
3.444200000000000000e+04
3.774300000000000000e+04
3.269200000000000000e+04
1.813700000000000000e+04
0.000000000000000000e+00
3.549100000000000000e+04
3.819000000000000000e+04
3.202700000000000000e+04
2.447400000000000000e+04
2.960100000000000000e+04
1.117900000000000000e+04
0.000000000000000000e+00
2.685500000000000000e+04
4.752700000000000000e+04
2.617800000000000000e+04
1.815100000000000000e+04
2.025500000000000000e+04
1.938000000000000000e+03
0.000000000000000000e+00
2.553200000000000000e+04
2.570300000000000000e+04
3.527900000000000000e+04
2.282100000000000000e+04
3.540200000000000000e+04
3.565700000000000000e+04
0.000000000000000000e+00
3.482800000000000000e+04
3.144900000000000000e+04
3.891900000000000000e+04
2.874500000000000000e+04
2.677400000000000000e+04
0.000000000000000000e+00
0.000000000000000000e+00
4.300000000000000000e+04
3.134800000000000000e+04
4.288400000000000000e+04
3.659200000000000000e+04
1.483800000000000000e+04
1.466000000000000000e+04
0.000000000000000000e+00
6.314100000000000000e+04
2.770500000000000000e+04
3.464700000000000000e+04
2.098500000000000000e+04
2.490000000000000000e+04
1.250100000000000000e+04
0.000000000000000000e+00
2.856900000000000000e+04
4.126900000000000000e+04
3.454500000000000000e+04
3.434100000000000000e+04
5.883700000000000000e+04
3.279300000000000000e+04
0.000000000000000000e+00
4.913700000000000000e+04
4.692400000000000000e+04
8.389200000000000000e+04
5.104800000000000000e+04
7.786500000000000000e+04
4.300900000000000000e+04
2.896000000000000000e+03
7.126100000000000000e+04
4.523400000000000000e+04
3.437000000000000000e+04
4.214000000000000000e+04
2.748300000000000000e+04
1.232500000000000000e+04
0.000000000000000000e+00
0.000000000000000000e+00
0.000000000000000000e+00
0.000000000000000000e+00
2.302700000000000000e+04
4.980300000000000000e+04
2.658800000000000000e+04
0.000000000000000000e+00
4.988600000000000000e+04
2.816200000000000000e+04
2.899400000000000000e+04
2.068100000000000000e+04
2.349800000000000000e+04
1.304500000000000000e+04
0.000000000000000000e+00
3.151600000000000000e+04
2.171700000000000000e+04
2.894600000000000000e+04
2.351100000000000000e+04
2.625600000000000000e+04
1.346800000000000000e+04
0.000000000000000000e+00
4.664400000000000000e+04
3.845400000000000000e+04
3.952400000000000000e+04
2.618600000000000000e+04
3.372100000000000000e+04
2.213300000000000000e+04
0.000000000000000000e+00
2.966700000000000000e+04
3.718700000000000000e+04
2.201300000000000000e+04
3.231600000000000000e+04
1.619900000000000000e+04
1.253200000000000000e+04
0.000000000000000000e+00
2.107200000000000000e+04
2.378500000000000000e+04
2.820600000000000000e+04
3.467900000000000000e+04
1.674100000000000000e+04
2.328500000000000000e+04
0.000000000000000000e+00
3.375900000000000000e+04
2.493300000000000000e+04
2.323400000000000000e+04
2.196100000000000000e+04
1.655400000000000000e+04
1.717500000000000000e+04
0.000000000000000000e+00
3.723700000000000000e+04
4.555500000000000000e+04
2.600600000000000000e+04
3.621200000000000000e+04
3.933100000000000000e+04
2.436700000000000000e+04
0.000000000000000000e+00
3.816000000000000000e+04
5.104200000000000000e+04
2.359500000000000000e+04
2.003900000000000000e+04
2.454500000000000000e+04
1.446100000000000000e+04
0.000000000000000000e+00
3.848700000000000000e+04
3.293100000000000000e+04
3.631900000000000000e+04
2.102100000000000000e+04
2.921800000000000000e+04
1.737000000000000000e+04
0.000000000000000000e+00
5.043700000000000000e+04
2.584200000000000000e+04
2.739100000000000000e+04
2.362600000000000000e+04
3.039500000000000000e+04
1.690800000000000000e+04
0.000000000000000000e+00
3.416800000000000000e+04
2.761200000000000000e+04
3.184500000000000000e+04
2.000500000000000000e+04
3.126200000000000000e+04
4.583600000000000000e+04
0.000000000000000000e+00
5.066100000000000000e+04
3.223300000000000000e+04
5.416100000000000000e+04
3.579000000000000000e+04
4.095100000000000000e+04
1.449000000000000000e+04
0.000000000000000000e+00
3.720700000000000000e+04
1.912400000000000000e+04
2.615800000000000000e+04
2.056700000000000000e+04
3.516200000000000000e+04
1.428000000000000000e+04
0.000000000000000000e+00
2.442600000000000000e+04
5.000000000000000000e+01
2.830000000000000000e+03
5.051800000000000000e+04
3.439900000000000000e+04
2.697900000000000000e+04
0.000000000000000000e+00
4.436300000000000000e+04
2.640400000000000000e+04
2.821400000000000000e+04
4.215700000000000000e+04
2.965100000000000000e+04
2.370200000000000000e+04
0.000000000000000000e+00
3.763700000000000000e+04
2.729200000000000000e+04
5.165300000000000000e+04
2.182300000000000000e+04
4.116400000000000000e+04
2.955200000000000000e+04
0.000000000000000000e+00
5.386300000000000000e+04
5.050800000000000000e+04
4.553900000000000000e+04
5.194000000000000000e+04
6.207800000000000000e+04
2.421300000000000000e+04
0.000000000000000000e+00
4.731300000000000000e+04
2.753700000000000000e+04
2.665700000000000000e+04
2.038700000000000000e+04
2.132600000000000000e+04
1.077300000000000000e+04
5.020000000000000000e+02
1.339000000000000000e+03
0.000000000000000000e+00
0.000000000000000000e+00
5.000000000000000000e+02
1.765200000000000000e+04
2.138900000000000000e+04
0.000000000000000000e+00
5.761600000000000000e+04
2.365200000000000000e+04
3.498300000000000000e+04
3.227800000000000000e+04
3.613100000000000000e+04
1.879100000000000000e+04
0.000000000000000000e+00
5.506400000000000000e+04
2.970000000000000000e+04
4.627800000000000000e+04
2.729600000000000000e+04
7.744600000000000000e+04
2.085000000000000000e+04
0.000000000000000000e+00
5.062500000000000000e+04
3.382600000000000000e+04
3.170700000000000000e+04
4.527200000000000000e+04
3.632600000000000000e+04
1.267900000000000000e+04
0.000000000000000000e+00
3.339800000000000000e+04
3.071400000000000000e+04
2.895900000000000000e+04
4.131100000000000000e+04
4.250800000000000000e+04
2.695600000000000000e+04
0.000000000000000000e+00
3.340700000000000000e+04
4.650900000000000000e+04
2.890400000000000000e+04
4.338800000000000000e+04
3.812100000000000000e+04
2.537800000000000000e+04
0.000000000000000000e+00
3.658900000000000000e+04
2.669500000000000000e+04
4.687200000000000000e+04
3.921000000000000000e+04
3.420100000000000000e+04
1.831200000000000000e+04
0.000000000000000000e+00
2.543900000000000000e+04
3.135900000000000000e+04
2.197400000000000000e+04
2.418900000000000000e+04
2.279900000000000000e+04
1.805200000000000000e+04
0.000000000000000000e+00
3.397600000000000000e+04
3.233300000000000000e+04
2.342900000000000000e+04
2.780400000000000000e+04
2.440800000000000000e+04
8.446000000000000000e+03
0.000000000000000000e+00
2.662400000000000000e+04
3.837900000000000000e+04
3.397300000000000000e+04
2.185000000000000000e+04
2.091200000000000000e+04
1.824400000000000000e+04
0.000000000000000000e+00
4.104900000000000000e+04
2.522000000000000000e+04
1.001720000000000000e+05
5.841900000000000000e+04
4.331800000000000000e+04
2.049500000000000000e+04
0.000000000000000000e+00
2.597200000000000000e+04
3.729000000000000000e+04
1.236700000000000000e+04
5.421300000000000000e+04
2.769400000000000000e+04
1.333600000000000000e+04
0.000000000000000000e+00
1.967300000000000000e+04
4.532400000000000000e+04
2.124900000000000000e+04
2.365000000000000000e+04
7.713300000000000000e+04
2.579200000000000000e+04
0.000000000000000000e+00
3.291000000000000000e+04
4.155700000000000000e+04
3.466800000000000000e+04
3.076300000000000000e+04
3.837000000000000000e+04
5.382800000000000000e+04
0.000000000000000000e+00
5.686000000000000000e+04
3.426300000000000000e+04
3.037600000000000000e+04
4.259900000000000000e+04
6.189100000000000000e+04
1.655200000000000000e+04
0.000000000000000000e+00
4.811400000000000000e+04
5.689900000000000000e+04
2.898900000000000000e+04
4.250500000000000000e+04
3.067300000000000000e+04
2.609900000000000000e+04
0.000000000000000000e+00
4.236900000000000000e+04
5.259800000000000000e+04
5.496800000000000000e+04
3.029100000000000000e+04
7.875100000000000000e+04
3.716800000000000000e+04
0.000000000000000000e+00
5.657500000000000000e+04
4.707000000000000000e+04
6.150100000000000000e+04
2.552300000000000000e+04
4.339700000000000000e+04
2.564100000000000000e+04
0.000000000000000000e+00
7.765300000000000000e+04
6.668700000000000000e+04
5.281600000000000000e+04
3.373200000000000000e+04
3.321500000000000000e+04
1.452000000000000000e+04
0.000000000000000000e+00
5.860300000000000000e+04
4.258700000000000000e+04
3.609500000000000000e+04
4.872800000000000000e+04
3.938600000000000000e+04
1.390200000000000000e+04
0.000000000000000000e+00
3.936200000000000000e+04
4.001500000000000000e+04
2.683700000000000000e+04
1.775100000000000000e+04
1.293770000000000000e+05
2.874200000000000000e+04
0.000000000000000000e+00
5.047300000000000000e+04
2.432800000000000000e+04
1.999100000000000000e+04
1.320700000000000000e+04
2.033900000000000000e+04
9.520000000000000000e+03
0.000000000000000000e+00
3.440600000000000000e+04
4.155500000000000000e+04
2.573800000000000000e+04
3.344900000000000000e+04
3.567400000000000000e+04
1.331200000000000000e+04
0.000000000000000000e+00
2.936400000000000000e+04
1.525400000000000000e+04
2.893900000000000000e+04
1.779000000000000000e+04
2.887200000000000000e+04
1.292700000000000000e+04
0.000000000000000000e+00
2.140900000000000000e+04
1.984500000000000000e+04
4.675700000000000000e+04
9.006000000000000000e+03
2.644400000000000000e+04
1.051000000000000000e+04
0.000000000000000000e+00
1.195300000000000000e+04
1.445500000000000000e+04
3.641100000000000000e+04
1.738800000000000000e+04
2.038300000000000000e+04
1.207000000000000000e+03
0.000000000000000000e+00
1.597400000000000000e+04
1.283100000000000000e+04
1.728000000000000000e+04
3.033500000000000000e+04
2.010800000000000000e+04
9.591000000000000000e+03
0.000000000000000000e+00
3.725900000000000000e+04
2.025800000000000000e+04
2.568200000000000000e+04
2.536900000000000000e+04
2.644200000000000000e+04
1.189000000000000000e+04
0.000000000000000000e+00
2.728900000000000000e+04
2.548300000000000000e+04
1.991700000000000000e+04
2.822400000000000000e+04
2.220300000000000000e+04
1.257000000000000000e+04
0.000000000000000000e+00
2.599500000000000000e+04
3.496500000000000000e+04
2.039000000000000000e+04
3.314800000000000000e+04
3.807500000000000000e+04
4.000600000000000000e+04
0.000000000000000000e+00
6.149000000000000000e+04
8.255600000000000000e+04
4.604800000000000000e+04
5.371400000000000000e+04
2.580000000000000000e+04
1.956700000000000000e+04
6.700000000000000000e+02
3.536100000000000000e+04
3.885300000000000000e+04
2.888900000000000000e+04
1.012100000000000000e+04
0.000000000000000000e+00
0.000000000000000000e+00
0.000000000000000000e+00
3.445000000000000000e+04
4.986600000000000000e+04
4.764100000000000000e+04
8.181000000000000000e+04
3.883800000000000000e+04
1.792200000000000000e+04
0.000000000000000000e+00
2.833300000000000000e+04
3.240400000000000000e+04
3.694400000000000000e+04
3.328200000000000000e+04
2.583400000000000000e+04
1.394900000000000000e+04
0.000000000000000000e+00
4.867600000000000000e+04
1.679900000000000000e+04
3.318800000000000000e+04
2.749500000000000000e+04
2.812400000000000000e+04
1.132700000000000000e+04
0.000000000000000000e+00
3.559100000000000000e+04
2.358500000000000000e+04
2.155400000000000000e+04
3.858800000000000000e+04
2.267300000000000000e+04
1.350200000000000000e+04
0.000000000000000000e+00
4.390500000000000000e+04
5.945900000000000000e+04
3.788700000000000000e+04
2.305300000000000000e+04
2.566600000000000000e+04
1.490400000000000000e+04
0.000000000000000000e+00
4.326100000000000000e+04
3.557900000000000000e+04
2.673300000000000000e+04
1.765400000000000000e+04
2.929600000000000000e+04
2.464800000000000000e+04
0.000000000000000000e+00
3.783400000000000000e+04
2.638000000000000000e+04
3.071900000000000000e+04
6.566900000000000000e+04
2.589400000000000000e+04
1.538700000000000000e+04
0.000000000000000000e+00
6.260400000000000000e+04
3.380900000000000000e+04
3.092000000000000000e+04
2.161900000000000000e+04
2.636600000000000000e+04
2.406500000000000000e+04
0.000000000000000000e+00
3.841800000000000000e+04
5.135900000000000000e+04
4.654100000000000000e+04
3.127400000000000000e+04
2.980900000000000000e+04
2.201800000000000000e+04
0.000000000000000000e+00
4.010100000000000000e+04
3.596400000000000000e+04
3.286300000000000000e+04
1.945400000000000000e+04
5.344800000000000000e+04
1.929200000000000000e+04
0.000000000000000000e+00
2.743400000000000000e+04
2.485600000000000000e+04
2.755300000000000000e+04
3.157600000000000000e+04
2.305800000000000000e+04
1.205700000000000000e+04
0.000000000000000000e+00
4.090100000000000000e+04
3.693200000000000000e+04
2.637500000000000000e+04
3.099600000000000000e+04
2.755300000000000000e+04
1.221000000000000000e+04
0.000000000000000000e+00
2.958900000000000000e+04
3.862500000000000000e+04
3.141600000000000000e+04
4.424900000000000000e+04
3.213100000000000000e+04
1.500300000000000000e+04
0.000000000000000000e+00
4.937700000000000000e+04
2.600900000000000000e+04
2.935300000000000000e+04
3.417500000000000000e+04
3.982700000000000000e+04
1.910800000000000000e+04
0.000000000000000000e+00
5.359800000000000000e+04
4.027900000000000000e+04
4.769700000000000000e+04
7.682800000000000000e+04
1.017570000000000000e+05
1.835900000000000000e+04
0.000000000000000000e+00
5.248700000000000000e+04
1.284280000000000000e+05
1.000000000000000000e+02
2.338000000000000000e+03
5.167800000000000000e+04
3.556400000000000000e+04
0.000000000000000000e+00
5.292800000000000000e+04
2.941100000000000000e+04
4.273200000000000000e+04
4.708200000000000000e+04
5.312100000000000000e+04
3.820200000000000000e+04
8.000000000000000000e+02
6.971100000000000000e+04
4.619700000000000000e+04
5.417400000000000000e+04
3.669600000000000000e+04
5.291200000000000000e+04
2.871100000000000000e+04
1.600000000000000000e+03
4.123000000000000000e+04
2.560000000000000000e+04
1.735200000000000000e+04
1.182500000000000000e+04
3.240000000000000000e+03
0.000000000000000000e+00
0.000000000000000000e+00
8.000000000000000000e+01
6.316000000000000000e+03
3.280400000000000000e+04
3.443300000000000000e+04
4.796000000000000000e+04
2.634800000000000000e+04
0.000000000000000000e+00
4.323900000000000000e+04
3.068300000000000000e+04
3.847200000000000000e+04
3.553300000000000000e+04
4.206300000000000000e+04
1.863700000000000000e+04
0.000000000000000000e+00
6.749900000000000000e+04
3.185300000000000000e+04
3.800600000000000000e+04
2.667100000000000000e+04
3.828400000000000000e+04
2.332900000000000000e+04
0.000000000000000000e+00
5.504300000000000000e+04
2.276700000000000000e+04
3.890900000000000000e+04
3.048300000000000000e+04
3.600400000000000000e+04
1.737000000000000000e+04
0.000000000000000000e+00
5.185900000000000000e+04
2.661100000000000000e+04
2.465900000000000000e+04
4.133400000000000000e+04
3.492000000000000000e+04
1.830100000000000000e+04
0.000000000000000000e+00
4.642800000000000000e+04
3.514800000000000000e+04
3.727500000000000000e+04
3.327600000000000000e+04
2.122000000000000000e+04
2.084900000000000000e+04
0.000000000000000000e+00
5.140000000000000000e+04
2.851400000000000000e+04
3.596700000000000000e+04
3.068900000000000000e+04
3.996900000000000000e+04
1.546800000000000000e+04
0.000000000000000000e+00
4.235300000000000000e+04
4.144800000000000000e+04
3.005200000000000000e+04
1.536400000000000000e+04
3.589700000000000000e+04
9.171000000000000000e+03
0.000000000000000000e+00
5.043800000000000000e+04
2.227800000000000000e+04
3.842800000000000000e+04
2.383100000000000000e+04
2.459400000000000000e+04
1.544700000000000000e+04
0.000000000000000000e+00
4.280100000000000000e+04
3.102500000000000000e+04
4.626500000000000000e+04
2.156700000000000000e+04
5.481100000000000000e+04
1.410100000000000000e+04
0.000000000000000000e+00
3.294700000000000000e+04
3.857100000000000000e+04
4.003000000000000000e+04
1.815500000000000000e+04
3.101500000000000000e+04
1.918300000000000000e+04
0.000000000000000000e+00
3.053200000000000000e+04
2.172600000000000000e+04
2.148800000000000000e+04
9.762000000000000000e+03
2.164000000000000000e+04
8.659000000000000000e+04
0.000000000000000000e+00
5.744600000000000000e+04
5.195000000000000000e+04
4.687300000000000000e+04
2.985200000000000000e+04
3.219200000000000000e+04
1.618300000000000000e+04
0.000000000000000000e+00
3.446100000000000000e+04
2.420400000000000000e+04
2.946300000000000000e+04
2.800900000000000000e+04
8.223000000000000000e+04
1.580500000000000000e+04
0.000000000000000000e+00
5.168000000000000000e+04
2.131200000000000000e+04
2.910800000000000000e+04
5.041800000000000000e+04
1.166100000000000000e+04
1.118200000000000000e+04
0.000000000000000000e+00
7.918500000000000000e+04
2.868400000000000000e+04
2.720200000000000000e+04
2.611000000000000000e+04
3.552900000000000000e+04
2.285800000000000000e+04
0.000000000000000000e+00
5.726200000000000000e+04
3.262800000000000000e+04
2.542600000000000000e+04
3.280300000000000000e+04
4.840700000000000000e+04
3.120900000000000000e+04
0.000000000000000000e+00
7.506900000000000000e+04
4.774000000000000000e+04
2.679800000000000000e+04
4.092200000000000000e+04
4.063500000000000000e+04
3.891600000000000000e+04
0.000000000000000000e+00
5.671800000000000000e+04
4.437900000000000000e+04
3.839600000000000000e+04
4.448300000000000000e+04
4.732400000000000000e+04
3.877600000000000000e+04
0.000000000000000000e+00
5.863700000000000000e+04
6.165400000000000000e+04
2.371300000000000000e+04
4.550800000000000000e+04
3.908200000000000000e+04
2.176800000000000000e+04
0.000000000000000000e+00
4.308100000000000000e+04
6.610100000000000000e+04
2.843200000000000000e+04
2.179000000000000000e+04
5.580000000000000000e+04
1.731700000000000000e+04
0.000000000000000000e+00
4.504800000000000000e+04
4.036000000000000000e+04
3.643000000000000000e+04
3.033300000000000000e+04
4.455600000000000000e+04
2.492400000000000000e+04
0.000000000000000000e+00
4.017800000000000000e+04
1.153900000000000000e+04
4.097100000000000000e+04
2.799200000000000000e+04
2.352800000000000000e+04
2.026300000000000000e+04
0.000000000000000000e+00
3.230300000000000000e+04
1.833000000000000000e+04
2.164300000000000000e+04
2.344500000000000000e+04
3.557500000000000000e+04
2.036700000000000000e+04
0.000000000000000000e+00
2.128400000000000000e+04
1.981900000000000000e+04
3.015600000000000000e+04
3.504200000000000000e+04
3.791100000000000000e+04
1.459700000000000000e+04
0.000000000000000000e+00
4.129400000000000000e+04
1.915500000000000000e+04
2.199700000000000000e+04
1.734600000000000000e+04
2.992000000000000000e+04
1.568000000000000000e+04
0.000000000000000000e+00
2.845500000000000000e+04
1.887200000000000000e+04
1.582000000000000000e+04
1.247000000000000000e+04
2.378900000000000000e+04
3.424000000000000000e+03
0.000000000000000000e+00
6.504300000000000000e+04
3.336100000000000000e+04
3.466800000000000000e+04
2.945900000000000000e+04
2.477900000000000000e+04
2.535300000000000000e+04
0.000000000000000000e+00
4.196700000000000000e+04
2.654800000000000000e+04
2.231500000000000000e+04
3.847600000000000000e+04
5.578900000000000000e+04
2.010200000000000000e+04
0.000000000000000000e+00
3.906600000000000000e+04
2.909100000000000000e+04
2.645600000000000000e+04
3.754200000000000000e+04
2.268700000000000000e+04
2.497400000000000000e+04
0.000000000000000000e+00
3.056100000000000000e+04
2.346200000000000000e+04
3.923500000000000000e+04
4.934800000000000000e+04
4.741300000000000000e+04
2.651800000000000000e+04
0.000000000000000000e+00
3.268900000000000000e+04
4.474700000000000000e+04
3.397100000000000000e+04
3.080100000000000000e+04
5.039400000000000000e+04
3.463600000000000000e+04
0.000000000000000000e+00
3.023600000000000000e+04
3.516600000000000000e+04
3.978900000000000000e+04
4.024300000000000000e+04
5.182100000000000000e+04
3.826400000000000000e+04
0.000000000000000000e+00
5.573600000000000000e+04
6.218200000000000000e+04
5.572600000000000000e+04
6.268600000000000000e+04
7.411800000000000000e+04
4.878300000000000000e+04
0.000000000000000000e+00
5.286900000000000000e+04
4.941100000000000000e+04
3.520400000000000000e+04
9.176300000000000000e+04
3.837900000000000000e+04
2.589600000000000000e+04
8.350000000000000000e+02
4.245100000000000000e+04
2.164500000000000000e+04
1.145000000000000000e+04
0.000000000000000000e+00
0.000000000000000000e+00
8.400000000000000000e+01
0.000000000000000000e+00
2.161800000000000000e+04
6.341900000000000000e+04
2.695200000000000000e+04
3.756400000000000000e+04
2.167500000000000000e+04
2.159300000000000000e+04
0.000000000000000000e+00
2.484600000000000000e+04
3.906300000000000000e+04
2.925600000000000000e+04
3.020000000000000000e+04
7.889000000000000000e+03
1.420200000000000000e+04
0.000000000000000000e+00
1.908600000000000000e+04
1.647600000000000000e+04
2.283600000000000000e+04
1.429200000000000000e+04
3.524400000000000000e+04
1.193600000000000000e+04
0.000000000000000000e+00
3.539300000000000000e+04
1.672200000000000000e+04
1.656400000000000000e+04
2.220400000000000000e+04
1.009200000000000000e+04
7.837000000000000000e+03
0.000000000000000000e+00
2.654700000000000000e+04
1.373000000000000000e+04
2.848300000000000000e+04
6.278800000000000000e+04
5.167600000000000000e+04
1.916700000000000000e+04
0.000000000000000000e+00
3.890900000000000000e+04
5.233100000000000000e+04
2.885900000000000000e+04
2.629800000000000000e+04
3.625800000000000000e+04
3.985900000000000000e+04
0.000000000000000000e+00
5.844100000000000000e+04
4.011800000000000000e+04
2.616700000000000000e+04
2.565100000000000000e+04
3.597400000000000000e+04
2.511200000000000000e+04
0.000000000000000000e+00
3.693800000000000000e+04
4.134800000000000000e+04
2.233700000000000000e+04
2.110800000000000000e+04
3.431500000000000000e+04
1.372400000000000000e+04
0.000000000000000000e+00
3.532100000000000000e+04
1.953900000000000000e+04
3.516000000000000000e+04
1.870400000000000000e+04
2.521300000000000000e+04
1.352300000000000000e+04
0.000000000000000000e+00
2.670400000000000000e+04
2.948900000000000000e+04
2.005200000000000000e+04
2.238400000000000000e+04
1.653400000000000000e+04
9.487000000000000000e+03
0.000000000000000000e+00
2.914700000000000000e+04
1.808000000000000000e+04
2.770000000000000000e+04
1.836500000000000000e+04
1.891500000000000000e+04
1.631100000000000000e+04
0.000000000000000000e+00
2.770100000000000000e+04
1.050500000000000000e+04
2.761900000000000000e+04
3.048400000000000000e+04
1.765300000000000000e+04
7.512000000000000000e+03
0.000000000000000000e+00
2.206200000000000000e+04
2.304100000000000000e+04
3.191000000000000000e+04
1.143100000000000000e+04
