0.000000000000000000e+00
1.549940000000000000e+05
7.565840000000000000e+05
5.359120000000000000e+05
3.650830000000000000e+05
4.382550000000000000e+05
2.503520000000000000e+05
0.000000000000000000e+00
5.024140000000000000e+05
7.975240000000000000e+05
4.616770000000000000e+05
4.055970000000000000e+05
5.111520000000000000e+05
4.220250000000000000e+05
0.000000000000000000e+00
6.093150000000000000e+05
5.187270000000000000e+05
5.727370000000000000e+05
3.537950000000000000e+05
4.528800000000000000e+05
2.841840000000000000e+05
0.000000000000000000e+00
6.887880000000000000e+05
6.105550000000000000e+05
0.000000000000000000e+00
0.000000000000000000e+00
0.000000000000000000e+00
0.000000000000000000e+00
0.000000000000000000e+00
0.000000000000000000e+00
0.000000000000000000e+00
5.578970000000000000e+05
6.014770000000000000e+05
4.843300000000000000e+05
1.920930000000000000e+05
0.000000000000000000e+00
8.572580000000000000e+05
7.330350000000000000e+05
4.748260000000000000e+05
5.053850000000000000e+05
4.928310000000000000e+05
3.160320000000000000e+05
0.000000000000000000e+00
8.690080000000000000e+05
4.645780000000000000e+05
6.651300000000000000e+05
4.876430000000000000e+05
5.456460000000000000e+05
2.465430000000000000e+05
0.000000000000000000e+00
6.997160000000000000e+05
4.571450000000000000e+05
4.792670000000000000e+05
4.194540000000000000e+05
5.139510000000000000e+05
2.545060000000000000e+05
0.000000000000000000e+00
3.762310000000000000e+05
1.479860000000000000e+06
4.518030000000000000e+05
6.069390000000000000e+05
6.545250000000000000e+05
2.815030000000000000e+05
0.000000000000000000e+00
6.947970000000000000e+05
6.976440000000000000e+05
6.599340000000000000e+05
6.427870000000000000e+05
4.255360000000000000e+05
3.951410000000000000e+05
0.000000000000000000e+00
6.800430000000000000e+05
5.636430000000000000e+05
7.588380000000000000e+05
7.037960000000000000e+05
7.163620000000000000e+05
2.875620000000000000e+05
0.000000000000000000e+00
9.322230000000000000e+05
6.933300000000000000e+05
6.402590000000000000e+05
4.482680000000000000e+05
5.692990000000000000e+05
4.016370000000000000e+05
0.000000000000000000e+00
8.253150000000000000e+05
6.264810000000000000e+05
5.063260000000000000e+05
4.800740000000000000e+05
1.462776000000000000e+06
3.730760000000000000e+05
0.000000000000000000e+00
8.931580000000000000e+05
8.352020000000000000e+05
7.634200000000000000e+05
4.258750000000000000e+05
9.471250000000000000e+05
3.807200000000000000e+05
0.000000000000000000e+00
8.315990000000000000e+05
9.222260000000000000e+05
6.576850000000000000e+05
7.759130000000000000e+05
5.871250000000000000e+05
5.224430000000000000e+05
0.000000000000000000e+00
1.205301000000000000e+06
7.341050000000000000e+05
8.274850000000000000e+05
6.522710000000000000e+05
7.950200000000000000e+05
4.108780000000000000e+05
0.000000000000000000e+00
1.121321000000000000e+06
7.629040000000000000e+05
7.290400000000000000e+05
7.353850000000000000e+05
6.962690000000000000e+05
6.293940000000000000e+05
0.000000000000000000e+00
7.194470000000000000e+05
1.658237000000000000e+06
7.054570000000000000e+05
9.001850000000000000e+05
6.484080000000000000e+05
3.188450000000000000e+05
0.000000000000000000e+00
9.039520000000000000e+05
6.860280000000000000e+05
9.784420000000000000e+05
6.709840000000000000e+05
7.719310000000000000e+05
3.486870000000000000e+05
0.000000000000000000e+00
7.811610000000000000e+05
1.004193000000000000e+06
9.127010000000000000e+05
6.525890000000000000e+05
7.246070000000000000e+05
4.661250000000000000e+05
0.000000000000000000e+00
9.921390000000000000e+05
7.514030000000000000e+05
5.711440000000000000e+05
8.078500000000000000e+05
7.062520000000000000e+05
3.805900000000000000e+05
0.000000000000000000e+00
8.547700000000000000e+05
6.909820000000000000e+05
1.595188000000000000e+06
6.865050000000000000e+05
7.462960000000000000e+05
4.674850000000000000e+05
0.000000000000000000e+00
8.366560000000000000e+05
4.455760000000000000e+05
1.027569000000000000e+06
8.827520000000000000e+05
6.198000000000000000e+05
3.413640000000000000e+05
0.000000000000000000e+00
1.082825000000000000e+06
5.557490000000000000e+05
5.121730000000000000e+05
7.123240000000000000e+05
8.243750000000000000e+05
4.274640000000000000e+05
0.000000000000000000e+00
1.031689000000000000e+06
9.114930000000000000e+05
5.999620000000000000e+05
6.629490000000000000e+05
5.355260000000000000e+05
3.950110000000000000e+05
0.000000000000000000e+00
7.956180000000000000e+05
8.023660000000000000e+05
5.149930000000000000e+05
4.642140000000000000e+05
1.665231000000000000e+06
4.304160000000000000e+05
0.000000000000000000e+00
7.648570000000000000e+05
6.532740000000000000e+05
5.522050000000000000e+05
5.299470000000000000e+05
6.998730000000000000e+05
2.573580000000000000e+05
0.000000000000000000e+00
7.919780000000000000e+05
6.245450000000000000e+05
9.225570000000000000e+05
4.656680000000000000e+05
3.687200000000000000e+05
3.408180000000000000e+05
0.000000000000000000e+00
9.635980000000000000e+05
6.671760000000000000e+05
6.215250000000000000e+05
6.287040000000000000e+05
4.559150000000000000e+05
3.820620000000000000e+05
0.000000000000000000e+00
6.430410000000000000e+05
5.746510000000000000e+05
5.633470000000000000e+05
4.202310000000000000e+05
5.325680000000000000e+05
2.670930000000000000e+05
0.000000000000000000e+00
1.609161000000000000e+06
5.847200000000000000e+05
5.837190000000000000e+05
4.270820000000000000e+05
5.132750000000000000e+05
7.530800000000000000e+04
0.000000000000000000e+00
4.235360000000000000e+05
5.313170000000000000e+05
5.187830000000000000e+05
5.742660000000000000e+05
5.418960000000000000e+05
2.707970000000000000e+05
0.000000000000000000e+00
4.790960000000000000e+05
5.504230000000000000e+05
5.194080000000000000e+05
5.007000000000000000e+05
5.156760000000000000e+05
2.938840000000000000e+05
0.000000000000000000e+00
9.768110000000000000e+05
5.462290000000000000e+05
7.547030000000000000e+05
3.911370000000000000e+05
5.870370000000000000e+05
3.053480000000000000e+05
0.000000000000000000e+00
6.250310000000000000e+05
6.062120000000000000e+05
3.618680000000000000e+05
1.091120000000000000e+06
7.804120000000000000e+05
3.248320000000000000e+05
0.000000000000000000e+00
7.418300000000000000e+05
5.640470000000000000e+05
5.560470000000000000e+05
4.945510000000000000e+05
5.283070000000000000e+05
4.012890000000000000e+05
0.000000000000000000e+00
5.553840000000000000e+05
7.676700000000000000e+05
5.692040000000000000e+05
3.734450000000000000e+05
1.551430000000000000e+06
4.150440000000000000e+05
0.000000000000000000e+00
6.563660000000000000e+05
7.409560000000000000e+05
8.899950000000000000e+05
4.918050000000000000e+05
4.997210000000000000e+05
3.714610000000000000e+05
0.000000000000000000e+00
6.608200000000000000e+05
6.653060000000000000e+05
5.166850000000000000e+05
5.423320000000000000e+05
7.257810000000000000e+05
5.484090000000000000e+05
7.167700000000000000e+04
8.299570000000000000e+05
3.521480000000000000e+05
0.000000000000000000e+00
0.000000000000000000e+00
0.000000000000000000e+00
1.146840000000000000e+05
0.000000000000000000e+00
4.230570000000000000e+05
8.426400000000000000e+05
7.793290000000000000e+05
7.613460000000000000e+05
6.148660000000000000e+05
2.895200000000000000e+05
0.000000000000000000e+00
7.996780000000000000e+05
5.560660000000000000e+05
4.970070000000000000e+05
4.382910000000000000e+05
5.775660000000000000e+05
3.621610000000000000e+05
0.000000000000000000e+00
9.455190000000000000e+05
8.147590000000000000e+05
5.471610000000000000e+05
5.895430000000000000e+05
3.953410000000000000e+05
3.393420000000000000e+05
0.000000000000000000e+00
5.282130000000000000e+05
1.284920000000000000e+06
4.871880000000000000e+05
6.631730000000000000e+05
5.532370000000000000e+05
2.698020000000000000e+05
0.000000000000000000e+00
5.766710000000000000e+05
8.586540000000000000e+05
4.222540000000000000e+05
5.605390000000000000e+05
6.477140000000000000e+05
3.272220000000000000e+05
0.000000000000000000e+00
6.007120000000000000e+05
5.818280000000000000e+05
5.750200000000000000e+05
4.723810000000000000e+05
5.701050000000000000e+05
3.660530000000000000e+05
0.000000000000000000e+00
8.082960000000000000e+05
5.859350000000000000e+05
4.510850000000000000e+05
4.921210000000000000e+05
5.852540000000000000e+05
2.489960000000000000e+05
0.000000000000000000e+00
7.192280000000000000e+05
4.862750000000000000e+05
3.180190000000000000e+05
1.311009000000000000e+06
4.061660000000000000e+05
3.573230000000000000e+05
0.000000000000000000e+00
5.649260000000000000e+05
6.143930000000000000e+05
4.324170000000000000e+05
1.006128000000000000e+06
4.348940000000000000e+05
2.789720000000000000e+05
0.000000000000000000e+00
6.304970000000000000e+05
6.187210000000000000e+05
4.263780000000000000e+05
2.339340000000000000e+05
5.962600000000000000e+05
3.043490000000000000e+05
0.000000000000000000e+00
4.643150000000000000e+05
6.224450000000000000e+05
7.607260000000000000e+05
3.817060000000000000e+05
5.243080000000000000e+05
2.159730000000000000e+05
0.000000000000000000e+00
2.318550000000000000e+05
6.155960000000000000e+05
4.458640000000000000e+05
6.585110000000000000e+05
9.421340000000000000e+05
3.355090000000000000e+05
0.000000000000000000e+00
0.000000000000000000e+00
2.041990000000000000e+05
7.340440000000000000e+05
7.907410000000000000e+05
5.637740000000000000e+05
2.530700000000000000e+05
0.000000000000000000e+00
5.403630000000000000e+05
4.703950000000000000e+05
6.095260000000000000e+05
4.027630000000000000e+05
4.886640000000000000e+05
3.518660000000000000e+05
0.000000000000000000e+00
6.131530000000000000e+05
4.684470000000000000e+05
5.136140000000000000e+05
4.514530000000000000e+05
3.910970000000000000e+05
2.706450000000000000e+05
0.000000000000000000e+00
6.980310000000000000e+05
5.203850000000000000e+05
3.512610000000000000e+05
5.250070000000000000e+05
3.775720000000000000e+05
2.078460000000000000e+05
0.000000000000000000e+00
7.156140000000000000e+05
5.016030000000000000e+05
1.018583000000000000e+06
4.525540000000000000e+05
5.229220000000000000e+05
3.178850000000000000e+05
0.000000000000000000e+00
5.980950000000000000e+05
4.937100000000000000e+05
6.300540000000000000e+05
4.945180000000000000e+05
4.010360000000000000e+05
3.208280000000000000e+05
0.000000000000000000e+00
4.824910000000000000e+05
8.367990000000000000e+05
1.195966000000000000e+06
9.116100000000000000e+04
0.000000000000000000e+00
0.000000000000000000e+00
0.000000000000000000e+00
4.511610000000000000e+05
4.632670000000000000e+05
4.347840000000000000e+05
4.460310000000000000e+05
6.409270000000000000e+05
2.427440000000000000e+05
0.000000000000000000e+00
4.791430000000000000e+05
2.888360000000000000e+05
1.204484000000000000e+06
3.448950000000000000e+05
5.842720000000000000e+05
2.776630000000000000e+05
0.000000000000000000e+00
5.644130000000000000e+05
6.401600000000000000e+05
5.799870000000000000e+05
5.024590000000000000e+05
4.637150000000000000e+05
3.044530000000000000e+05
0.000000000000000000e+00
6.311350000000000000e+05
5.151440000000000000e+05
4.826700000000000000e+05
4.717870000000000000e+05
6.149320000000000000e+05
2.553350000000000000e+05
0.000000000000000000e+00
9.173650000000000000e+05
6.896500000000000000e+05
5.618230000000000000e+05
5.155800000000000000e+05
6.042280000000000000e+05
2.949710000000000000e+05
0.000000000000000000e+00
8.001990000000000000e+05
7.472940000000000000e+05
5.945410000000000000e+05
4.452090000000000000e+05
7.767390000000000000e+05
5.088230000000000000e+05
0.000000000000000000e+00
1.126580000000000000e+06
8.982210000000000000e+05
7.348590000000000000e+05
6.645030000000000000e+05
5.969400000000000000e+05
4.849500000000000000e+05
0.000000000000000000e+00
1.155985000000000000e+06
7.978180000000000000e+05
6.515170000000000000e+05
6.454140000000000000e+05
5.230160000000000000e+05
4.240600000000000000e+05
0.000000000000000000e+00
1.047684000000000000e+06
1.285982000000000000e+06
6.748250000000000000e+05
5.698620000000000000e+05
9.160160000000000000e+05
4.576090000000000000e+05
0.000000000000000000e+00
8.855150000000000000e+05
5.983940000000000000e+05
6.268630000000000000e+05
7.020610000000000000e+05
5.534190000000000000e+05
3.752990000000000000e+05
0.000000000000000000e+00
1.814885000000000000e+06
8.906990000000000000e+05
9.577550000000000000e+05
6.864950000000000000e+05
5.730940000000000000e+05
4.876360000000000000e+05
0.000000000000000000e+00
4.789260000000000000e+05
1.020773000000000000e+06
1.068614000000000000e+06
6.652400000000000000e+05
8.147210000000000000e+05
3.701190000000000000e+05
0.000000000000000000e+00
8.038790000000000000e+05
9.592150000000000000e+05
8.657140000000000000e+05
9.491860000000000000e+05
6.264950000000000000e+05
3.780350000000000000e+05
0.000000000000000000e+00
1.023456000000000000e+06
6.543630000000000000e+05
7.989380000000000000e+05
8.362520000000000000e+05
7.862200000000000000e+05
4.454350000000000000e+05
0.000000000000000000e+00
9.992530000000000000e+05
7.173900000000000000e+05
6.933970000000000000e+05
1.421297000000000000e+06
1.366117000000000000e+06
4.054540000000000000e+05
0.000000000000000000e+00
8.145200000000000000e+05
7.931750000000000000e+05
4.515270000000000000e+05
9.914630000000000000e+05
7.604680000000000000e+05
4.119500000000000000e+05
0.000000000000000000e+00
1.221905000000000000e+06
1.111055000000000000e+06
3.066440000000000000e+05
7.085540000000000000e+05
9.857590000000000000e+05
6.206970000000000000e+05
0.000000000000000000e+00
1.457456000000000000e+06
7.691390000000000000e+05
6.872000000000000000e+05
5.909950000000000000e+05
8.281990000000000000e+05
3.905730000000000000e+05
0.000000000000000000e+00
1.091310000000000000e+06
9.867710000000000000e+05
5.784010000000000000e+05
4.371460000000000000e+05
7.245250000000000000e+05
7.869120000000000000e+05
0.000000000000000000e+00
1.178201000000000000e+06
8.204650000000000000e+05
9.531150000000000000e+05
6.142820000000000000e+05
8.367800000000000000e+05
4.596230000000000000e+05
0.000000000000000000e+00
8.152160000000000000e+05
8.847100000000000000e+05
5.300110000000000000e+05
4.857700000000000000e+05
4.686630000000000000e+05
2.417670000000000000e+05
0.000000000000000000e+00
9.068450000000000000e+05
8.865430000000000000e+05
5.835470000000000000e+05
4.588140000000000000e+05
5.868910000000000000e+05
3.996200000000000000e+05
0.000000000000000000e+00
7.656900000000000000e+05
6.512500000000000000e+05
6.669220000000000000e+05
5.486710000000000000e+05
6.633960000000000000e+05
2.822920000000000000e+05
0.000000000000000000e+00
3.498160000000000000e+05
9.642140000000000000e+05
6.925060000000000000e+05
5.014240000000000000e+05
3.527950000000000000e+05
9.243600000000000000e+04
0.000000000000000000e+00
4.671190000000000000e+05
6.469170000000000000e+05
7.202370000000000000e+05
6.069450000000000000e+05
4.948500000000000000e+05
2.533710000000000000e+05
0.000000000000000000e+00
6.646180000000000000e+05
3.708820000000000000e+05
4.813200000000000000e+05
4.203930000000000000e+05
5.417560000000000000e+05
0.000000000000000000e+00
0.000000000000000000e+00
6.291770000000000000e+05
6.218580000000000000e+05
5.291790000000000000e+05
5.666420000000000000e+05
4.319080000000000000e+05
4.106160000000000000e+05
0.000000000000000000e+00
6.322670000000000000e+05
5.821170000000000000e+05
4.635590000000000000e+05
2.816880000000000000e+05
7.775850000000000000e+05
4.055280000000000000e+05
0.000000000000000000e+00
6.737760000000000000e+05
6.260770000000000000e+05
5.148840000000000000e+05
4.606600000000000000e+05
4.972660000000000000e+05
3.371120000000000000e+05
0.000000000000000000e+00
5.874090000000000000e+05
7.927540000000000000e+05
4.490850000000000000e+05
4.191770000000000000e+05
4.365690000000000000e+05
5.632630000000000000e+05
0.000000000000000000e+00
6.462830000000000000e+05
6.337450000000000000e+05
5.196950000000000000e+05
5.167260000000000000e+05
5.938250000000000000e+05
5.029670000000000000e+05
8.627000000000000000e+03
0.000000000000000000e+00
0.000000000000000000e+00
0.000000000000000000e+00
4.779440000000000000e+05
7.548520000000000000e+05
5.598330000000000000e+05
0.000000000000000000e+00
9.038890000000000000e+05
7.626620000000000000e+05
3.769880000000000000e+05
3.810790000000000000e+05
4.169920000000000000e+05
2.510290000000000000e+05
0.000000000000000000e+00
5.746320000000000000e+05
4.053930000000000000e+05
7.209880000000000000e+05
5.263340000000000000e+05
4.516250000000000000e+05
3.093360000000000000e+05
0.000000000000000000e+00
5.750570000000000000e+05
6.457210000000000000e+05
4.549030000000000000e+05
4.821200000000000000e+05
5.572180000000000000e+05
3.318850000000000000e+05
0.000000000000000000e+00
5.771890000000000000e+05
5.925380000000000000e+05
4.694840000000000000e+05
4.714690000000000000e+05
4.582260000000000000e+05
2.617200000000000000e+05
0.000000000000000000e+00
6.841940000000000000e+05
4.924230000000000000e+05
8.629400000000000000e+05
6.776830000000000000e+05
5.866590000000000000e+05
3.759390000000000000e+05
0.000000000000000000e+00
8.230550000000000000e+05
5.468210000000000000e+05
4.948110000000000000e+05
5.927840000000000000e+05
5.689620000000000000e+05
3.017710000000000000e+05
0.000000000000000000e+00
6.038500000000000000e+05
7.405920000000000000e+05
4.098030000000000000e+05
5.530800000000000000e+05
7.031420000000000000e+05
2.693280000000000000e+05
0.000000000000000000e+00
6.802820000000000000e+05
5.552090000000000000e+05
6.625730000000000000e+05
4.547080000000000000e+05
4.487530000000000000e+05
3.405050000000000000e+05
0.000000000000000000e+00
5.058900000000000000e+05
5.269570000000000000e+05
5.196860000000000000e+05
3.090820000000000000e+05
9.919110000000000000e+05
3.727140000000000000e+05
0.000000000000000000e+00
7.793390000000000000e+05
6.827080000000000000e+05
5.754750000000000000e+05
4.359350000000000000e+05
6.086980000000000000e+05
2.615880000000000000e+05
0.000000000000000000e+00
7.675440000000000000e+05
7.800470000000000000e+05
3.775840000000000000e+05
5.267510000000000000e+05
4.251310000000000000e+05
4.463130000000000000e+05
0.000000000000000000e+00
6.824830000000000000e+05
5.890290000000000000e+05
4.375520000000000000e+05
5.738150000000000000e+05
4.731590000000000000e+05
3.464700000000000000e+05
0.000000000000000000e+00
5.024980000000000000e+05
3.652370000000000000e+05
4.116760000000000000e+05
5.829510000000000000e+05
5.985120000000000000e+05
3.191260000000000000e+05
0.000000000000000000e+00
7.928250000000000000e+05
0.000000000000000000e+00
1.420500000000000000e+05
1.064746000000000000e+06
6.045240000000000000e+05
4.233570000000000000e+05
0.000000000000000000e+00
5.088620000000000000e+05
6.711410000000000000e+05
3.438140000000000000e+05
6.604700000000000000e+05
4.584970000000000000e+05
1.890610000000000000e+05
0.000000000000000000e+00
3.996460000000000000e+05
5.828910000000000000e+05
5.421430000000000000e+05
4.588070000000000000e+05
4.470820000000000000e+05
3.154740000000000000e+05
0.000000000000000000e+00
6.819220000000000000e+05
6.107090000000000000e+05
3.844590000000000000e+05
3.933240000000000000e+05
6.245030000000000000e+05
3.282800000000000000e+05
0.000000000000000000e+00
4.986830000000000000e+05
4.211030000000000000e+05
3.872980000000000000e+05
6.283580000000000000e+05
7.703840000000000000e+05
5.043590000000000000e+05
0.000000000000000000e+00
1.135910000000000000e+05
0.000000000000000000e+00
0.000000000000000000e+00
2.990000000000000000e+04
5.544570000000000000e+05
3.313560000000000000e+05
0.000000000000000000e+00
7.029390000000000000e+05
6.078240000000000000e+05
5.901510000000000000e+05
5.244050000000000000e+05
6.050360000000000000e+05
3.081830000000000000e+05
0.000000000000000000e+00
6.880620000000000000e+05
6.027230000000000000e+05
4.675190000000000000e+05
5.316360000000000000e+05
3.901950000000000000e+05
2.825130000000000000e+05
0.000000000000000000e+00
5.519870000000000000e+05
6.540760000000000000e+05
4.434820000000000000e+05
8.666160000000000000e+05
4.190900000000000000e+05
3.588910000000000000e+05
0.000000000000000000e+00
7.776070000000000000e+05
6.027050000000000000e+05
4.928890000000000000e+05
6.566290000000000000e+05
5.759600000000000000e+05
3.950560000000000000e+05
0.000000000000000000e+00
7.057170000000000000e+05
7.024800000000000000e+05
5.231300000000000000e+05
4.801600000000000000e+05
7.229780000000000000e+05
4.423160000000000000e+05
0.000000000000000000e+00
7.267250000000000000e+05
5.658880000000000000e+05
6.641000000000000000e+05
6.183540000000000000e+05
5.684630000000000000e+05
4.375220000000000000e+05
0.000000000000000000e+00
6.577770000000000000e+05
7.472010000000000000e+05
5.367980000000000000e+05
4.724270000000000000e+05
4.553860000000000000e+05
3.791300000000000000e+05
0.000000000000000000e+00
9.024710000000000000e+05
7.557620000000000000e+05
6.035260000000000000e+05
5.485940000000000000e+05
5.900940000000000000e+05
3.449790000000000000e+05
0.000000000000000000e+00
6.792470000000000000e+05
1.038193000000000000e+06
6.977420000000000000e+05
5.653580000000000000e+05
4.481240000000000000e+05
3.385730000000000000e+05
0.000000000000000000e+00
8.305430000000000000e+05
7.623140000000000000e+05
6.472540000000000000e+05
5.405450000000000000e+05
6.086360000000000000e+05
4.211040000000000000e+05
0.000000000000000000e+00
8.103790000000000000e+05
7.408350000000000000e+05
5.748460000000000000e+05
6.777800000000000000e+05
6.661730000000000000e+05
3.741670000000000000e+05
0.000000000000000000e+00
4.790320000000000000e+05
1.368836000000000000e+06
5.627270000000000000e+05
6.237660000000000000e+05
8.263300000000000000e+05
3.416110000000000000e+05
0.000000000000000000e+00
4.005410000000000000e+05
9.837410000000000000e+05
6.409350000000000000e+05
5.578340000000000000e+05
7.224420000000000000e+05
3.559720000000000000e+05
0.000000000000000000e+00
9.822840000000000000e+05
5.046010000000000000e+05
7.565380000000000000e+05
5.922810000000000000e+05
6.550590000000000000e+05
3.049570000000000000e+05
0.000000000000000000e+00
7.427720000000000000e+05
7.793600000000000000e+05
7.262420000000000000e+05
6.542470000000000000e+05
6.510730000000000000e+05
5.052630000000000000e+05
0.000000000000000000e+00
6.771800000000000000e+05
5.805360000000000000e+05
4.982020000000000000e+05
3.342070000000000000e+05
1.154556000000000000e+06
3.851670000000000000e+05
0.000000000000000000e+00
5.373210000000000000e+05
6.178110000000000000e+05
6.587640000000000000e+05
3.865840000000000000e+05
5.445240000000000000e+05
3.331620000000000000e+05
0.000000000000000000e+00
7.683330000000000000e+05
7.948860000000000000e+05
6.542780000000000000e+05
4.709980000000000000e+05
4.729670000000000000e+05
3.233640000000000000e+05
0.000000000000000000e+00
6.391390000000000000e+05
6.654010000000000000e+05
4.511720000000000000e+05
7.665050000000000000e+05
4.769240000000000000e+05
3.405280000000000000e+05
0.000000000000000000e+00
5.435790000000000000e+05
7.336620000000000000e+05
4.393070000000000000e+05
6.109750000000000000e+05
6.429860000000000000e+05
3.289030000000000000e+05
0.000000000000000000e+00
8.015470000000000000e+05
6.327010000000000000e+05
5.102180000000000000e+05
5.010100000000000000e+05
5.681190000000000000e+05
2.080710000000000000e+05
0.000000000000000000e+00
6.647430000000000000e+05
6.199160000000000000e+05
6.111260000000000000e+05
5.614950000000000000e+05
4.180440000000000000e+05
2.454620000000000000e+05
0.000000000000000000e+00
6.712580000000000000e+05
5.555470000000000000e+05
3.923020000000000000e+05
4.187120000000000000e+05
4.830650000000000000e+05
3.268220000000000000e+05
0.000000000000000000e+00
6.394930000000000000e+05
4.212480000000000000e+05
5.199510000000000000e+05
3.961520000000000000e+05
3.317240000000000000e+05
2.817730000000000000e+05
0.000000000000000000e+00
3.266500000000000000e+05
3.293380000000000000e+05
8.947850000000000000e+05
4.084610000000000000e+05
3.779810000000000000e+05
8.564900000000000000e+04
0.000000000000000000e+00
6.203960000000000000e+05
3.928990000000000000e+05
3.785810000000000000e+05
6.514650000000000000e+05
4.905820000000000000e+05
1.697520000000000000e+05
0.000000000000000000e+00
6.098750000000000000e+05
3.774940000000000000e+05
3.237990000000000000e+05
4.380810000000000000e+05
4.470430000000000000e+05
2.353620000000000000e+05
0.000000000000000000e+00
5.753450000000000000e+05
4.443970000000000000e+05
2.856760000000000000e+05
4.690550000000000000e+05
3.878170000000000000e+05
2.405860000000000000e+05
0.000000000000000000e+00
5.340590000000000000e+05
4.580380000000000000e+05
3.494970000000000000e+05
2.947480000000000000e+05
5.115440000000000000e+05
4.930690000000000000e+05
0.000000000000000000e+00
6.875500000000000000e+05
5.457500000000000000e+05
4.742190000000000000e+05
3.008030000000000000e+05
2.873290000000000000e+05
2.291050000000000000e+05
9.100000000000000000e+02
5.677680000000000000e+05
6.789700000000000000e+05
5.320400000000000000e+05
1.288720000000000000e+05
0.000000000000000000e+00
0.000000000000000000e+00
0.000000000000000000e+00
4.327820000000000000e+05
5.261730000000000000e+05
4.718900000000000000e+05
3.711370000000000000e+05
4.293150000000000000e+05
1.645810000000000000e+05
0.000000000000000000e+00
4.471560000000000000e+05
4.290320000000000000e+05
3.319590000000000000e+05
4.137130000000000000e+05
3.257430000000000000e+05
1.903920000000000000e+05
0.000000000000000000e+00
8.011260000000000000e+05
5.881410000000000000e+05
5.493150000000000000e+05
3.273010000000000000e+05
3.850420000000000000e+05
1.846960000000000000e+05
0.000000000000000000e+00
6.676710000000000000e+05
4.521720000000000000e+05
2.196090000000000000e+05
6.456930000000000000e+05
5.127330000000000000e+05
2.097530000000000000e+05
0.000000000000000000e+00
4.056690000000000000e+05
6.612970000000000000e+05
5.458540000000000000e+05
3.839530000000000000e+05
4.759050000000000000e+05
1.833760000000000000e+05
0.000000000000000000e+00
6.661500000000000000e+05
3.405660000000000000e+05
3.992050000000000000e+05
3.567140000000000000e+05
5.216570000000000000e+05
2.552980000000000000e+05
0.000000000000000000e+00
4.993860000000000000e+05
3.453370000000000000e+05
3.253370000000000000e+05
1.166297000000000000e+06
4.343400000000000000e+05
2.660150000000000000e+05
0.000000000000000000e+00
8.747240000000000000e+05
7.786060000000000000e+05
3.890680000000000000e+05
3.218830000000000000e+05
4.747110000000000000e+05
2.154230000000000000e+05
0.000000000000000000e+00
6.190370000000000000e+05
4.907460000000000000e+05
5.618300000000000000e+05
2.825170000000000000e+05
5.557800000000000000e+05
3.266740000000000000e+05
0.000000000000000000e+00
6.329090000000000000e+05
4.202150000000000000e+05
5.878230000000000000e+05
3.419340000000000000e+05
3.833300000000000000e+05
2.331920000000000000e+05
0.000000000000000000e+00
4.471720000000000000e+05
4.613840000000000000e+05
4.272780000000000000e+05
4.098350000000000000e+05
4.869960000000000000e+05
4.536660000000000000e+05
0.000000000000000000e+00
6.640580000000000000e+05
6.919160000000000000e+05
3.493400000000000000e+05
3.893500000000000000e+05
5.181350000000000000e+05
2.546480000000000000e+05
0.000000000000000000e+00
5.104460000000000000e+05
7.270140000000000000e+05
4.322460000000000000e+05
4.512080000000000000e+05
2.700930000000000000e+05
2.280370000000000000e+05
0.000000000000000000e+00
6.783770000000000000e+05
5.822560000000000000e+05
4.176040000000000000e+05
4.930460000000000000e+05
4.102200000000000000e+05
3.444560000000000000e+05
0.000000000000000000e+00
5.035620000000000000e+05
6.505520000000000000e+05
2.109710000000000000e+05
3.771610000000000000e+05
5.372170000000000000e+05
2.073520000000000000e+05
0.000000000000000000e+00
4.159770000000000000e+05
8.414790000000000000e+05
0.000000000000000000e+00
7.695800000000000000e+04
9.823210000000000000e+05
2.783930000000000000e+05
0.000000000000000000e+00
7.798230000000000000e+05
5.063660000000000000e+05
4.769820000000000000e+05
5.210110000000000000e+05
6.014790000000000000e+05
1.861580000000000000e+05
0.000000000000000000e+00
7.213490000000000000e+05
4.244380000000000000e+05
3.646370000000000000e+05
4.609840000000000000e+05
4.604350000000000000e+05
1.897760000000000000e+05
0.000000000000000000e+00
5.802720000000000000e+05
6.504240000000000000e+05
5.066380000000000000e+05
5.780350000000000000e+05
1.634860000000000000e+05
0.000000000000000000e+00
0.000000000000000000e+00
0.000000000000000000e+00
3.603520000000000000e+05
5.889260000000000000e+05
4.392360000000000000e+05
8.073030000000000000e+05
2.786070000000000000e+05
0.000000000000000000e+00
6.046160000000000000e+05
5.427090000000000000e+05
2.675370000000000000e+05
4.541220000000000000e+05
3.943030000000000000e+05
1.849440000000000000e+05
0.000000000000000000e+00
6.035230000000000000e+05
6.387670000000000000e+05
4.483970000000000000e+05
4.417210000000000000e+05
4.722410000000000000e+05
2.525110000000000000e+05
0.000000000000000000e+00
5.211690000000000000e+05
5.485720000000000000e+05
3.739930000000000000e+05
4.716180000000000000e+05
4.260920000000000000e+05
3.118820000000000000e+05
0.000000000000000000e+00
6.487300000000000000e+05
3.556910000000000000e+05
5.153770000000000000e+05
5.209990000000000000e+05
3.058190000000000000e+05
4.998280000000000000e+05
0.000000000000000000e+00
8.575350000000000000e+05
6.275330000000000000e+05
4.132520000000000000e+05
3.963030000000000000e+05
5.489010000000000000e+05
3.610270000000000000e+05
0.000000000000000000e+00
7.739890000000000000e+05
5.497280000000000000e+05
5.370190000000000000e+05
5.219810000000000000e+05
4.653830000000000000e+05
2.000850000000000000e+05
0.000000000000000000e+00
6.938390000000000000e+05
8.386520000000000000e+05
4.528230000000000000e+05
3.928590000000000000e+05
5.759670000000000000e+05
2.196180000000000000e+05
0.000000000000000000e+00
7.189610000000000000e+05
4.435340000000000000e+05
5.737110000000000000e+05
3.838110000000000000e+05
5.891380000000000000e+05
2.607320000000000000e+05
0.000000000000000000e+00
5.382440000000000000e+05
8.126220000000000000e+05
6.700830000000000000e+05
5.725720000000000000e+05
4.583270000000000000e+05
2.696990000000000000e+05
0.000000000000000000e+00
6.173710000000000000e+05
6.897060000000000000e+05
4.643510000000000000e+05
4.008280000000000000e+05
6.939790000000000000e+05
2.622920000000000000e+05
0.000000000000000000e+00
5.215110000000000000e+05
5.148440000000000000e+05
4.828720000000000000e+05
5.668250000000000000e+05
3.812610000000000000e+05
3.553010000000000000e+05
0.000000000000000000e+00
7.191360000000000000e+05
5.515610000000000000e+05
5.050960000000000000e+05
5.651190000000000000e+05
3.867110000000000000e+05
3.002080000000000000e+05
0.000000000000000000e+00
5.824420000000000000e+05
4.979580000000000000e+05
4.094260000000000000e+05
6.308610000000000000e+05
3.605240000000000000e+05
2.573850000000000000e+05
0.000000000000000000e+00
7.659700000000000000e+05
4.202110000000000000e+05
5.878980000000000000e+05
5.362570000000000000e+05
3.681110000000000000e+05
3.981160000000000000e+05
0.000000000000000000e+00
6.962090000000000000e+05
5.442730000000000000e+05
5.229300000000000000e+05
4.511590000000000000e+05
7.192710000000000000e+05
4.099240000000000000e+05
0.000000000000000000e+00
5.436780000000000000e+05
4.447840000000000000e+05
5.175890000000000000e+05
5.159770000000000000e+05
6.249690000000000000e+05
4.594690000000000000e+05
0.000000000000000000e+00
6.462900000000000000e+05
5.972710000000000000e+05
6.828180000000000000e+05
4.658050000000000000e+05
4.731570000000000000e+05
4.982000000000000000e+05
0.000000000000000000e+00
9.852270000000000000e+05
8.323990000000000000e+05
5.244180000000000000e+05
5.860670000000000000e+05
5.629540000000000000e+05
5.273280000000000000e+05
0.000000000000000000e+00
7.471220000000000000e+05
6.387840000000000000e+05
6.231090000000000000e+05
6.002870000000000000e+05
7.192170000000000000e+05
4.120480000000000000e+05
0.000000000000000000e+00
7.014770000000000000e+05
5.742330000000000000e+05
6.573440000000000000e+05
5.920450000000000000e+05
5.162480000000000000e+05
3.180790000000000000e+05
0.000000000000000000e+00
7.786950000000000000e+05
5.403470000000000000e+05
5.777860000000000000e+05
5.901570000000000000e+05
5.899610000000000000e+05
4.798070000000000000e+05
0.000000000000000000e+00
4.693380000000000000e+05
5.722430000000000000e+05
8.146820000000000000e+05
4.557400000000000000e+05
4.812260000000000000e+05
2.541770000000000000e+05
0.000000000000000000e+00
6.249620000000000000e+05
5.862010000000000000e+05
4.350590000000000000e+05
3.380100000000000000e+05
5.710400000000000000e+05
3.661690000000000000e+05
0.000000000000000000e+00
3.915250000000000000e+05
4.985460000000000000e+05
4.537600000000000000e+05
7.200240000000000000e+05
6.087500000000000000e+05
2.781760000000000000e+05
0.000000000000000000e+00
6.557530000000000000e+05
5.432610000000000000e+05
3.797100000000000000e+05
3.873190000000000000e+05
5.167750000000000000e+05
2.773400000000000000e+05
0.000000000000000000e+00
6.668010000000000000e+05
2.598060000000000000e+05
3.928220000000000000e+05
4.223870000000000000e+05
7.083940000000000000e+05
7.515600000000000000e+04
0.000000000000000000e+00
7.104640000000000000e+05
5.282110000000000000e+05
5.208590000000000000e+05
3.696100000000000000e+05
4.712400000000000000e+05
3.835180000000000000e+05
0.000000000000000000e+00
5.554000000000000000e+05
3.896660000000000000e+05
4.118150000000000000e+05
3.736170000000000000e+05
3.425090000000000000e+05
3.356010000000000000e+05
0.000000000000000000e+00
5.351750000000000000e+05
4.244170000000000000e+05
4.080900000000000000e+05
6.604730000000000000e+05
4.115170000000000000e+05
3.551830000000000000e+05
0.000000000000000000e+00
6.025250000000000000e+05
4.992310000000000000e+05
4.402030000000000000e+05
3.795690000000000000e+05
4.039870000000000000e+05
3.932490000000000000e+05
0.000000000000000000e+00
5.660220000000000000e+05
4.678870000000000000e+05
5.318430000000000000e+05
4.975410000000000000e+05
4.165680000000000000e+05
3.896620000000000000e+05
0.000000000000000000e+00
3.514120000000000000e+05
4.619300000000000000e+05
3.985740000000000000e+05
4.833090000000000000e+05
4.181570000000000000e+05
3.858000000000000000e+05
0.000000000000000000e+00
4.808880000000000000e+05
5.000070000000000000e+05
4.598400000000000000e+05
4.236430000000000000e+05
3.751960000000000000e+05
4.683840000000000000e+05
1.482000000000000000e+04
6.526090000000000000e+05
4.624510000000000000e+05
3.534510000000000000e+05
4.929400000000000000e+05
5.992330000000000000e+05
3.863090000000000000e+05
1.531200000000000000e+04
7.895600000000000000e+05
7.265370000000000000e+05
4.199850000000000000e+05
0.000000000000000000e+00
0.000000000000000000e+00
1.599000000000000000e+03
0.000000000000000000e+00
7.760380000000000000e+05
4.950950000000000000e+05
5.514210000000000000e+05
4.654360000000000000e+05
5.257390000000000000e+05
4.121230000000000000e+05
0.000000000000000000e+00
5.306840000000000000e+05
4.219690000000000000e+05
4.510770000000000000e+05
3.892670000000000000e+05
2.948320000000000000e+05
4.315510000000000000e+05
0.000000000000000000e+00
5.481280000000000000e+05
5.274990000000000000e+05
3.992280000000000000e+05
4.613830000000000000e+05
4.304660000000000000e+05
3.560200000000000000e+05
0.000000000000000000e+00
5.827900000000000000e+05
3.996680000000000000e+05
4.545230000000000000e+05
3.405890000000000000e+05
3.338350000000000000e+05
4.446770000000000000e+05
0.000000000000000000e+00
5.520520000000000000e+05
4.942130000000000000e+05
5.821590000000000000e+05
3.542700000000000000e+05
4.504300000000000000e+05
3.464990000000000000e+05
0.000000000000000000e+00
4.978870000000000000e+05
5.123960000000000000e+05
5.283270000000000000e+05
4.759760000000000000e+05
4.008320000000000000e+05
3.408380000000000000e+05
0.000000000000000000e+00
4.541760000000000000e+05
4.045550000000000000e+05
4.710640000000000000e+05
4.245840000000000000e+05
4.861310000000000000e+05
4.389120000000000000e+05
0.000000000000000000e+00
5.171930000000000000e+05
4.417190000000000000e+05
4.964450000000000000e+05
4.109820000000000000e+05
5.061640000000000000e+05
3.911560000000000000e+05
0.000000000000000000e+00
6.448330000000000000e+05
4.283630000000000000e+05
4.624550000000000000e+05
3.956030000000000000e+05
4.807760000000000000e+05
4.309780000000000000e+05
0.000000000000000000e+00
5.961950000000000000e+05
4.284770000000000000e+05
3.757270000000000000e+05
4.776820000000000000e+05
4.731390000000000000e+05
4.765610000000000000e+05
0.000000000000000000e+00
6.035000000000000000e+05
5.343500000000000000e+05
4.848970000000000000e+05
4.196750000000000000e+05
4.634180000000000000e+05
4.244360000000000000e+05
0.000000000000000000e+00
5.424720000000000000e+05
6.438640000000000000e+05
4.496370000000000000e+05
4.515950000000000000e+05
4.656800000000000000e+05
4.091390000000000000e+05
0.000000000000000000e+00
6.424490000000000000e+05
4.796280000000000000e+05
5.346120000000000000e+05
6.997460000000000000e+05
