3.401863678373382754e+03
3.401863678373382754e+03
3.401863678373382754e+03
4.299079156528790918e+03
4.669031060606061146e+03
4.669031060606061146e+03
4.669031060606061146e+03
5.109405576599327105e+03
5.549780092592592155e+03
3.552584514637904704e+03
2.944187474120082697e+03
2.944187474120082697e+03
3.196945973154362491e+03
3.196945973154362491e+03
3.056503564354959053e+03
2.916061155555556070e+03
2.916061155555556070e+03
3.045060344827586050e+03
3.214290981012658449e+03
3.214290981012658449e+03
2.700753961885657191e+03
2.166226980942828504e+03
1.631700000000000045e+03
2.700753961885657191e+03
2.700753961885657191e+03
2.700753961885657191e+03
2.700753961885657191e+03
2.700753961885657191e+03
2.363925163398692803e+03
2.363925163398692803e+03
2.363925163398692803e+03
2.363925163398692803e+03
3.093017789404840187e+03
2.363925163398692803e+03
2.783155165733964623e+03
2.516106626101569873e+03
2.249058086469175123e+03
2.783155165733964623e+03
2.593412995146753019e+03
2.983842651861528338e+03
2.593412995146753019e+03
2.643236137931034591e+03
2.643236137931034591e+03
2.643236137931034591e+03
3.727448464000000058e+03
3.727448464000000058e+03
3.280192619047618791e+03
3.280192619047618791e+03
1.879282352941176441e+03
3.717587719023779755e+03
5.555893085106383296e+03
3.396945682451253560e+03
3.396945682451253560e+03
2.902790122249388332e+03
1.971608192771084305e+03
1.758014951768488800e+03
1.758014951768488800e+03
1.758014951768488800e+03
1.828388051948051952e+03
3.302414772727272521e+03
2.122545022624434296e+03
2.122545022624434296e+03
2.122545022624434296e+03
1.783522511312217148e+03
1.444500000000000000e+03
2.291217167381973923e+03
1.323419354838709751e+03
1.764959845474613758e+03
1.323419354838709751e+03
1.764959845474613758e+03
1.818076617833255568e+03
1.871193390191897606e+03
1.871193390191897606e+03
1.708189655172413495e+03
1.177255347482313709e+03
1.708189655172413495e+03
1.177255347482313709e+03
1.112482524487425508e+03
1.047709701492537306e+03
1.047709701492537306e+03
1.870168902439024350e+03
1.870168902439024350e+03
1.182565248664200908e+03
1.182565248664200908e+03
1.243565263499100865e+03
1.304565278334000823e+03
1.716145502645502575e+03
1.597072864321607994e+03
1.746994660194174912e+03
1.597072864321607994e+03
1.719772386934673705e+03
1.397726995585399209e+03
1.075681604236124713e+03
1.719772386934673705e+03
1.075681604236124713e+03
1.121768695093207498e+03
1.037621951219512084e+03
1.115763389069129062e+03
1.115763389069129062e+03
1.115763389069129062e+03
1.254758954451345517e+03
1.457015789473684208e+03
1.457015789473684208e+03
1.854966577540106982e+03
1.854966577540106982e+03
2.125043288770053550e+03
2.395119999999999891e+03
1.177010197775030974e+03
2.395119999999999891e+03
2.558112464000000273e+03
2.558112464000000273e+03
1.412393805309734489e+03
1.412393805309734489e+03
1.412393805309734489e+03
2.323216417910447944e+03
2.323216417910447944e+03
1.925175136363636511e+03
1.925175136363636511e+03
1.791235666666666475e+03
2.057290189265536355e+03
2.323344711864406690e+03
2.553599374999999782e+03
2.553599374999999782e+03
2.553599374999999782e+03
3.387679644970414301e+03
3.387679644970414301e+03
3.021962429001498094e+03
2.656245213032581887e+03
2.472619506346968137e+03
2.203536148148148186e+03
2.203536148148148186e+03
2.337683628691983813e+03
2.455756185344827827e+03
2.455756185344827827e+03
2.455756185344827827e+03
2.455756185344827827e+03
2.242049242886178945e+03
3.075627132352941317e+03
2.195667473053892536e+03
2.638513035714285706e+03
2.417090254384089349e+03
2.195667473053892536e+03
2.615672924137931204e+03
2.615672924137931204e+03
2.615672924137931204e+03
2.863797627118643959e+03
2.458231554878048883e+03
2.661014590998346648e+03
2.863797627118643959e+03
3.349279103351955200e+03
3.349279103351955200e+03
3.801290846047157174e+03
3.801290846047157174e+03
3.964991534391534060e+03
4.045009190968376970e+03
4.125026847545219425e+03
4.712496306104128962e+03
4.712496306104128962e+03
4.145207031650984391e+03
4.145207031650984391e+03
4.239871548929663732e+03
4.239871548929663732e+03
4.239871548929663732e+03
4.148494416007445579e+03
4.089155614919774052e+03
4.148494416007445579e+03
4.188784997393569938e+03
4.188784997393569938e+03
4.064516161659747468e+03
3.940247325925924997e+03
3.533169670803034933e+03
3.366482163625250905e+03
3.238634621157969377e+03
3.238634621157969377e+03
3.168907038411508438e+03
3.083400636666071478e+03
2.997894234920634517e+03
3.168907038411508438e+03
3.398031542562193408e+03
3.443399001698579923e+03
3.443399001698579923e+03
3.371169261712667776e+03
3.339843341524694097e+03
3.308517421336720417e+03
3.069064969275083513e+03
2.938136517322219788e+03
2.843931158347676956e+03
2.779775849977807411e+03
2.744175322406985742e+03
2.712657702740356854e+03
2.681140083073727965e+03
2.669141429094459454e+03
2.669141429094459454e+03
2.676460171428571812e+03
2.766012335991766577e+03
2.773507828436596355e+03
2.837769275089428447e+03
2.902030721742260084e+03
2.943208411142636123e+03
2.943208411142636123e+03
2.932079052369076635e+03
2.932079052369076635e+03
3.010863407661521251e+03
3.010863407661521251e+03
3.010863407661521251e+03
3.011903690888119854e+03
3.011903690888119854e+03
3.011903690888119854e+03
3.041813167155425162e+03
2.762960347322720281e+03
2.783397789268296492e+03
2.803835231213872703e+03
2.718750965092403021e+03
2.803835231213872703e+03
2.736799348469891811e+03
2.736799348469891811e+03
2.701811753132832109e+03
2.461063810698152338e+03
2.220315868263473021e+03
2.216348179012346009e+03
2.116223638042475159e+03
1.873073080099092067e+03
1.940170822454308109e+03
1.940170822454308109e+03
2.095765105036037312e+03
2.251359387617766060e+03
2.251359387617766060e+03
1.989320521172638337e+03
1.792980332167832103e+03
1.792980332167832103e+03
2.160843241678726827e+03
2.160843241678726827e+03
2.160843241678726827e+03
2.449401420498084008e+03
1.986298417085427218e+03
1.986298417085427218e+03
1.906416855345911927e+03
1.906416855345911927e+03
1.826398341395223724e+03
1.746379827444535522e+03
2.016613777777777614e+03
2.131203821672354934e+03
2.131203821672354934e+03
1.871047713047664729e+03
1.871047713047664729e+03
2.069648720499260435e+03
2.268249727950856141e+03
2.433546121965659950e+03
2.268249727950856141e+03
2.252494692537312858e+03
2.149098350591716098e+03
2.252494692537312858e+03
2.662009568760173806e+03
3.071524444983034755e+03
3.071524444983034755e+03
2.590880983840303543e+03
2.520189956353055550e+03
2.520189956353055550e+03
2.520189956353055550e+03
2.543795524534143624e+03
2.567401092715231243e+03
2.894480317507418476e+03
2.670424169113329754e+03
2.798874704344985730e+03
2.778603221799308812e+03
2.798874704344985730e+03
3.144654462553393842e+03
3.490434220761801953e+03
3.641370405381943783e+03
3.641370405381943783e+03
3.518671467967430544e+03
3.310654268007904193e+03
2.892743871767623205e+03
2.892743871767623205e+03
2.197835030951041063e+03
2.197835030951041063e+03
2.197835030951041063e+03
2.197835030951041063e+03
2.197835030951041063e+03
2.197835030951041063e+03
2.549762622755689335e+03
2.901690214560337154e+03
2.908949489051094133e+03
2.926688223389764062e+03
3.028547284450441111e+03
3.378223145000766181e+03
3.489468325718786673e+03
3.433845735359776427e+03
3.378223145000766181e+03
3.814393534790685862e+03
3.805924186991871011e+03
3.814393534790685862e+03
3.805924186991871011e+03
4.440008957654724327e+03
4.074670964172617460e+03
3.709332970690511047e+03
4.025382885854557571e+03
3.709332970690511047e+03
3.740603290111940169e+03
3.287176079588522043e+03
3.574986079502352368e+03
3.431081079545437206e+03
3.287176079588522043e+03
3.574986079502352368e+03
3.281465971472392084e+03
3.085557119609438814e+03
3.085557119609438814e+03
3.085557119609438814e+03
3.037059099020405483e+03
2.988561078431372152e+03
2.988561078431372152e+03
2.943968225976768736e+03
3.280585818942961851e+03
3.452076180929094789e+03
4.334855222482436147e+03
4.334855222482436147e+03
4.334855222482436147e+03
4.456634385194478455e+03
4.540822537828948043e+03
4.540822537828948043e+03
4.540822537828948043e+03
4.855286848341232144e+03
4.855286848341232144e+03
4.855286848341232144e+03
4.171632353982300629e+03
4.171632353982300629e+03
3.949231507246376623e+03
4.476234435797665355e+03
5.062974791946308869e+03
5.062974791946308869e+03
5.062974791946308869e+03
4.987432921717171666e+03
3.918838596491228145e+03
3.344173947667804896e+03
3.344173947667804896e+03
3.937759424083769773e+03
4.141867037770654861e+03
4.345974651457540858e+03
5.284939765079365316e+03
4.776560495626822558e+03
4.776560495626822558e+03
4.776560495626822558e+03
4.941774857142857400e+03
4.941774857142857400e+03
4.941774857142857400e+03
4.941774857142857400e+03
4.644289036544851115e+03
4.644289036544851115e+03
4.277509225274724486e+03
4.021090044742728878e+03
3.875272170870574428e+03
3.729454296998419977e+03
3.675809763948498130e+03
3.594488108108108008e+03
3.355724040540540500e+03
3.594488108108108008e+03
5.442787503703704715e+03
5.442787503703704715e+03
5.442787503703704715e+03
3.820773599999999988e+03
2.997625001506024091e+03
2.401177547619047800e+03
2.401177547619047800e+03
2.785545977011494415e+03
2.785545977011494415e+03
2.785545977011494415e+03
2.785545977011494415e+03
2.784691346153846553e+03
2.482049833887043405e+03
2.784691346153846553e+03
2.482049833887043405e+03
3.101104124864313690e+03
3.720158415841583974e+03
3.720158415841583974e+03
3.720158415841583974e+03
1.915205612244897566e+03
1.905160795454544768e+03
1.915205612244897566e+03
2.399282051405467428e+03
2.883358490566037744e+03
3.895362669245647794e+03
3.895362669245647794e+03
2.319889277389277595e+03
2.319889277389277595e+03
3.381137692932576101e+03
3.381137692932576101e+03
3.381137692932576101e+03
2.873327348066298327e+03
2.873327348066298327e+03
2.873327348066298327e+03
4.114910045662100856e+03
2.450882921768707092e+03
2.450882921768707092e+03
2.450882921768707092e+03
1.844620580474934513e+03
1.844620580474934513e+03
2.075507614213197940e+03
2.342206741573033014e+03
2.517159456740442693e+03
2.733967324082319465e+03
2.950775191424195782e+03
3.094907894736842081e+03
3.217198529411764866e+03
3.217198529411764866e+03
3.110546078431372734e+03
2.177017045454545041e+03
2.177017045454545041e+03
2.177017045454545041e+03
2.015755780933062852e+03
1.020282894736841968e+03
1.020282894736841968e+03
1.020282894736841968e+03
1.020282894736841968e+03
2.401124454148472068e+03
2.401124454148472068e+03
2.639486186186186387e+03
2.639486186186186387e+03
2.639486186186186387e+03
2.458075617615468218e+03
2.458075617615468218e+03
2.458075617615468218e+03
2.458075617615468218e+03
2.804483329548036181e+03
2.804483329548036181e+03
2.804483329548036181e+03
1.804946428571428896e+03
1.804946428571428896e+03
1.804946428571428896e+03
1.804946428571428896e+03
2.445410950413222963e+03
9.918642857142857565e+02
1.943157407407408073e+03
1.614900000000000091e+03
1.651357634408602507e+03
1.651357634408602507e+03
1.651357634408602507e+03
1.651357634408602507e+03
1.778141505376344185e+03
1.778141505376344185e+03
1.943962116991644052e+03
3.043464599483204438e+03
3.043464599483204438e+03
3.043464599483204438e+03
2.797488843813388030e+03
1.877170040485829986e+03
1.877170040485829986e+03
1.866657938718662763e+03
1.866657938718662763e+03
1.896671540114048412e+03
1.926685141509434061e+03
1.926685141509434061e+03
1.926685141509434061e+03
1.830885754189944009e+03
2.690769230769230944e+03
2.420982267441860586e+03
2.420982267441860586e+03
2.420982267441860586e+03
2.420982267441860586e+03
1.971656072351420789e+03
1.900271739130434753e+03
1.900271739130434753e+03
1.900271739130434753e+03
2.073628177257525294e+03
2.246984615384616063e+03
1.827752588555858438e+03
1.790069832402234624e+03
1.610611111111111086e+03
1.610611111111111086e+03
1.859250000000000000e+03
2.154393134715026008e+03
2.449536269430052016e+03
2.705463414634146375e+03
2.705463414634146375e+03
2.845787558139534667e+03
2.845787558139534667e+03
2.845787558139534667e+03
3.497059779069767501e+03
4.148332000000000335e+03
1.874598128479656907e+03
2.275017182130584388e+03
2.275017182130584388e+03
2.275017182130584388e+03
2.587517582417582162e+03
2.350503309281079964e+03
2.113489036144578222e+03
2.587517582417582162e+03
2.113489036144578222e+03
2.309067761194030481e+03
2.309067761194030481e+03
3.015815064935065038e+03
3.015815064935065038e+03
3.015815064935065038e+03
2.679042017416545605e+03
2.679042017416545605e+03
3.087485820642977615e+03
3.496157575757576069e+03
3.496157575757576069e+03
3.431055757171177902e+03
3.365953938584780190e+03
2.988989131832797284e+03
2.988989131832797284e+03
2.618768390446521153e+03
3.359613483146068120e+03
3.094759700093720312e+03
3.282804272489103823e+03
3.470848844884487789e+03
3.094759700093720312e+03
3.118882983970407167e+03
3.118882983970407167e+03
3.422115011547343784e+03
3.616251091018685656e+03
3.616251091018685656e+03
3.616251091018685656e+03
3.303533013392857356e+03
3.303533013392857356e+03
3.303533013392857356e+03
3.554803324396782500e+03
2.735211470588235443e+03
2.897020249443392458e+03
3.058829028298549019e+03
3.058829028298549019e+03
3.472722355769230944e+03
3.583711109548916284e+03
3.644045226762460970e+03
3.892906721110656690e+03
3.954607620922153728e+03
4.016308520733651221e+03
4.196452015080602905e+03
4.259250391694195059e+03
4.259250391694195059e+03
4.137182783850493252e+03
4.074710702109705380e+03
3.908102720697455425e+03
3.741494739285205469e+03
3.674170183232130057e+03
3.595038709712805030e+03
3.595038709712805030e+03
3.595038709712805030e+03
3.468589532188840622e+03
3.363736082896876724e+03
3.258882633604913281e+03
2.946512948096886248e+03
2.946512948096886248e+03
3.275490920576472035e+03
3.304313663915159395e+03
3.275490920576472035e+03
3.107283613692303334e+03
2.939076306808134177e+03
2.939076306808134177e+03
3.016764811057538282e+03
3.016764811057538282e+03
2.924039522190139451e+03
2.924039522190139451e+03
3.015872021279037654e+03
3.107704520367936311e+03
3.158139646171127879e+03
3.364284485536432840e+03
3.382407014098148920e+03
3.447804221694215812e+03
3.528261848074807858e+03
3.528261848074807858e+03
3.528261848074807858e+03
3.501170659685863939e+03
3.415592392195334924e+03
3.323254782374101069e+03
3.323254782374101069e+03
3.323254782374101069e+03
3.277192377012595898e+03
3.231129971651090727e+03
3.460217205093834309e+03
3.460217205093834309e+03
3.460217205093834309e+03
3.190388252271512101e+03
2.929203206521739048e+03
2.903289346451530946e+03
2.877375486381322844e+03
2.816117179607109392e+03
2.605015963855421887e+03
2.438104257425742617e+03
2.438104257425742617e+03
2.111197109737249320e+03
2.111197109737249320e+03
2.111197109737249320e+03
1.852302702702702391e+03
1.820690263691684095e+03
1.820690263691684095e+03
1.705673736075407078e+03
1.534622845953002297e+03
1.532494324530905260e+03
1.530365803108808223e+03
1.530365803108808223e+03
1.515467781316348010e+03
1.417470990730011636e+03
1.515467781316348010e+03
1.515467781316348010e+03
1.691712149532710555e+03
1.691712149532710555e+03
1.756983003048780574e+03
1.756983003048780574e+03
2.038109416581371534e+03
2.097511030741410195e+03
2.097511030741410195e+03
2.097511030741410195e+03
2.097511030741410195e+03
1.589744361348766688e+03
1.539607782404997579e+03
1.539607782404997579e+03
1.539607782404997579e+03
1.433392765480482922e+03
1.433392765480482922e+03
1.433392765480482922e+03
1.728225630410237045e+03
1.748916235006120360e+03
1.748916235006120360e+03
1.741392611940298366e+03
1.741392611940298366e+03
1.768786835243179212e+03
1.796181058546060058e+03
2.091596980794271076e+03
2.138735296442688195e+03
2.202762721003134175e+03
2.202762721003134175e+03
2.377117053651938477e+03
2.377117053651938477e+03
2.377117053651938477e+03
2.377117053651938477e+03
2.366024781812125639e+03
2.366024781812125639e+03
2.291901968696502990e+03
2.291901968696502990e+03
2.291901968696502990e+03
2.291901968696502990e+03
2.446050966183574928e+03
2.446050966183574928e+03
2.446050966183574928e+03
2.446050966183574928e+03
2.416966481030281557e+03
2.190550957601975824e+03
1.964135434173669637e+03
2.416966481030281557e+03
2.537041236824984026e+03
3.138737749063670435e+03
2.537041236824984026e+03
2.784541973840665833e+03
2.638496863133925217e+03
2.492451752427184601e+03
2.784541973840665833e+03
3.436717558052434924e+03
3.621791103867884885e+03
3.436717558052434924e+03
3.448654717880290264e+03
3.407985451014184036e+03
3.367316184148077809e+03
3.448654717880290264e+03
3.405142643080124799e+03
3.782397836369447305e+03
4.174797565480188496e+03
4.174797565480188496e+03
4.141701213061587623e+03
4.108604860642986750e+03
4.108604860642986750e+03
4.060985599582897521e+03
4.060985599582897521e+03
4.013102601858470280e+03
3.887178900107700883e+03
3.704271890874234487e+03
3.521364881640768090e+03
3.423255442860948733e+03
3.423255442860948733e+03
3.474375444204851192e+03
3.562345599478713666e+03
3.572265700934579854e+03
3.595081308947855177e+03
3.617896916961130955e+03
3.656249060717881093e+03
3.656249060717881093e+03
3.543555190789474182e+03
3.543555190789474182e+03
3.609990810487579893e+03
3.609990810487579893e+03
3.609990810487579893e+03
3.822325865416804845e+03
3.667917596544716162e+03
3.667917596544716162e+03
3.667917596544716162e+03
3.780495211382114121e+03
3.794688718972307470e+03
3.808882226562500819e+03
4.170211917808219368e+03
3.808882226562500819e+03
3.774860891778913810e+03
3.757589624932542392e+03
3.702698257978724087e+03
3.601797551808153912e+03
3.500896845637584192e+03
3.525954221061792850e+03
3.525954221061792850e+03
3.525954221061792850e+03
3.865071550255536749e+03
3.398302576891106128e+03
3.631687063573321211e+03
3.865071550255536749e+03
4.486953604651163005e+03
4.782481664098612782e+03
4.782481664098612782e+03
4.782481664098612782e+03
5.064408582089552510e+03
5.064408582089552510e+03
5.064408582089552510e+03
5.221086098130840583e+03
5.719853132832079609e+03
5.719853132832079609e+03
5.719853132832079609e+03
4.808709365079364943e+03
4.914902111617697301e+03
5.021094858156028749e+03
4.607781540062435852e+03
4.893132567849686893e+03
4.893132567849686893e+03
5.971215492957746392e+03
7.530396174863388296e+03
8.270782783693375677e+03
9.011169392523364877e+03
7.530396174863388296e+03
5.970826712328766916e+03
5.562956919374248173e+03
5.562956919374248173e+03
6.286820754716981355e+03
6.286820754716981355e+03
6.286820754716981355e+03
6.286820754716981355e+03
3.605180443159922561e+03
3.605180443159922561e+03
3.605180443159922561e+03
3.518166527196653078e+03
3.314786382101445270e+03
3.111406237006237006e+03
2.679640756302520913e+03
2.679640756302520913e+03
2.679640756302520913e+03
3.842834574468085520e+03
3.602150958904109302e+03
3.602150958904109302e+03
3.602150958904109302e+03
3.602150958904109302e+03
3.164665867418899779e+03
2.132267618270800085e+03
2.132267618270800085e+03
3.397691930835735093e+03
3.397691930835735093e+03
3.397691930835735093e+03
2.641804507628294232e+03
2.641804507628294232e+03
2.641804507628294232e+03
4.075223188405796918e+03
3.204437181044957924e+03
3.204437181044957924e+03
3.204437181044957924e+03
3.104895117982099237e+03
3.104895117982099237e+03
3.254171920289854825e+03
5.596500000000000000e+03
5.596500000000000000e+03
3.904629531722054708e+03
2.212759063444108961e+03
2.212759063444108961e+03
2.212759063444108961e+03
2.212759063444108961e+03
2.212759063444108961e+03
4.041073112033194775e+03
4.041073112033194775e+03
4.041073112033194775e+03
3.311095533033033007e+03
2.994553977011494226e+03
2.914393401677540169e+03
2.914393401677540169e+03
3.081959987573780381e+03
3.081959987573780381e+03
3.081959987573780381e+03
3.369842857142857156e+03
2.721379162303664998e+03
2.721379162303664998e+03
2.369409836065573927e+03
2.261744159544160084e+03
2.249734452997232438e+03
2.237724746450304337e+03
2.237724746450304337e+03
2.261646721311476085e+03
2.323422250316055852e+03
2.470361111111112223e+03
2.722339436619718526e+03
2.764598772363913213e+03
2.806858108108107899e+03
2.722339436619718526e+03
3.035313422818792333e+03
1.522983297872340472e+03
1.522983297872340472e+03
1.522983297872340472e+03
1.981456240772904948e+03
2.439929183673469652e+03
2.439929183673469652e+03
2.207405755395683173e+03
2.207405755395683173e+03
2.398040886699507155e+03
2.398040886699507155e+03
2.495742699447314408e+03
2.593444512195122115e+03
2.073454780361757003e+03
2.079487728459529990e+03
2.040795000000000073e+03
1.454590409482758560e+03
1.454590409482758560e+03
1.707374260431451830e+03
1.960158111380145101e+03
2.314939024390243958e+03
2.328263307493540196e+03
2.328263307493540196e+03
1.816978672985781941e+03
1.816978672985781941e+03
2.046912033861312011e+03
2.276845394736842081e+03
2.276845394736842081e+03
2.219913091787439498e+03
2.138829807692307440e+03
2.138829807692307440e+03
2.138829807692307440e+03
2.151709994285430184e+03
2.164590180878552928e+03
2.164590180878552928e+03
2.164590180878552928e+03
2.448256378600822700e+03
2.514939393939393995e+03
2.514939393939393995e+03
2.533366758935509097e+03
2.551794123931624199e+03
2.900519145569620378e+03
2.900519145569620378e+03
2.480553926701571072e+03
2.480553926701571072e+03
5.058289062500000000e+03
5.058289062500000000e+03
5.058289062500000000e+03
1.883016390041493651e+03
1.883016390041493651e+03
2.823436973995272183e+03
2.898326199999999972e+03
3.119901397153946164e+03
3.119901397153946164e+03
3.119901397153946164e+03
3.097472548172757342e+03
3.097472548172757342e+03
3.098557275204360394e+03
5.184714086956521896e+03
4.236914747474747855e+03
4.236914747474747855e+03
4.236914747474747855e+03
3.859346016260161832e+03
3.368482729941291382e+03
3.368482729941291382e+03
4.404324747967480107e+03
4.404324747967480107e+03
3.983345554010021260e+03
3.562366360052562868e+03
3.562366360052562868e+03
4.468154999999999745e+03
4.468154999999999745e+03
4.468154999999999745e+03
5.073397260273972279e+03
5.073397260273972279e+03
5.073397260273972279e+03
3.654352415026833569e+03
2.989519176245211384e+03
2.989519176245211384e+03
2.961092848904268067e+03
2.996498279266572808e+03
2.780288144633286720e+03
2.564078010000000177e+03
2.839627230632234841e+03
2.839627230632234841e+03
2.954845560458958516e+03
3.013594145328720060e+03
3.115823053057553807e+03
3.205816890606446577e+03
3.295810728155339802e+03
3.790177289348857812e+03
3.867841928721174099e+03
4.076969567538708816e+03
4.047617405553025492e+03
4.076969567538708816e+03
4.201835167125424960e+03
4.326700766712141558e+03
4.484834391054700063e+03
4.484834391054700063e+03
4.662676789434797683e+03
4.566716694076653766e+03
4.566716694076653766e+03
4.491565857788913490e+03
4.416415021501172305e+03
4.386524582110002484e+03
4.416415021501172305e+03
4.337939396222172036e+03
4.335866568566708338e+03
4.335866568566708338e+03
4.335866568566708338e+03
4.335866568566708338e+03
4.214844707719332291e+03
4.214844707719332291e+03
4.373065412766320151e+03
4.373065412766320151e+03
4.059003625527688655e+03
4.003767621069213419e+03
3.948531616610738183e+03
3.968082737317524789e+03
3.745610495862207244e+03
3.843085705273295844e+03
3.843085705273295844e+03
3.843085705273295844e+03
3.756472308236826393e+03
3.669858911200356943e+03
3.650929737646576086e+03
3.669858911200356943e+03
3.690721781943064798e+03
3.793236204872489452e+03
3.793236204872489452e+03
3.787610266968759788e+03
3.781984329065030124e+03
3.723211300166127330e+03
3.653995989063242178e+03
3.653995989063242178e+03
3.566967451179820728e+03
3.566967451179820728e+03
3.561989653611968606e+03
3.557011856044116030e+03
3.557011856044116030e+03
3.417970084033613148e+03
3.417970084033613148e+03
3.234396130393996373e+03
3.522540888252149216e+03
3.458488578952182252e+03
3.394436269652214833e+03
3.466507822685788597e+03
3.394436269652214833e+03
3.374879981078524906e+03
3.182102758620689656e+03
3.374879981078524906e+03
3.384888569957606705e+03
3.394897158836688959e+03
3.666244936305732153e+03
3.666244936305732153e+03
3.617535284552845496e+03
3.327192138364780021e+03
3.264973559950556137e+03
3.162804098927512314e+03
3.060634637904468036e+03
3.264973559950556137e+03
3.060634637904468036e+03
3.034596083550914045e+03
1.707874624918460313e+03
1.707874624918460313e+03
1.877666259827651174e+03
2.047457894736842036e+03
2.490324486301369689e+03
2.373076994497936539e+03
2.490324486301369689e+03
2.373076994497936539e+03
2.327612728026533659e+03
2.321759104316808589e+03
2.315905480607083064e+03
2.327612728026533659e+03
2.315905480607083064e+03
2.349832178270041823e+03
2.120487866108786420e+03
2.548931014492753093e+03
2.548931014492753093e+03
2.548931014492753093e+03
2.585840908788281922e+03
2.585840908788281922e+03
2.467482879027164017e+03
2.460028860232944680e+03
2.467482879027164017e+03
2.326175232617029906e+03
2.184867586206895794e+03
1.987297162823200779e+03
1.683067051487747676e+03
1.987297162823200779e+03
1.987297162823200779e+03
1.987297162823200779e+03
1.831361999142000059e+03
1.831361999142000059e+03
1.831361999142000059e+03
1.758570953870211497e+03
1.758570953870211497e+03
2.147059894657637415e+03
2.327135393734124136e+03
2.838013955635573438e+03
3.348892517537022286e+03
3.402304517133956324e+03
3.402304517133956324e+03
3.515151301775148113e+03
3.511438171036204949e+03
3.620875807195571269e+03
3.775639852044431791e+03
3.930403896893291858e+03
3.930403896893291858e+03
3.739915245824983231e+03
3.739915245824983231e+03
3.739915245824983231e+03
3.740758309895640650e+03
3.689503257768566073e+03
3.638248205641491950e+03
3.740758309895640650e+03
3.638248205641491950e+03
3.868845373639909212e+03
3.811715170138888880e+03
4.015817795419052800e+03
3.988811771302157467e+03
3.961805747185261680e+03
4.053660902127980989e+03
4.334088359004739686e+03
4.338134028318033415e+03
4.334088359004739686e+03
4.350249357535501986e+03
4.274759178217830595e+03
4.199268998900159204e+03
4.350249357535501986e+03
3.906416310225880807e+03
4.309543340073529180e+03
3.989139567629615158e+03
4.212508962448834609e+03
4.175086499592190194e+03
4.137664036735545778e+03
4.164708073188406161e+03
4.137664036735545778e+03
3.973404704834605582e+03
3.973404704834605582e+03
4.079470602510460139e+03
4.079470602510460139e+03
4.079470602510460139e+03
4.079470602510460139e+03
4.122751170006464235e+03
4.246098820630749287e+03
4.313415850144091564e+03
4.313415850144091564e+03
4.257542298690321331e+03
4.201668747236551098e+03
3.993567403474903131e+03
3.993567403474903131e+03
4.835197142857142353e+03
4.835197142857142353e+03
4.278929045936396506e+03
4.278929045936396506e+03
4.278929045936396506e+03
4.106576219864995437e+03
3.915465039062500182e+03
3.915465039062500182e+03
3.481200705445544372e+03
4.254484941234084545e+03
4.254484941234084545e+03
4.254484941234084545e+03
4.499028169296986562e+03
4.630513379948914007e+03
4.917527587535013481e+03
4.995031119233499339e+03
4.917527587535013481e+03
5.038546431022408797e+03
5.159565274509804112e+03
4.630316101315788728e+03
4.979038877671334376e+03
4.979038877671334376e+03
5.391088688505747086e+03
5.391088688505747086e+03
5.712220010702808395e+03
6.033351332899869703e+03
6.033351332899869703e+03
6.033351332899869703e+03
5.493409811339198313e+03
5.493409811339198313e+03
5.332755528735631742e+03
5.410912408392166981e+03
5.489069288048702219e+03
5.489069288048702219e+03
5.521303025282768431e+03
5.521303025282768431e+03
5.521303025282768431e+03
5.291914998535870836e+03
5.211454889603328411e+03
5.130994780670785985e+03
5.130994780670785985e+03
4.697517403417917194e+03
4.233782150722021470e+03
4.233782150722021470e+03
5.322303117647058571e+03
5.322303117647058571e+03
5.322303117647058571e+03
4.722478000000000065e+03
4.675810400364520319e+03
4.629142800729039664e+03
4.722478000000000065e+03
4.407563840151514341e+03
4.359598403543139284e+03
4.311632966934763317e+03
3.409974633728589652e+03
3.409974633728589652e+03
4.205176815456362419e+03
5.370293301231802616e+03
5.370293301231802616e+03
5.328050514369115263e+03
5.285807727506427000e+03
5.285807727506427000e+03
5.294022843003413072e+03
5.294022843003413072e+03
4.363824289965397838e+03
4.121166447089947724e+03
3.982266355363155526e+03
3.843366263636363328e+03
3.843366263636363328e+03
3.843366263636363328e+03
2.383171370143149034e+03
2.383171370143149034e+03
2.383171370143149034e+03
2.383171370143149034e+03
2.383171370143149034e+03
2.383171370143149034e+03
2.383171370143149034e+03
1.450268520710058965e+03
1.450268520710058965e+03
2.848786498330550785e+03
2.848786498330550785e+03
2.848786498330550785e+03
2.832677453278429311e+03
2.534412897117610100e+03
2.724256068462118947e+03
2.675184442060085075e+03
2.724256068462118947e+03
2.850819238668460457e+03
2.977382408874801968e+03
2.977382408874801968e+03
2.360918079096045403e+03
2.360918079096045403e+03
4.477798561151079412e+03
4.477798561151079412e+03
3.911387729942628539e+03
3.344976898734177212e+03
3.344976898734177212e+03
2.193797680412370937e+03
4.703541984732824858e+03
3.375910891089109100e+03
4.910029822335025528e+03
4.142970356712066859e+03
3.375910891089109100e+03
2.546592342342342363e+03
2.546592342342342363e+03
3.188975226039783138e+03
3.560472924187725766e+03
4.032126879699248093e+03
4.032126879699248093e+03
4.032126879699248093e+03
3.199526936026935800e+03
3.199526936026935800e+03
3.389147987616100181e+03
4.000407360406091357e+03
3.389147987616100181e+03
3.694777674011095769e+03
4.000407360406091357e+03
2.821273476112026401e+03
3.253250000000000000e+03
3.253250000000000000e+03
3.253250000000000000e+03
3.185000000000000000e+03
3.185000000000000000e+03
3.185000000000000000e+03
3.052475386444708420e+03
3.715358064516129161e+03
2.763867109634551525e+03
2.763867109634551525e+03
2.763867109634551525e+03
1.969199609863147316e+03
1.174532110091743107e+03
2.175875555555555820e+03
2.175875555555555820e+03
2.175875555555555820e+03
4.970873469387754994e+03
4.618769230769231399e+03
4.618769230769231399e+03
4.618769230769231399e+03
3.733492890995260950e+03
3.695189873417721628e+03
3.554675822603720007e+03
3.695189873417721628e+03
3.554675822603720007e+03
3.648083900606672614e+03
3.741491978609625676e+03
3.456889485981308098e+03
2.587404920405209850e+03
2.587404920405209850e+03
3.246750000000000000e+03
4.101309581320450889e+03
4.101309581320450889e+03
4.101309581320450889e+03
4.295703703703704377e+03
4.295703703703704377e+03
5.349195266272189656e+03
2.172896713615024055e+03
4.032075740131578186e+03
4.032075740131578186e+03
4.032075740131578186e+03
4.032075740131578186e+03
4.313961538461538112e+03
4.052687085137085887e+03
4.230220079051383436e+03
4.052687085137085887e+03
3.748822510382083237e+03
3.444957935627081042e+03
2.988340682692307382e+03
2.988340682692307382e+03
2.747686000000000149e+03
3.448983870967741950e+03
3.448983870967741950e+03
4.257124461124896698e+03
5.065265051282051900e+03
5.065265051282051900e+03
3.027259461456103054e+03
2.409555746736292804e+03
2.409555746736292804e+03
3.106422865030674529e+03
3.415205736690287722e+03
3.723988608349900915e+03
3.990764218455743958e+03
3.723988608349900915e+03
3.108540992555831508e+03
3.108540992555831508e+03
4.567759473684210207e+03
4.567759473684210207e+03
4.567759473684210207e+03
4.315304321329639606e+03
4.315304321329639606e+03
4.079914654686398080e+03
4.604619942196532065e+03
4.869098927152317628e+03
4.869098927152317628e+03
4.869098927152317628e+03
5.054219130434783438e+03
5.306140367044465165e+03
5.306140367044465165e+03
5.164546473981191411e+03
5.164546473981191411e+03
5.473819327899687778e+03
5.783092181818183235e+03
5.783092181818183235e+03
5.523312582685903180e+03
5.500791521831284626e+03
5.500791521831284626e+03
5.276896753160193839e+03
5.252643686803543460e+03
5.228390620446892171e+03
5.228390620446892171e+03
5.213823361249999834e+03
5.213823361249999834e+03
5.213823361249999834e+03
5.170144406329573940e+03
5.064341112638408958e+03
4.958537818947243977e+03
4.958537818947243977e+03
5.005434022157466643e+03
5.064625656406825328e+03
5.049049807503437478e+03
5.049049807503437478e+03
4.704122249165941867e+03
4.359194690828446255e+03
4.327142819662937654e+03
4.327142819662937654e+03
4.369700280924641447e+03
4.377794343515159198e+03
4.400858079719745547e+03
4.401177668084038487e+03
4.401497256448331427e+03
4.742348924538954634e+03
4.890929884848081201e+03
4.890929884848081201e+03
4.723686961190855072e+03
4.625334167420369340e+03
4.592681235048181406e+03
4.560028302675994382e+03
4.463260815558178365e+03
4.426393964234029227e+03
4.426393964234029227e+03
4.179203473444095835e+03
3.961806754760341846e+03
3.916642063330583824e+03
3.871477371900825801e+03
3.871477371900825801e+03
3.972852593175187394e+03
4.048261895563408871e+03
4.048261895563408871e+03
3.875014186430370501e+03
3.875014186430370501e+03
3.875014186430370501e+03
3.881652131305986586e+03
4.326534418657052811e+03
4.326534418657052811e+03
4.326534418657052811e+03
4.267923275007939992e+03
4.272874572978506876e+03
4.277825870949073760e+03
4.277825870949073760e+03
4.745396840101523594e+03
4.872886705611190337e+03
4.872886705611190337e+03
4.410677573033707631e+03
4.160203666249009984e+03
3.909729759464311883e+03
3.670921486703988649e+03
3.626816243195001789e+03
3.670921486703988649e+03
4.059756106285405622e+03
4.128002908993861638e+03
4.128002908993861638e+03
4.128002908993861638e+03
4.445552662098049950e+03
4.408735401929260661e+03
4.408735401929260661e+03
4.038035050041703016e+03
4.038035050041703016e+03
4.238280275158745098e+03
4.438525500275786726e+03
4.642062802983537949e+03
4.609779025518341768e+03
4.609779025518341768e+03
4.462736928740157964e+03
3.813283864892881411e+03
3.813283864892881411e+03
3.813283864892881411e+03
4.112603764705881986e+03
4.138347988281249854e+03
4.112603764705881986e+03
3.766214740480961609e+03
3.739608308547008619e+03
3.739608308547008619e+03
3.739608308547008619e+03
3.802429450819672184e+03
4.261050077047852028e+03
4.261050077047852028e+03
4.086217097701148759e+03
4.086217097701148759e+03
3.864619242057294286e+03
3.643021386413439814e+03
3.737961930659415884e+03
3.737961930659415884e+03
3.737961930659415884e+03
3.788752051901025425e+03
3.888844788253477873e+03
3.888844788253477873e+03
3.888844788253477873e+03
3.588611395676692155e+03
3.588611395676692155e+03
3.829923309920982774e+03
3.856540707133916840e+03
3.856540707133916840e+03
3.866919709683733345e+03
3.877298712233549850e+03
3.877298712233549850e+03
3.389362802642444422e+03
3.229981666567074626e+03
3.229981666567074626e+03
3.816138278726351018e+03
4.268597806737153405e+03
4.268597806737153405e+03
3.289827956989247468e+03
3.289827956989247468e+03
3.289827956989247468e+03
3.289827956989247468e+03
4.100360522237197074e+03
4.100360522237197074e+03
4.100360522237197074e+03
4.372499593703149003e+03
4.548783877615725942e+03
4.614281456953642191e+03
4.548783877615725942e+03
4.555287337237340580e+03
4.555287337237340580e+03
4.555287337237340580e+03
4.601561141207815126e+03
5.017188713678242493e+03
5.017188713678242493e+03
5.017188713678242493e+03
5.023386042144794374e+03
5.023386042144794374e+03
5.023386042144794374e+03
5.023386042144794374e+03
5.389563251299826334e+03
4.933394876678114088e+03
4.933394876678114088e+03
4.779347917102782958e+03
4.707283896636801728e+03
4.635219876170820498e+03
4.635219876170820498e+03
4.815366548157725447e+03
4.815366548157725447e+03
4.458024266528925182e+03
4.458024266528925182e+03
4.408297540600013235e+03
4.358570814671101289e+03
4.536148646964214095e+03
4.530953716050820731e+03
4.530953716050820731e+03
4.530953716050820731e+03
4.538759223083548932e+03
4.613358629471067616e+03
4.687958035858585390e+03
4.687958035858585390e+03
4.594298568130921012e+03
4.510726167495029586e+03
4.520804749768303736e+03
4.520804749768303736e+03
4.520804749768303736e+03
4.520804749768303736e+03
4.718021747894103100e+03
4.718021747894103100e+03
4.909964473272897521e+03
4.969456558139535446e+03
4.909964473272897521e+03
4.939710515706216029e+03
4.969456558139535446e+03
4.855741244027931316e+03
5.081075171882523136e+03
5.323607182477341667e+03
5.427712717948717000e+03
5.427712717948717000e+03
5.480442813761592333e+03
5.533172909574468576e+03
5.987308802145412301e+03
6.114619420240137515e+03
5.987308802145412301e+03
6.114619420240137515e+03
5.856053896103895568e+03
6.705557382834556847e+03
7.555060869565217217e+03
6.746547963424771297e+03
7.897707387659287633e+03
6.746547963424771297e+03
7.904009369369367960e+03
5.639076660341555908e+03
6.771543014855462388e+03
7.904009369369367960e+03
5.611929363128490877e+03
6.792464077669903418e+03
6.792464077669903418e+03
6.882213187812642900e+03
6.882213187812642900e+03
6.929336091760398631e+03
6.976458995708154362e+03
6.250675918635170092e+03
7.579007912457912425e+03
8.279063163596965751e+03
8.279063163596965751e+03
7.288848284313725344e+03
6.966441190211782668e+03
6.644034096109839993e+03
6.572480795267490066e+03
6.644034096109839993e+03
7.503706521739130039e+03
