1.260676740219224484e+03
1.260676740219224484e+03
1.284260606393596618e+03
1.284260606393596618e+03
1.278104632893165217e+03
1.251114557240653085e+03
1.234338810902649584e+03
1.229582799757375597e+03
1.224826788612101836e+03
1.211752551563550014e+03
1.211752551563550014e+03
1.186081198708483953e+03
1.171894349604080844e+03
1.171894349604080844e+03
1.174139225529899704e+03
1.176384101455718564e+03
1.192704786954894416e+03
1.191394925684901636e+03
1.191394925684901636e+03
1.167222657209550562e+03
1.167222657209550562e+03
1.168007193087038331e+03
1.168791728964526101e+03
1.200793054246845713e+03
1.200793054246845713e+03
1.200793054246845713e+03
1.200793054246845713e+03
1.200793054246845713e+03
1.216845864307385000e+03
1.216845864307385000e+03
1.216845864307385000e+03
1.216845864307385000e+03
1.254843702356681433e+03
1.258135826618929286e+03
1.318847249764400885e+03
1.318847249764400885e+03
1.318847249764400885e+03
1.285000550995903495e+03
1.266040130481248298e+03
1.266040130481248298e+03
1.306778521923401286e+03
1.308712095903232694e+03
1.308712095903232694e+03
1.308712095903232694e+03
1.308712095903232694e+03
1.324065786102060883e+03
1.324065786102060883e+03
1.324065786102060883e+03
1.318009157822870975e+03
1.278303320677764987e+03
1.238597483532658771e+03
1.225234316638955988e+03
1.226243498591313028e+03
1.223953962519738980e+03
1.216244707761628206e+03
1.216244707761628206e+03
1.216244707761628206e+03
1.216244707761628206e+03
1.281281191687760156e+03
1.281281191687760156e+03
1.281281191687760156e+03
1.312822257514199691e+03
1.312621179260512235e+03
1.312621179260512235e+03
1.312621179260512235e+03
1.301495390097115887e+03
1.301495390097115887e+03
1.302936469964621438e+03
1.302936469964621438e+03
1.255837395175439497e+03
1.235534125742999549e+03
1.215230856310559375e+03
1.215230856310559375e+03
1.215230856310559375e+03
1.168232566996842479e+03
1.168232566996842479e+03
1.168232566996842479e+03
1.171853335661700839e+03
1.175474104326559427e+03
1.129228252277880983e+03
1.174154773641794918e+03
1.155975193062837661e+03
1.174154773641794918e+03
1.236857084692634317e+03
1.238742704846617926e+03
1.240628325000601762e+03
1.292816162498599169e+03
1.292816162498599169e+03
1.292816162498599169e+03
1.422369507380468349e+03
1.422369507380468349e+03
1.398963423546051217e+03
1.375557339711634313e+03
1.375557339711634313e+03
1.462802603653906772e+03
1.462802603653906772e+03
1.462802603653906772e+03
1.422566281575984931e+03
1.390963170480407371e+03
1.359360059384830038e+03
1.300126737868404462e+03
1.270625040602550371e+03
1.270625040602550371e+03
1.318380863806668458e+03
1.318380863806668458e+03
1.346500495856440693e+03
1.374620127906212929e+03
1.374620127906212929e+03
1.447518671114290782e+03
1.459126045195085908e+03
1.460000766696434766e+03
1.460000766696434766e+03
1.447011237174375310e+03
1.434021707652315627e+03
1.434021707652315627e+03
1.450702207161976730e+03
1.513511382101979507e+03
1.517840131430344400e+03
1.513511382101979507e+03
1.528269568145707581e+03
1.543027754189435655e+03
1.560198591384055135e+03
1.587347803102903526e+03
1.600962487463229309e+03
1.587347803102903526e+03
1.593776457749910378e+03
1.593776457749910378e+03
1.593776457749910378e+03
1.658461482873121440e+03
1.729001302540451888e+03
1.737199316991065643e+03
1.737199316991065643e+03
1.750338129967330360e+03
1.763049247046747496e+03
1.775760364126164632e+03
1.949568478561842312e+03
1.949568478561842312e+03
1.918403800798272869e+03
1.764852679937275980e+03
1.587331819371838492e+03
1.483829201952665244e+03
1.380326584533492223e+03
1.357153094966944309e+03
1.357153094966944309e+03
1.434087104309847973e+03
1.434087104309847973e+03
1.310281252178300747e+03
1.256839835405101439e+03
1.203398418631901905e+03
1.150045567149473300e+03
1.150045567149473300e+03
1.174700639696957978e+03
1.174700639696957978e+03
1.148142000950062766e+03
1.108069201092375351e+03
1.067996401234687710e+03
1.067996401234687710e+03
1.080363313273501490e+03
1.097189040456710927e+03
1.097189040456710927e+03
1.060859541168088754e+03
1.044173389007200967e+03
1.027487236846313181e+03
1.003571193075221231e+03
9.457980309590179786e+02
8.866759645895082258e+02
8.612877385748844290e+02
8.358446551189331331e+02
8.202673935849322788e+02
8.046901320509313109e+02
8.020138712974455757e+02
8.020138712974455757e+02
8.295156844744333284e+02
8.295156844744333284e+02
8.354692123869435818e+02
8.354692123869435818e+02
8.354692123869435818e+02
8.740882269319178022e+02
9.249835359377085524e+02
9.589809894533013903e+02
9.589809894533013903e+02
9.469618822326827967e+02
9.469409873926617820e+02
9.469200925526407673e+02
9.469200925526407673e+02
9.243645706038647631e+02
9.214002921649283735e+02
9.243645706038647631e+02
9.265405287966783590e+02
9.294829257567839704e+02
9.324253227168895819e+02
9.501340916711316140e+02
9.597478540064339541e+02
9.783590325611960452e+02
9.597478540064339541e+02
9.627124118658103953e+02
9.447291871783666011e+02
9.267459624909228069e+02
9.622293120566478137e+02
9.622293120566478137e+02
9.622293120566478137e+02
9.594831131767588204e+02
9.594831131767588204e+02
9.588119355031169562e+02
9.581407578294752057e+02
9.651123572600968146e+02
1.002702940955717054e+03
1.007110703210867200e+03
1.022908541423249630e+03
1.060287622968159440e+03
1.085508879050041969e+03
1.110730135131924499e+03
1.117321262453081772e+03
1.145890965872418064e+03
1.145890965872418064e+03
1.145890965872418064e+03
1.139742851327563130e+03
1.139742851327563130e+03
1.139742851327563130e+03
1.139742851327563130e+03
1.149562227865169234e+03
1.149562227865169234e+03
1.149562227865169234e+03
1.201420371058633691e+03
1.250473042829767564e+03
1.299525714600901210e+03
1.357699147184596086e+03
1.358793631586624315e+03
1.393002923196888105e+03
1.393002923196888105e+03
1.408194597058922454e+03
1.409209020778160948e+03
1.410223444497399441e+03
1.417621301589575069e+03
1.469978816382138575e+03
1.469978816382138575e+03
1.443473955206692835e+03
1.443473955206692835e+03
1.442146381319723787e+03
1.440818807432754966e+03
1.440818807432754966e+03
1.402361421803089570e+03
1.402361421803089570e+03
1.407674594541894749e+03
1.407674594541894749e+03
1.407506125299755695e+03
1.407337656057616641e+03
1.391195699632723517e+03
1.356954863268151030e+03
1.338174470429685698e+03
1.335933200570978443e+03
1.299938996115416103e+03
1.299938996115416103e+03
1.299938996115416103e+03
1.304030350438644746e+03
1.304030350438644746e+03
1.304030350438644746e+03
1.345520326270573833e+03
1.356436607223813780e+03
1.356436607223813780e+03
1.356436607223813780e+03
1.356436607223813780e+03
1.361433166906377437e+03
1.361433166906377437e+03
1.355523027310363432e+03
1.355523027310363432e+03
1.358360602606093835e+03
1.361198177901824238e+03
1.394249563803470210e+03
1.365206854263495188e+03
1.391038907528624350e+03
1.368368052179444931e+03
1.368368052179444931e+03
1.368368052179444931e+03
1.454869045964618181e+03
1.454869045964618181e+03
1.454869045964618181e+03
1.454869045964618181e+03
1.454869045964618181e+03
1.454869045964618181e+03
1.476993871087286152e+03
1.499118696209953896e+03
1.499118696209953896e+03
1.499366003826590713e+03
1.456525410061145294e+03
1.445732311855202170e+03
1.429857765739501701e+03
1.427121143657320999e+03
1.424384521575140298e+03
1.404360205117983014e+03
1.399700615835461804e+03
1.348869170150034506e+03
1.343015477392094908e+03
1.299983822423518859e+03
1.299983822423518859e+03
1.299983822423518859e+03
1.303963796508541918e+03
1.303963796508541918e+03
1.303963796508541918e+03
1.306138504821258721e+03
1.306138504821258721e+03
1.298215377897245617e+03
1.290292250973232740e+03
1.290292250973232740e+03
1.293775066996939358e+03
1.331822738560475500e+03
1.352090918403547903e+03
1.352090918403547903e+03
1.339792407291851760e+03
1.327493896180155843e+03
1.327493896180155843e+03
1.377447548310859020e+03
1.377447548310859020e+03
1.355423531063172049e+03
1.336605064750407109e+03
1.330448270481993859e+03
1.324291476213580381e+03
1.317351939375393385e+03
1.302545105145111165e+03
1.302982903256863437e+03
1.302982903256863437e+03
1.326651048757309582e+03
1.328553404657111741e+03
1.330455760556913901e+03
1.382806641408716359e+03
1.394317382651987828e+03
1.394317382651987828e+03
1.394317382651987828e+03
1.405341113668079970e+03
1.412921974598330053e+03
1.420502835528580363e+03
1.436455888516028153e+03
1.471837247503847493e+03
1.471837247503847493e+03
1.454498808426043297e+03
1.454498808426043297e+03
1.448619690655687691e+03
1.442740572885332085e+03
1.556528492253727109e+03
1.536485531024393140e+03
1.536485531024393140e+03
1.536485531024393140e+03
1.510138825907110459e+03
1.532162528896012191e+03
1.554186231884913923e+03
1.687968820485717060e+03
1.689414988671165702e+03
1.689414988671165702e+03
1.672939109434438024e+03
1.672939109434438024e+03
1.720396787931869767e+03
1.767854466429301510e+03
1.767854466429301510e+03
1.728439282273544450e+03
1.724845438826301233e+03
1.713362634918225012e+03
1.713362634918225012e+03
1.713362634918225012e+03
1.713362634918225012e+03
1.726211773908710029e+03
1.726211773908710029e+03
1.728262477466449127e+03
1.728262477466449127e+03
1.736922969566355960e+03
1.736922969566355960e+03
1.816582020347216485e+03
1.816582020347216485e+03
1.736922969566355960e+03
1.734702095837287970e+03
1.734702095837287970e+03
1.744779481179517688e+03
1.744779481179517688e+03
1.744779481179517688e+03
1.715752041864754347e+03
1.692119446592937948e+03
1.715752041864754347e+03
1.753196955021511712e+03
1.792606440669922904e+03
1.821140394712108673e+03
1.849674348754294442e+03
1.849674348754294442e+03
1.851431311956940817e+03
1.866254249997663919e+03
1.867138643306373979e+03
1.867138643306373979e+03
1.894653488122493400e+03
1.922168332938613048e+03
1.922168332938613048e+03
1.917105457231991977e+03
1.837981100252268789e+03
1.917105457231991977e+03
1.897120480902460713e+03
1.928656431756784514e+03
1.960192382611108314e+03
1.923436660995160764e+03
1.962790455369837900e+03
2.039480724789148098e+03
2.039480724789148098e+03
2.039480724789148098e+03
2.115421715930729988e+03
2.191362707072311423e+03
2.199730958807568186e+03
2.199730958807568186e+03
2.219944078707685094e+03
2.135501484495226123e+03
2.075914120007847487e+03
2.075914120007847487e+03
2.075914120007847487e+03
2.102888933818677287e+03
2.243039579763251822e+03
2.280384681578285836e+03
2.280384681578285836e+03
2.280384681578285836e+03
2.324056743784603896e+03
2.324056743784603896e+03
2.280384681578285836e+03
2.259132136564775010e+03
2.203583595168177908e+03
2.203583595168177908e+03
2.199507020194267170e+03
2.196836850810192118e+03
2.194166681426117066e+03
2.194166681426117066e+03
2.210676743512648954e+03
2.210676743512648954e+03
2.246363222762871374e+03
2.250763667063055436e+03
2.267047224375545284e+03
2.283330781688035131e+03
2.283330781688035131e+03
2.246357593045013800e+03
2.246357593045013800e+03
2.246357593045013800e+03
2.275064724162830771e+03
2.263832603203959934e+03
2.252600482245089097e+03
2.275064724162830771e+03
2.252600482245089097e+03
2.274228570898189901e+03
2.274228570898189901e+03
2.500071498551100376e+03
2.509117517737524395e+03
2.518163536923948413e+03
2.594047314790070686e+03
2.614063591189050385e+03
2.727457907964393144e+03
2.727457907964393144e+03
2.763329477162527382e+03
2.809713288824266328e+03
2.856097100486005274e+03
3.200127889266220791e+03
3.240303385466400869e+03
3.240303385466400869e+03
3.240303385466400869e+03
3.139891295763643939e+03
3.305523108278428481e+03
3.471154920793213023e+03
3.554858906043335537e+03
3.856826049758592035e+03
3.888806277055820829e+03
4.349253411689521272e+03
4.861875026011938644e+03
4.880875796300173533e+03
4.899876566588408423e+03
4.899876566588408423e+03
4.924370208448982339e+03
4.924370208448982339e+03
4.373912337479866437e+03
4.216991806628720042e+03
4.073638310319355696e+03
3.930284814009990896e+03
3.925887288580601762e+03
3.925887288580601762e+03
3.923083724160561815e+03
3.773621675022444833e+03
3.773621675022444833e+03
3.895570761401786058e+03
4.017519847781127282e+03
4.301156223461974150e+03
4.301156223461974150e+03
4.156243996358991353e+03
3.799700702460700995e+03
3.566261796280476119e+03
3.464371715709124146e+03
3.362481635137772173e+03
3.318096747337708166e+03
3.304367805780081198e+03
3.304367805780081198e+03
3.250956436155938718e+03
3.117480698676034535e+03
3.117480698676034535e+03
3.117480698676034535e+03
3.117480698676034535e+03
3.069174626234241259e+03
2.975892373431203850e+03
2.650142999098264227e+03
2.259951724105215817e+03
2.062468134386531801e+03
1.864984544667848013e+03
1.847129851294979971e+03
1.847129851294979971e+03
1.962264770139656775e+03
1.974561265198394494e+03
1.962264770139656775e+03
1.938319349914092754e+03
1.914373929688528733e+03
1.887972551406874800e+03
1.887972551406874800e+03
1.885962597303340090e+03
1.882499643113995944e+03
1.687004316372167295e+03
1.624273246692092926e+03
1.561542177012018328e+03
1.500637546636143952e+03
1.401618002095010297e+03
1.315368002609284986e+03
1.139172269644125436e+03
1.016114428112680571e+03
1.003589913520931873e+03
9.910653989291831749e+02
9.910653989291831749e+02
1.050058459488126573e+03
1.050058459488126573e+03
1.036742204184512502e+03
9.768784088733883664e+02
9.768784088733883664e+02
9.768784088733883664e+02
9.869732413769239656e+02
1.033115058310446557e+03
1.036016167014578741e+03
1.036016167014578741e+03
9.890631911062596373e+02
9.455572986399854472e+02
9.020514061737113707e+02
8.749770794242803049e+02
8.522743981416031147e+02
8.522743981416031147e+02
8.522743981416031147e+02
8.389239371026329763e+02
8.250433264763087209e+02
8.111627158499845791e+02
8.111627158499845791e+02
8.422118390178228537e+02
8.660070387716317555e+02
8.958226263820286022e+02
9.158812348454796393e+02
9.329778423077734715e+02
9.500744497700674174e+02
9.500744497700674174e+02
9.474635682611511811e+02
9.471997841092171484e+02
9.471997841092171484e+02
9.081328308963431937e+02
9.081328308963431937e+02
9.081328308963431937e+02
8.858151122853203105e+02
8.858151122853203105e+02
8.858151122853203105e+02
8.559789989258327978e+02
8.293499587795729440e+02
8.063583512809836975e+02
7.833667437823945647e+02
7.833667437823945647e+02
8.314152523352272510e+02
8.728569609194203167e+02
8.728569609194203167e+02
8.728569609194203167e+02
8.870526828431698050e+02
9.012484047669194069e+02
9.063013527890980185e+02
9.361802154218439682e+02
9.603000192102304027e+02
9.826939434950428449e+02
1.010337955742625581e+03
1.033821603920796861e+03
1.057305252098968367e+03
1.129703144938177047e+03
1.138293279199280050e+03
1.237272863559435109e+03
1.237272863559435109e+03
1.237272863559435109e+03
1.253873395532903487e+03
1.270473927506372092e+03
1.402564377608662880e+03
1.402564377608662880e+03
1.402564377608662880e+03
1.491709502290102591e+03
1.491709502290102591e+03
1.460290268325713669e+03
1.428871034361324746e+03
1.417155471484292093e+03
1.393267046558948095e+03
1.344888567003956041e+03
1.344888567003956041e+03
1.344888567003956041e+03
1.348456697201612087e+03
1.348456697201612087e+03
1.386313992681401942e+03
1.510505273195142081e+03
1.522864501604369934e+03
1.581663716320372487e+03
1.581663716320372487e+03
1.579630684210095524e+03
1.577597652099818561e+03
1.572640158883468757e+03
1.577597652099818561e+03
1.570838829729462759e+03
1.539603385350400004e+03
1.521344488518911021e+03
1.521006440040553116e+03
1.520668391562195438e+03
1.521344488518911021e+03
1.539264492038948447e+03
1.539264492038948447e+03
1.527908391024649518e+03
1.507532455991743518e+03
1.507532455991743518e+03
1.507532455991743518e+03
1.507532455991743518e+03
1.494224859665485383e+03
1.454130295636445680e+03
1.416423790623527793e+03
1.454130295636445680e+03
1.421366437131371640e+03
1.388602578626297827e+03
1.438286303399710050e+03
1.438286303399710050e+03
1.520924881293176213e+03
1.544727629828668796e+03
1.590593414634146484e+03
1.590593414634146484e+03
1.590593414634146484e+03
1.590593414634146484e+03
1.590593414634146484e+03
1.590593414634146484e+03
1.552397314175229894e+03
1.552397314175229894e+03
1.530445735106952270e+03
1.508494156038674419e+03
1.505923812083001394e+03
1.505923812083001394e+03
1.511971581500951515e+03
1.526843303021266593e+03
1.511971581500951515e+03
1.510035161539756700e+03
1.508098741578562112e+03
1.508098741578562112e+03
1.469637088305189081e+03
1.469637088305189081e+03
1.388872484191606191e+03
1.388872484191606191e+03
1.431595367798474854e+03
1.474318251405343517e+03
1.474318251405343517e+03
1.469090744618768895e+03
1.455153535696873178e+03
1.436016943850852158e+03
1.416051426650624308e+03
1.416051426650624308e+03
1.416051426650624308e+03
1.437092923241973949e+03
1.437092923241973949e+03
1.392817190608277087e+03
1.387520704257530952e+03
1.392817190608277087e+03
1.406750635053458154e+03
1.420684079498638994e+03
1.434920463009246077e+03
1.478046489468326172e+03
1.539180422264068056e+03
1.552851747889553280e+03
1.563914306155014401e+03
1.612826732172002494e+03
1.661739158188990586e+03
1.679111173104994805e+03
1.679111173104994805e+03
1.600263500723498055e+03
1.591429337658542181e+03
1.546118228792212903e+03
1.546118228792212903e+03
1.546118228792212903e+03
1.590620255158144573e+03
1.590620255158144573e+03
1.611369272561117668e+03
1.619109185392775089e+03
1.619109185392775089e+03
1.596263014556292092e+03
1.573416843719808867e+03
1.563977582812134642e+03
1.545663268439007652e+03
1.541089031242961710e+03
1.493917305058765351e+03
1.493917305058765351e+03
1.519023788779718416e+03
1.544130272500671708e+03
1.544130272500671708e+03
1.568597082605357627e+03
1.549531523677483165e+03
1.549531523677483165e+03
1.549531523677483165e+03
1.576689615342851539e+03
1.603847707008219686e+03
1.603847707008219686e+03
1.538144231690107972e+03
1.535204928877326893e+03
1.515892287615736450e+03
1.515892287615736450e+03
1.595741560950118583e+03
1.675590834284500488e+03
1.690679673812739566e+03
1.696765683356518366e+03
1.734288305005886741e+03
1.755060885493412343e+03
1.763977996288950180e+03
1.763977996288950180e+03
1.763977996288950180e+03
1.589401710421116604e+03
1.578040397356767016e+03
1.577271346908539499e+03
1.552111199059403589e+03
1.552111199059403589e+03
1.581495972705022268e+03
1.610880746350641175e+03
1.682910109899718464e+03
1.610880746350641175e+03
1.578500651299392302e+03
1.578500651299392302e+03
1.625922062609683962e+03
1.659049567576175832e+03
1.692177072542667929e+03
1.722010563028736669e+03
1.751844053514805410e+03
1.751844053514805410e+03
1.744480134619802811e+03
1.716395795560188390e+03
1.703061341587964307e+03
1.689726887615739997e+03
1.642731583347533842e+03
1.608707372484638881e+03
1.522767708531232302e+03
1.510022044934526321e+03
1.508499128568597826e+03
1.501308585163431417e+03
1.494118041758264781e+03
1.494118041758264781e+03
1.494118041758264781e+03
1.429882912513363181e+03
1.466355830802003084e+03
1.463933313121299307e+03
1.465144571961651309e+03
1.466355830802003084e+03
1.463933313121299307e+03
1.482318218947285231e+03
1.399993394776211971e+03
1.448961728311658362e+03
1.425135463511736816e+03
1.437048595911697703e+03
1.448961728311658362e+03
1.460788991623108586e+03
1.486553535541168912e+03
1.493162156067365231e+03
1.501587292245026447e+03
1.501587292245026447e+03
1.501587292245026447e+03
1.501587292245026447e+03
1.501587292245026447e+03
1.465876434290439647e+03
1.465876434290439647e+03
1.510611559681273093e+03
1.510611559681273093e+03
1.510611559681273093e+03
1.510611559681273093e+03
1.522621801242882384e+03
1.489503817827578359e+03
1.492525151362646511e+03
1.460126683152185933e+03
1.448933509462221764e+03
1.444197432929959632e+03
1.439461356397697500e+03
1.318472551598496239e+03
1.318472551598496239e+03
1.319741198063867159e+03
1.319741198063867159e+03
1.274469976627841561e+03
1.230411482456825297e+03
1.186352988285809033e+03
1.186352988285809033e+03
1.257728405170503265e+03
1.267495349616363910e+03
1.444385805998171918e+03
1.497772208078330323e+03
1.497772208078330323e+03
1.497772208078330323e+03
1.401955105039531645e+03
1.335197855728624745e+03
1.291432379179962481e+03
1.291432379179962481e+03
1.329010322605475949e+03
1.329409641267380266e+03
1.329808959929284356e+03
1.373638913572758611e+03
1.358339183151369298e+03
1.358339183151369298e+03
1.358339183151369298e+03
1.388285110980045602e+03
1.439863935990180835e+03
1.491442761000315841e+03
1.388285110980045602e+03
1.371624783610097438e+03
1.302439998640073554e+03
1.302439998640073554e+03
1.308391583654264878e+03
1.355039400592857874e+03
1.401687217531450870e+03
1.402396678750354795e+03
1.459649984779007127e+03
1.577439876385902380e+03
1.611154029637728172e+03
1.637700654564762317e+03
1.688985571522511236e+03
1.740270488480260155e+03
1.740270488480260155e+03
1.609892021763232833e+03
1.580424675689401056e+03
1.580424675689401056e+03
1.542702447516055827e+03
1.535120323473122880e+03
1.527538199430190161e+03
1.527538199430190161e+03
1.534184335842029668e+03
1.590434154676518801e+03
1.590434154676518801e+03
1.612760857845511509e+03
1.649756152237025162e+03
1.686751446628539043e+03
1.632973383116204104e+03
1.686751446628539043e+03
1.660642568741830246e+03
1.725453850213393707e+03
1.660642568741830246e+03
1.616712666801571913e+03
1.572782764861313581e+03
1.555827730850834087e+03
1.540643555059200708e+03
1.555827730850834087e+03
1.540643555059200708e+03
1.474561692899174204e+03
1.474561692899174204e+03
1.474561692899174204e+03
1.498638779177593278e+03
1.555805394076161974e+03
1.555805394076161974e+03
1.555805394076161974e+03
1.571331150203867082e+03
1.595268541171948527e+03
1.619205932140030200e+03
1.619205932140030200e+03
1.576573226061501828e+03
1.571897427452010561e+03
1.561433434224042912e+03
1.561433434224042912e+03
1.561433434224042912e+03
1.561433434224042912e+03
1.514996540640481044e+03
1.514996540640481044e+03
1.489495051983245276e+03
1.530008330392124890e+03
1.537421842765994370e+03
1.576908931657778794e+03
1.616396020549563445e+03
1.616396020549563445e+03
1.577016388661490510e+03
1.483760338538077121e+03
1.336059705272284191e+03
1.103414360377102867e+03
1.063954293792509816e+03
1.024494227207916992e+03
1.024494227207916992e+03
1.024494227207916992e+03
1.016678017143194779e+03
9.547525535293656276e+02
9.284245341831940550e+02
9.049400534249995189e+02
8.814555726668049829e+02
8.428961730283034512e+02
8.381113332834819403e+02
8.381113332834819403e+02
8.715000388818292549e+02
8.805947543638168327e+02
8.982179445647427656e+02
9.158411347656688122e+02
9.259782829806259770e+02
9.158411347656688122e+02
8.846491294845815219e+02
7.987959975176808030e+02
7.340818571388246028e+02
6.943897616639409307e+02
6.546976661890572586e+02
6.525518124613276996e+02
6.525518124613276996e+02
7.355418500701680387e+02
7.355418500701680387e+02
7.033154294324970124e+02
6.938712996988651867e+02
6.844271699652334746e+02
6.606321788854025954e+02
6.572299764363361874e+02
6.572299764363361874e+02
6.572299764363361874e+02
6.405234739086389482e+02
6.382405306268166214e+02
6.359575873449942947e+02
6.359575873449942947e+02
6.359575873449942947e+02
5.964854320805907264e+02
5.719922425769755137e+02
5.630484544941716649e+02
5.556841686658933668e+02
5.483198828376150686e+02
5.630484544941716649e+02
5.811267082527065213e+02
6.463481780224308295e+02
6.537257094044646237e+02
6.845696133995262471e+02
6.845696133995262471e+02
6.845696133995262471e+02
6.845696133995262471e+02
6.774976731999631738e+02
6.744874469041409384e+02
6.715957980218734065e+02
6.715957980218734065e+02
6.808106982487086043e+02
6.900255984755439158e+02
6.911045823767959746e+02
6.999280626887731387e+02
7.028736092421542025e+02
7.028736092421542025e+02
6.813100469809950255e+02
6.775070248508177428e+02
6.737040027206404602e+02
6.813100469809950255e+02
6.764612239459128205e+02
6.944953865462645126e+02
6.764612239459128205e+02
6.944953865462645126e+02
6.805266927803854742e+02
6.665579990145064357e+02
6.665579990145064357e+02
6.665579990145064357e+02
6.643476062205227208e+02
6.211068681873055084e+02
6.211068681873055084e+02
6.227102049831614750e+02
6.243135417790175552e+02
6.339109584998699347e+02
6.479154668471164769e+02
6.495595294960577348e+02
7.316011046090346781e+02
7.405602185983758545e+02
7.507064468335304355e+02
7.608526750686849027e+02
7.728496228983626679e+02
7.608526750686849027e+02
7.490516623136701355e+02
7.102493679783060543e+02
6.983176128721214582e+02
6.940195920304314541e+02
6.897215711887414500e+02
6.783073648377180689e+02
6.520489988452701482e+02
6.129804388734482927e+02
6.129804388734482927e+02
6.194806591694334656e+02
6.318179280184556319e+02
6.441551968674776845e+02
6.567782696792310162e+02
6.628567077446956546e+02
6.628567077446956546e+02
6.158703810478812102e+02
6.158703810478812102e+02
6.237034033613446127e+02
6.901610199686765554e+02
7.080913187000462585e+02
7.080913187000462585e+02
7.369409247871847128e+02
7.369409247871847128e+02
7.369409247871847128e+02
6.801755717721742940e+02
6.801755717721742940e+02
6.801755717721742940e+02
6.720955665387782574e+02
6.635952579330776189e+02
6.580195882211555727e+02
6.580195882211555727e+02
6.438231644842211381e+02
6.296267407472867035e+02
6.296267407472867035e+02
6.162736188561424342e+02
6.070259195037166364e+02
6.065850187932953759e+02
6.013374794241939298e+02
5.980785717208854066e+02
5.948196640175768835e+02
5.892914844085846653e+02
5.892914844085846653e+02
5.932227886138915665e+02
5.932227886138915665e+02
5.916027358303541632e+02
5.916027358303541632e+02
5.916027358303541632e+02
6.163900932929871033e+02
6.303868595103277812e+02
6.589131912651822631e+02
6.767110472619478969e+02
6.767110472619478969e+02
6.653547072248920813e+02
6.539983671878363793e+02
6.539983671878363793e+02
6.665996207618250082e+02
6.665996207618250082e+02
6.443104893366863735e+02
6.411834269809266971e+02
6.355006592011893645e+02
6.298178914214520319e+02
6.076295668715875991e+02
5.976756196028486556e+02
5.976756196028486556e+02
5.778438868822966015e+02
5.778438868822966015e+02
5.802980470613717898e+02
5.827522072404470919e+02
5.827522072404470919e+02
5.827522072404470919e+02
6.333419769093841296e+02
6.573149346057081175e+02
6.639581463548296369e+02
6.639581463548296369e+02
6.639581463548296369e+02
6.802996957421805746e+02
6.560308681149432459e+02
6.762402193397580277e+02
6.762402193397580277e+02
6.780284028156202112e+02
6.780284028156202112e+02
6.780284028156202112e+02
6.934492969751752298e+02
6.722150869043758803e+02
6.934492969751752298e+02
6.612988008881715132e+02
7.292500532002908358e+02
6.993193183778926141e+02
6.693885835554942787e+02
6.693885835554942787e+02
6.693885835554942787e+02
7.341046407736283754e+02
7.341046407736283754e+02
7.341046407736283754e+02
7.307011008398167178e+02
7.272975609060050601e+02
7.272975609060050601e+02
7.017047030159092174e+02
6.930595592662604076e+02
6.754254413103176375e+02
6.930595592662604076e+02
7.029922638166738125e+02
7.129249683670872173e+02
7.225724680604265586e+02
7.225724680604265586e+02
7.061716289938731279e+02
7.061716289938731279e+02
7.076660893997371886e+02
7.284686669365091802e+02
7.492712444732812855e+02
7.546573331620855924e+02
7.520288394815312358e+02
7.520288394815312358e+02
7.520288394815312358e+02
7.583133275951387304e+02
7.583133275951387304e+02
7.583133275951387304e+02
7.365406895487833481e+02
7.283365396914966823e+02
7.019154895661029059e+02
7.019154895661029059e+02
7.449218352668385705e+02
7.465558099420056806e+02
7.481897846171729043e+02
7.532446449105922284e+02
8.352908682037498238e+02
8.352908682037498238e+02
8.460070296734837711e+02
8.667277993310246984e+02
8.820701655153427510e+02
8.974125316996609172e+02
8.789877782483880537e+02
8.789877782483880537e+02
8.789877782483880537e+02
8.789877782483880537e+02
8.952081149976631878e+02
9.104297058117363122e+02
9.256512966258095503e+02
8.952081149976631878e+02
8.405964402582250159e+02
8.196176967564824736e+02
8.196176967564824736e+02
7.914806153846153620e+02
8.426957350048510307e+02
8.308405709705343725e+02
8.308405709705343725e+02
8.308405709705343725e+02
8.305412473798268138e+02
8.870263975957553839e+02
9.564137336539243961e+02
9.564137336539243961e+02
8.679354801376866817e+02
8.666101008757970021e+02
8.679354801376866817e+02
9.797627679036033896e+02
9.797627679036033896e+02
9.797627679036033896e+02
9.797627679036033896e+02
8.673446429624412986e+02
8.673446429624412986e+02
8.547859262312323381e+02
8.236825735798098549e+02
8.236825735798098549e+02
8.236825735798098549e+02
8.478828697752740027e+02
8.720831659707381505e+02
9.021881672350048120e+02
9.021881672350048120e+02
9.246377651993640256e+02
9.375180532147447821e+02
9.680452968643379563e+02
9.527816750395413692e+02
9.375180532147447821e+02
9.259806815198687673e+02
9.259806815198687673e+02
8.725367244551304111e+02
8.933519539263245406e+02
8.933519539263245406e+02
8.933519539263245406e+02
8.933519539263245406e+02
8.914543576774133271e+02
8.609006468700990808e+02
8.389280625145275962e+02
8.389280625145275962e+02
8.820647408901675135e+02
9.230120331787259147e+02
9.639593254672844296e+02
9.923735754167823870e+02
1.085633295074853095e+03
1.270053476389540947e+03
1.300321277034359582e+03
1.270053476389540947e+03
1.187356801377023885e+03
1.104660126364506823e+03
1.050307655208427832e+03
9.561819214824364508e+02
9.560037805249620533e+02
9.513231550325577928e+02
9.513231550325577928e+02
9.513231550325577928e+02
9.513231550325577928e+02
8.592447603327730121e+02
8.592447603327730121e+02
8.818840443442110200e+02
9.146078108828302220e+02
1.099571834848447679e+03
1.138295868437821809e+03
1.177019902027195712e+03
1.253940283189988349e+03
1.253940283189988349e+03
1.239661622537337280e+03
1.239661622537337280e+03
1.301052993144671518e+03
1.313792811284153004e+03
1.326532629423634489e+03
1.302005370012323056e+03
1.302005370012323056e+03
1.223110704139043492e+03
1.194229733275588387e+03
1.190510133364376998e+03
1.192369933319982692e+03
1.194229733275588387e+03
1.195703560860990819e+03
1.195703560860990819e+03
1.190942020731687990e+03
1.190942020731687990e+03
1.160882224102658483e+03
1.156474450154008082e+03
1.152066676205357680e+03
1.099725603104180436e+03
1.152066676205357680e+03
1.186886630349673624e+03
1.229240869899810377e+03
1.217250516121769124e+03
1.223245693010789637e+03
1.229240869899810377e+03
1.230334951643047589e+03
1.255854639855564301e+03
1.391452321433958787e+03
1.409147686367766710e+03
1.391452321433958787e+03
1.400300003900862748e+03
1.409147686367766710e+03
1.427584987945778948e+03
1.429160996493541234e+03
1.478692729010502717e+03
1.562276741479763587e+03
1.530879104102147039e+03
1.583070255616924442e+03
1.635261407131701617e+03
1.655175253066026926e+03
1.724564337193785832e+03
1.730881717546090158e+03
1.748939964887848191e+03
1.748939964887848191e+03
1.713918266415426842e+03
1.678896567943005493e+03
1.678896567943005493e+03
1.697048356367912902e+03
1.697048356367912902e+03
1.632382550838130555e+03
1.542063225730335262e+03
1.478910312939129653e+03
1.415757400147923818e+03
1.415757400147923818e+03
1.480721958455568711e+03
1.480721958455568711e+03
1.381586812518540228e+03
1.381586812518540228e+03
1.434887923179857353e+03
1.488189033841174478e+03
1.488189033841174478e+03
1.433640472589650244e+03
1.363971043878593491e+03
1.277427096072683980e+03
1.206836590372312912e+03
1.178050808063414024e+03
1.149265025754514909e+03
1.075111085714086357e+03
1.053497284310750501e+03
1.028608041989496314e+03
1.007345726659867182e+03
1.028608041989496314e+03
1.103283505585243802e+03
1.177958969180991289e+03
1.178024920923998707e+03
1.179661727907548993e+03
1.178024920923998707e+03
1.171898707095611371e+03
1.132871398892398247e+03
1.050265633944767615e+03
9.676598689971369822e+02
8.794054700253925603e+02
8.387364443376457075e+02
8.387364443376457075e+02
8.491254479698447994e+02
9.613392900210400285e+02
9.801642687878168090e+02
9.989892475545935895e+02
9.632411757271196393e+02
9.632411757271196393e+02
9.304065062707155676e+02
9.267691537128351911e+02
8.588164128366715886e+02
7.939553841294771246e+02
7.290943554222827743e+02
6.716220423930876677e+02
6.716220423930876677e+02
7.216269127002677806e+02
7.216269127002677806e+02
7.029586479636728882e+02
7.029586479636728882e+02
7.029586479636728882e+02
7.097047763379204071e+02
7.139021844210360541e+02
7.210938659866095577e+02
7.718117688236339973e+02
7.741639846887700287e+02
7.741639846887700287e+02
7.741639846887700287e+02
7.670132823543142422e+02
7.327766227351016823e+02
7.025475523040294092e+02
6.887833998646271993e+02
6.887833998646271993e+02
6.824802380605794951e+02
6.761770762565316772e+02
6.902554531725850211e+02
6.902554531725850211e+02
7.265909590573910464e+02
7.459532798582218902e+02
7.617163914124989788e+02
7.846213786055736819e+02
8.075263657986482713e+02
8.075263657986482713e+02
7.755435946859868181e+02
7.518910703399461681e+02
7.518910703399461681e+02
7.518910703399461681e+02
7.841197989723065120e+02
8.163485276046668560e+02
8.408270115762073829e+02
8.875497837011886304e+02
8.875497837011886304e+02
9.003459161190169198e+02
9.096238611713664568e+02
9.171014581913232178e+02
9.245790552112799787e+02
9.395293201620803529e+02
9.416170325848723905e+02
9.477999415727114183e+02
9.486132611688819907e+02
1.024743525642244322e+03
1.113717700420177380e+03
1.202691875198110438e+03
1.202691875198110438e+03
1.156830680913484230e+03
1.149834437291510312e+03
1.102242078705901804e+03
1.102242078705901804e+03
1.093283875201623232e+03
1.084325671697344887e+03
1.084325671697344887e+03
1.014063148487740250e+03
1.006248088217447958e+03
9.610508724636580382e+02
9.610508724636580382e+02
1.011299684059454648e+03
1.061548495655251372e+03
1.133876609407404885e+03
1.148225577900173903e+03
1.156728757810407615e+03
1.156728757810407615e+03
1.099696075569796221e+03
1.093694676616235483e+03
1.087693277662674745e+03
1.087693277662674745e+03
1.104426578482143896e+03
1.129299255814916705e+03
1.129299255814916705e+03
1.152789068145674037e+03
1.157292855799626523e+03
1.161796643453579236e+03
1.222657775556694332e+03
1.222657775556694332e+03
1.217915275198000472e+03
1.207902340189833922e+03
1.207902340189833922e+03
1.217673853138634058e+03
1.227445366087434422e+03
1.227445366087434422e+03
1.182549612652846236e+03
1.180673921874293228e+03
1.137519843579004828e+03
1.103135540723086024e+03
1.057330225576476778e+03
1.057330225576476778e+03
1.057330225576476778e+03
1.039896337203136000e+03
1.030073855399303284e+03
1.033300329165932908e+03
1.030073855399303284e+03
1.033300329165932908e+03
1.164317687219629534e+03
1.256552532639353558e+03
1.256552532639353558e+03
1.256552532639353558e+03
1.256552532639353558e+03
1.135750560102133932e+03
1.135750560102133932e+03
1.135750560102133932e+03
1.135750560102133932e+03
1.147617552914413636e+03
1.147617552914413636e+03
1.126370114364723577e+03
1.066809616009573574e+03
1.062912391452043039e+03
1.059015166894512504e+03
9.942431320777677684e+02
9.707200940670102227e+02
9.568416787777380250e+02
9.417669642024460472e+02
9.417669642024460472e+02
9.662804619366413590e+02
9.907939596708367844e+02
1.009814071815629973e+03
1.009814071815629973e+03
1.004884315534907614e+03
9.997443203734816279e+02
9.663286684975472554e+02
9.663286684975472554e+02
9.663286684975472554e+02
1.008799351243093156e+03
1.008799351243093156e+03
1.005409908373710778e+03
9.965656809459979968e+02
9.965656809459979968e+02
9.749367039336115113e+02
9.533077269212250258e+02
1.041417354186268085e+03
1.029873159093345521e+03
1.041417354186268085e+03
1.032117546380084832e+03
1.032117546380084832e+03
1.020896550505977643e+03
1.009675554631870455e+03
1.002268508813374183e+03
9.819883018384148272e+02
9.775680693913235473e+02
9.072700957053087905e+02
9.072700957053087905e+02
9.215161563425353961e+02
9.357622169797620018e+02
9.490297673453953848e+02
9.484504945687511963e+02
9.484504945687511963e+02
9.353735930585163487e+02
9.353735930585163487e+02
9.561472252457504055e+02
9.769208574329845760e+02
9.769208574329845760e+02
9.769208574329845760e+02
9.925202744847788381e+02
9.925202744847788381e+02
1.019772226067429642e+03
9.973095932934995744e+02
9.748469605195696204e+02
9.748469605195696204e+02
9.748469605195696204e+02
1.003798767408427807e+03
1.012717343633582573e+03
1.012717343633582573e+03
1.063917121887736585e+03
1.115116900141890483e+03
1.115116900141890483e+03
1.074287214175375993e+03
1.074287214175375993e+03
1.087456578924368841e+03
1.102405615391312949e+03
1.102405615391312949e+03
1.102405615391312949e+03
1.143327239990606586e+03
1.142484176641153908e+03
1.143327239990606586e+03
1.181939092833519226e+03
1.200688983820930616e+03
1.205320313632770194e+03
1.209951643444609545e+03
1.200688983820930616e+03
1.131583232510892913e+03
1.131583232510892913e+03
1.164872202164162218e+03
1.164872202164162218e+03
1.164515449485574663e+03
1.164158696806987109e+03
1.125087391301307434e+03
1.125087391301307434e+03
1.282618682276952086e+03
