1.610354973321915622e+03
1.610354973321915622e+03
1.667153426081639054e+03
1.801673345484969559e+03
1.801673345484969559e+03
1.764085464708436803e+03
1.764085464708436803e+03
1.741144523082013166e+03
1.718203581455589529e+03
1.834811108654674399e+03
1.807436266110315955e+03
1.834811108654674399e+03
1.807436266110315955e+03
1.825440477354548875e+03
1.796000346910803273e+03
1.766560216467057671e+03
1.825440477354548875e+03
1.847732391026124105e+03
1.847732391026124105e+03
1.878694150634466041e+03
1.805738553472609283e+03
1.842216352053537776e+03
1.878694150634466041e+03
1.805738553472609283e+03
1.805738553472609283e+03
1.805738553472609283e+03
1.805738553472609283e+03
1.805738553472609283e+03
1.544450685244706392e+03
1.544450685244706392e+03
1.544450685244706392e+03
1.544450685244706392e+03
1.544450685244706392e+03
1.725455387572388872e+03
1.766909729614877506e+03
1.766909729614877506e+03
1.766909729614877506e+03
1.766909729614877506e+03
1.798474223476149518e+03
1.798474223476149518e+03
1.747421451218706579e+03
1.747421451218706579e+03
1.781842398876221978e+03
1.816263346533737604e+03
1.816263346533737604e+03
1.782216495288424767e+03
1.770343547937677613e+03
1.782216495288424767e+03
1.776048773182078776e+03
1.776048773182078776e+03
1.776048773182078776e+03
1.736275400058998002e+03
1.723470142391865693e+03
1.723470142391865693e+03
1.779190164338750719e+03
1.811120782125155984e+03
1.811120782125155984e+03
1.811120782125155984e+03
1.792997783870056082e+03
1.689049396677485447e+03
1.775011341960566597e+03
1.676204064565328054e+03
1.775011341960566597e+03
1.765912103456613295e+03
1.756812864952659993e+03
1.756812864952659993e+03
1.698730269657860845e+03
1.681766932905651629e+03
1.681766932905651629e+03
1.712987250500020764e+03
1.712987250500020764e+03
1.712987250500020764e+03
1.651461488365674313e+03
1.617934283748727921e+03
1.577967999782899824e+03
1.576457634971161951e+03
1.508661678750893088e+03
1.504809098698959588e+03
1.500956518647026314e+03
1.466318585512689651e+03
1.466318585512689651e+03
1.338739496381153685e+03
1.338739496381153685e+03
1.338739496381153685e+03
1.302661637973050119e+03
1.266583779564946553e+03
1.232013763061117288e+03
1.230626096150298963e+03
1.230161840716858023e+03
1.136942615955258361e+03
1.136942615955258361e+03
1.184914116234596349e+03
1.232885616513934565e+03
1.240676144093725043e+03
1.240676144093725043e+03
1.240676144093725043e+03
1.245092675324936181e+03
1.245092675324936181e+03
1.232650564313068344e+03
1.220208453301200507e+03
1.220208453301200507e+03
1.220208453301200507e+03
1.272789466573914297e+03
1.186466036804243913e+03
1.272789466573914297e+03
1.227219333316842949e+03
1.181649200059771374e+03
1.241893479246343077e+03
1.241893479246343077e+03
1.355035797550848883e+03
1.355035797550848883e+03
1.309210753082795009e+03
1.295374951161868012e+03
1.281539149240941015e+03
1.281539149240941015e+03
1.455294285456024454e+03
1.457648221736385949e+03
1.536442787351546485e+03
1.593319168364477946e+03
1.593319168364477946e+03
1.593319168364477946e+03
1.569516308980634221e+03
1.569516308980634221e+03
1.808899417767807108e+03
1.835258925560837952e+03
1.835258925560837952e+03
1.798766431264296898e+03
1.762273936967755844e+03
1.762273936967755844e+03
1.765814427936027187e+03
1.836772336033340025e+03
1.857359164802386431e+03
1.857359164802386431e+03
1.821339961154684261e+03
1.785320757506982090e+03
1.785320757506982090e+03
1.922185623102755926e+03
1.922185623102755926e+03
1.889747317382260917e+03
1.813019239690604763e+03
1.851383278536432954e+03
1.889747317382260917e+03
1.914485450250699159e+03
1.914485450250699159e+03
1.856725549242423995e+03
1.856725549242423995e+03
1.966318414849734836e+03
1.966318414849734836e+03
1.966318414849734836e+03
1.924363655475568294e+03
1.871050658252167523e+03
1.871050658252167523e+03
1.871050658252167523e+03
1.874147500088712377e+03
1.852896848811993095e+03
1.831646197535274041e+03
1.831646197535274041e+03
1.826057884390932713e+03
1.826057884390932713e+03
1.873847307498560895e+03
1.873847307498560895e+03
1.873682849448444358e+03
1.873518391398328049e+03
1.873518391398328049e+03
1.873518391398328049e+03
1.851336358850312990e+03
1.847653961745860897e+03
1.847653961745860897e+03
1.869489956396919297e+03
1.891325951047977696e+03
1.891325951047977696e+03
1.738025028438856452e+03
1.720863943806720499e+03
1.724878749978041924e+03
1.720543965931158937e+03
1.721875903099888319e+03
1.723207840268617701e+03
1.722611081995063842e+03
1.723207840268617701e+03
1.722611081995063842e+03
1.480883469401524962e+03
1.479619081092740998e+03
1.403187983589445139e+03
1.326756886086149507e+03
1.326756886086149507e+03
1.310583593136341960e+03
1.468338601869494369e+03
1.399639415740135064e+03
1.399639415740135064e+03
1.399639415740135064e+03
1.399639415740135064e+03
1.182249704786093616e+03
1.178490952729318906e+03
1.159366253609466639e+03
1.146130473007711998e+03
1.146130473007711998e+03
1.191048288214396052e+03
1.235966103421080106e+03
1.236032179055651113e+03
1.238082398568953067e+03
1.238082398568953067e+03
1.238082398568953067e+03
1.329075007817441701e+03
1.329075007817441701e+03
1.329075007817441701e+03
1.094117968546987186e+03
1.087160122145614878e+03
1.094117968546987186e+03
1.242466202492137199e+03
1.242466202492137199e+03
1.219301376106886437e+03
1.196136549721635447e+03
1.196136549721635447e+03
1.251363246297826890e+03
1.307760090088863990e+03
1.410885056603209705e+03
1.410885056603209705e+03
1.371097771915293606e+03
1.331310487227377507e+03
1.331310487227377507e+03
1.425730944726810776e+03
1.425730944726810776e+03
1.425730944726810776e+03
1.382163157690667276e+03
1.402505130218756221e+03
1.422847102746844939e+03
1.422847102746844939e+03
1.486908182257267526e+03
1.486908182257267526e+03
1.486908182257267526e+03
1.437929489403250500e+03
1.481981324954184402e+03
1.526033160505118076e+03
1.454997202358480308e+03
1.579934771414798433e+03
1.492911896409409792e+03
1.579934771414798433e+03
1.730670320257480626e+03
1.730670320257480626e+03
1.730670320257480626e+03
1.737958619355536712e+03
1.646321183164489184e+03
1.534657223458387080e+03
1.534657223458387080e+03
1.785479150643891899e+03
1.830258938322478571e+03
1.875038726001065015e+03
1.875038726001065015e+03
1.875038726001065015e+03
1.870285661965936015e+03
2.058521367172164901e+03
1.925638589950980304e+03
1.975074119377862644e+03
2.024509648804744756e+03
1.948352094203633897e+03
2.024509648804744756e+03
2.077761602625710566e+03
2.312778485573920534e+03
2.118310474441011138e+03
2.118310474441011138e+03
2.118310474441011138e+03
2.108947832570332139e+03
2.108947832570332139e+03
2.045491628356063984e+03
2.267396034780478658e+03
2.148243369771773814e+03
2.218455272183436136e+03
2.288667174595098913e+03
2.224714615624443013e+03
2.224714615624443013e+03
2.222977986449673608e+03
2.222977986449673608e+03
2.574697983422650850e+03
2.574697983422650850e+03
2.057581536529202367e+03
2.057581536529202367e+03
2.057581536529202367e+03
2.057581536529202367e+03
2.299939880534452186e+03
2.299939880534452186e+03
2.299939880534452186e+03
2.299939880534452186e+03
2.238851106908724432e+03
2.117408569076922959e+03
2.038768360630516099e+03
2.013595124656412054e+03
2.009762952010439903e+03
2.009762952010439903e+03
2.009762952010439903e+03
2.029815768282787985e+03
2.041817650874336778e+03
2.029815768282787985e+03
2.007885516542876303e+03
1.993584317058582883e+03
1.937838884853753370e+03
1.882093452648924085e+03
1.762775454407063535e+03
1.882093452648924085e+03
1.849779539723578864e+03
2.041900662122687891e+03
2.041900662122687891e+03
2.041900662122687891e+03
2.041900662122687891e+03
2.048582605101320496e+03
1.959180056300857586e+03
1.959180056300857586e+03
1.959180056300857586e+03
1.840782701151053288e+03
1.856340690865695024e+03
1.871898680580336759e+03
1.871898680580336759e+03
1.925988289623945093e+03
1.925988289623945093e+03
1.698570457088851981e+03
1.698570457088851981e+03
1.624905622147914983e+03
1.551240787206977984e+03
1.848016532225799892e+03
1.793576621958867008e+03
1.798891068292726004e+03
1.793576621958867008e+03
1.702946365951255302e+03
1.669454473602485905e+03
1.635962581253716735e+03
1.608953370577909709e+03
1.608953370577909709e+03
1.588560687089461226e+03
1.687479745916515640e+03
1.588560687089461226e+03
1.616434308518613079e+03
1.644307929947764933e+03
1.494846642942241260e+03
1.643516149670354707e+03
1.641166015467834995e+03
1.641166015467834995e+03
1.568433093333977695e+03
1.521584055801187560e+03
1.474735018268397425e+03
1.474735018268397425e+03
1.477101190234775913e+03
1.477101190234775913e+03
1.380554614789432890e+03
1.380554614789432890e+03
1.380554614789432890e+03
1.380554614789432890e+03
1.426204976075626064e+03
1.426204976075626064e+03
1.426204976075626064e+03
1.332622766848815900e+03
1.332622766848815900e+03
1.382834050624124984e+03
1.433045334399434068e+03
1.433045334399434068e+03
1.413619965518013487e+03
1.413619965518013487e+03
1.461067060629804473e+03
1.546151378743608575e+03
1.546151378743608575e+03
1.546151378743608575e+03
1.508657910299576997e+03
1.468437837313300179e+03
1.508657910299576997e+03
1.468437837313300179e+03
1.522589902344511984e+03
1.522589902344511984e+03
1.516918812507781013e+03
1.516918812507781013e+03
1.516918812507781013e+03
1.450766110678098357e+03
1.445281298654891543e+03
1.445281298654891543e+03
1.445281298654891543e+03
1.445281298654891543e+03
1.406341930088643494e+03
1.406341930088643494e+03
1.569149144539520194e+03
1.569149144539520194e+03
1.490161390859402218e+03
1.490161390859402218e+03
1.490161390859402218e+03
1.590554997067184331e+03
1.590554997067184331e+03
1.581885456172865361e+03
1.575040549694700303e+03
1.531109123880327388e+03
1.531109123880327388e+03
1.531109123880327388e+03
1.542805452423063116e+03
1.572238902010705488e+03
1.626158781165223900e+03
1.626158781165223900e+03
1.626158781165223900e+03
1.622300594752487086e+03
1.618442408339750045e+03
1.618442408339750045e+03
1.618442408339750045e+03
1.617174486841322505e+03
1.599255248289384326e+03
1.592341735328015147e+03
1.592341735328015147e+03
1.592341735328015147e+03
1.587365216760565772e+03
1.587365216760565772e+03
1.574048031800699619e+03
1.551403788539395691e+03
1.574048031800699619e+03
1.584628561550589666e+03
1.595209091300479713e+03
1.595209091300479713e+03
1.595209091300479713e+03
1.630645223295611231e+03
1.630645223295611231e+03
1.630645223295611231e+03
1.630645223295611231e+03
1.630645223295611231e+03
1.589198723567054913e+03
1.535819825355532203e+03
1.589198723567054913e+03
1.493095054613683487e+03
1.600699749751913032e+03
1.539626775197142024e+03
1.478553800642371016e+03
1.602519410117931102e+03
1.515704757141467553e+03
1.587000627375683507e+03
1.587000627375683507e+03
1.590550893077664114e+03
1.590550893077664114e+03
1.590550893077664114e+03
1.545108882227899358e+03
1.545108882227899358e+03
1.545108882227899358e+03
1.525228373677408854e+03
1.396531867335562765e+03
1.396531867335562765e+03
1.396531867335562765e+03
1.510415260821202764e+03
1.528141447432345103e+03
1.566512178748855149e+03
1.579520043497683901e+03
1.579520043497683901e+03
1.579520043497683901e+03
1.579520043497683901e+03
1.561228746746770412e+03
1.596413334217481633e+03
1.596413334217481633e+03
1.596413334217481633e+03
1.599053154406846943e+03
1.553051730413540326e+03
1.507050306420233710e+03
1.628517474043992706e+03
1.613145286623567245e+03
1.613145286623567245e+03
1.575684255933464556e+03
1.572234952884766926e+03
1.573959604409115855e+03
1.575684255933464556e+03
1.578048362805149509e+03
1.597436435683639502e+03
1.578048362805149509e+03
1.622300332055811623e+03
1.565178302503126588e+03
1.591548569902754025e+03
1.617918837302381689e+03
1.510610771011604584e+03
1.617918837302381689e+03
1.550347138773136976e+03
1.651928932725879122e+03
1.603590918863002571e+03
1.625567708688193989e+03
1.647544498513385406e+03
1.603590918863002571e+03
1.640566862674326103e+03
1.602634048623886429e+03
1.640566862674326103e+03
1.602634048623886429e+03
1.603466668117527433e+03
1.604299287611168438e+03
1.604299287611168438e+03
1.675261999447223161e+03
1.699095311289536312e+03
1.738843087010988484e+03
1.699095311289536312e+03
1.737426030166222063e+03
1.775756749042908041e+03
1.734131955190324561e+03
1.734131955190324561e+03
1.734131955190324561e+03
1.797864579316958498e+03
1.804980600013856701e+03
1.804980600013856701e+03
1.804980600013856701e+03
1.789583672353289785e+03
1.789583672353289785e+03
1.711705217555905392e+03
1.794466183972308500e+03
1.858459083233467936e+03
1.858459083233467936e+03
1.858459083233467936e+03
1.797153889993879829e+03
1.797153889993879829e+03
1.797153889993879829e+03
1.844499798538561890e+03
1.884713139506196057e+03
1.884713139506196057e+03
1.884713139506196057e+03
1.828620914289427901e+03
1.827908604757496732e+03
1.806473284540285704e+03
1.799447613616004901e+03
1.799447613616004901e+03
1.799447613616004901e+03
1.799447613616004901e+03
1.773393715518461022e+03
1.736624696451581030e+03
1.572832223304740637e+03
1.572832223304740637e+03
1.844497910585160980e+03
1.844497910585160980e+03
1.844497910585160980e+03
1.834941927822266962e+03
1.834941927822266962e+03
1.834941927822266962e+03
1.810194093500570034e+03
1.793809057983374942e+03
1.802001575741972374e+03
1.810194093500570034e+03
1.831844245700726105e+03
1.854287919452667893e+03
1.854287919452667893e+03
1.840793947551765314e+03
1.840793947551765314e+03
1.840793947551765314e+03
1.840793947551765314e+03
1.777361872275433825e+03
1.774881431083093048e+03
1.777361872275433825e+03
1.791978219891813069e+03
1.791978219891813069e+03
1.787923398588068721e+03
1.783868577284324601e+03
1.671575097311651689e+03
1.671575097311651689e+03
1.677703554237783919e+03
1.677703554237783919e+03
1.675506153102299095e+03
1.675506153102299095e+03
1.675506153102299095e+03
1.494319120349765626e+03
1.494319120349765626e+03
1.494319120349765626e+03
1.524841725441660174e+03
1.524841725441660174e+03
1.517389588796038424e+03
1.509937452150416448e+03
1.500473243957883369e+03
1.469826395988012109e+03
1.469826395988012109e+03
1.488642229033451258e+03
1.488642229033451258e+03
1.435355337707940180e+03
1.382068446382429102e+03
1.351538842175680884e+03
1.370204122014388304e+03
1.310849566735506414e+03
1.370204122014388304e+03
1.310849566735506414e+03
1.273674621012549323e+03
1.236499675289592005e+03
1.236499675289592005e+03
1.241195345318618820e+03
1.241195345318618820e+03
1.216143153682631009e+03
1.197800082430304883e+03
1.206971618056467833e+03
1.216143153682631009e+03
1.189283514591093763e+03
1.236374625961207585e+03
1.173581019823614042e+03
1.236374625961207585e+03
1.109667980990668411e+03
1.143910666340043008e+03
1.178153351689417832e+03
1.178153351689417832e+03
1.231876762878617910e+03
1.269199251317281096e+03
1.231876762878617910e+03
1.199632452442715248e+03
1.174413195646534859e+03
1.149193938850354698e+03
1.149193938850354698e+03
1.149193938850354698e+03
1.294858094395652870e+03
1.294858094395652870e+03
1.294858094395652870e+03
1.292090779701476322e+03
1.292090779701476322e+03
1.292090779701476322e+03
1.541843431409890172e+03
1.609600831476584290e+03
1.652625132629053496e+03
1.652625132629053496e+03
1.683027306991506521e+03
1.713429481353959545e+03
1.713429481353959545e+03
1.928496107731727079e+03
1.928496107731727079e+03
1.826417496353308024e+03
1.667742550967285297e+03
1.667742550967285297e+03
1.667742550967285297e+03
1.974426462613100057e+03
2.037802635571961900e+03
1.974426462613100057e+03
1.820242871473170453e+03
1.820242871473170453e+03
1.931091064418455517e+03
2.041939257363740353e+03
2.046618377546019929e+03
2.088728133897989665e+03
2.088728133897989665e+03
2.085677063835542413e+03
2.085677063835542413e+03
2.087072495810456530e+03
2.088467927785370193e+03
2.088467927785370193e+03
2.088467927785370193e+03
2.060377031006277321e+03
2.144371265084731476e+03
2.257878863874956096e+03
2.257878863874956096e+03
2.257878863874956096e+03
2.257878863874956096e+03
2.257878863874956096e+03
2.257878863874956096e+03
2.167634361512331452e+03
2.150136739439287794e+03
2.110895678276403487e+03
2.071654617113518725e+03
2.071654617113518725e+03
2.132990358138268221e+03
2.150147930682308015e+03
2.197234763544535781e+03
2.197234763544535781e+03
2.133450861793390686e+03
2.069666960042246046e+03
2.044368780572403921e+03
2.044368780572403921e+03
2.089065106679185192e+03
2.089065106679185192e+03
2.014315436907240837e+03
1.998292494341172187e+03
1.982269551775103537e+03
2.014315436907240837e+03
1.972171478005936024e+03
1.972171478005936024e+03
1.889424842481426822e+03
1.813840764025504086e+03
1.792204964296411617e+03
1.770569164567319149e+03
1.746636261711430507e+03
1.743681041601412289e+03
1.726770749352935127e+03
1.675419177424196960e+03
1.675419177424196960e+03
1.711752119850665167e+03
1.748085062277133147e+03
1.748085062277133147e+03
1.679135308501927057e+03
1.647615954731586953e+03
1.647615954731586953e+03
1.647615954731586953e+03
1.581826668236907835e+03
1.516037381742228717e+03
1.402595368609111119e+03
1.372836054811070426e+03
1.372836054811070426e+03
1.367090587977183077e+03
1.327855325443787024e+03
1.319600827384057538e+03
1.311346329324328053e+03
1.307303217399931782e+03
1.311346329324328053e+03
1.307303217399931782e+03
1.233386011174186706e+03
1.233386011174186706e+03
1.235664943903050698e+03
1.237943876631914463e+03
1.237943876631914463e+03
1.222313843901915106e+03
1.172674938796094011e+03
1.222313843901915106e+03
1.174267813074854985e+03
1.174267813074854985e+03
1.174267813074854985e+03
1.143342906712807917e+03
1.143342906712807917e+03
1.154901705853715384e+03
1.262373978027593239e+03
1.237239522952055495e+03
1.256962335727609570e+03
1.276685148503163646e+03
1.237239522952055495e+03
1.276685148503163646e+03
1.290905161378240564e+03
1.458389258842860954e+03
1.426432899314454062e+03
1.426432899314454062e+03
1.426432899314454062e+03
1.426432899314454062e+03
1.470444512282524784e+03
1.470444512282524784e+03
1.436034631540560213e+03
1.436034631540560213e+03
1.437238863814726756e+03
1.438443096088893299e+03
1.438443096088893299e+03
1.438443096088893299e+03
1.487051719124134479e+03
1.522716528984858087e+03
1.522716528984858087e+03
1.522716528984858087e+03
1.522716528984858087e+03
1.537425727147512589e+03
1.537425727147512589e+03
1.537425727147512589e+03
1.550239663717958365e+03
1.550239663717958365e+03
1.602475035886830028e+03
1.654710408055701919e+03
1.569913433308007825e+03
1.485116458560313504e+03
1.476825318463781059e+03
1.476825318463781059e+03
1.489145226384159514e+03
1.489145226384159514e+03
1.489145226384159514e+03
1.500494623975067498e+03
1.555593300329652720e+03
1.615747516464150067e+03
1.681839330873102426e+03
1.681839330873102426e+03
1.670867224034139326e+03
1.659895117195176226e+03
1.563187825375422335e+03
1.563187825375422335e+03
1.604146785209048176e+03
1.604146785209048176e+03
1.588523932045130323e+03
1.578183897149760014e+03
1.567843862254389705e+03
1.570244557774266241e+03
1.567843862254389705e+03
1.500574204706037108e+03
1.408369051903870513e+03
1.408369051903870513e+03
1.471086347353734254e+03
1.533803642803598223e+03
1.559777644694370565e+03
1.559777644694370565e+03
1.476770474431169305e+03
1.476770474431169305e+03
1.536913765048286905e+03
1.575846798616441902e+03
1.614779832184596899e+03
1.614779832184596899e+03
1.614779832184596899e+03
1.614779832184596899e+03
1.603861958040273521e+03
1.567482145687421053e+03
1.512552954523173867e+03
1.457623763358926908e+03
1.432734800104723035e+03
1.432734800104723035e+03
1.507033446175375047e+03
1.507184906725934752e+03
1.520652167050727712e+03
1.513918536888331346e+03
1.507184906725934752e+03
1.501419445605237570e+03
1.501419445605237570e+03
1.501419445605237570e+03
1.556376616637393909e+03
1.469246842161813674e+03
1.488115643592323522e+03
1.506984445022833143e+03
1.506984445022833143e+03
1.506984445022833143e+03
1.536113736057784763e+03
1.493407048811503500e+03
1.494709514528393356e+03
1.494709514528393356e+03
1.494709514528393356e+03
1.561734136781138432e+03
1.561734136781138432e+03
1.451737655217455085e+03
1.451737655217455085e+03
1.552325493764143403e+03
1.576223186894126684e+03
1.600120880024110193e+03
1.600120880024110193e+03
1.658695982860451522e+03
1.658695982860451522e+03
1.669228893587387802e+03
1.648886442597075984e+03
1.623563254599276661e+03
1.598240066601477565e+03
1.598240066601477565e+03
1.695395748604748178e+03
1.695395748604748178e+03
1.695395748604748178e+03
1.606889956994785280e+03
1.646239086002963859e+03
1.685588215011142438e+03
1.685588215011142438e+03
1.685588215011142438e+03
1.746251494500041417e+03
1.650732226953213512e+03
1.622783784559779633e+03
1.622783784559779633e+03
1.622783784559779633e+03
1.562408929509934978e+03
1.625989112230602814e+03
1.712379277832613980e+03
1.713070763754286645e+03
1.712379277832613980e+03
1.669517424584628316e+03
1.626655571336642879e+03
1.626655571336642879e+03
1.626655571336642879e+03
1.607141529458067680e+03
1.555482469114454034e+03
1.555482469114454034e+03
1.605986643376637858e+03
1.656490817638821682e+03
1.659453951477650435e+03
1.659550071958788976e+03
1.659453951477650435e+03
1.659550071958788976e+03
1.597374302680009350e+03
1.679100822912808326e+03
1.760827343145607529e+03
1.684893033886147805e+03
1.726252330488155621e+03
1.684893033886147805e+03
1.654959276830491490e+03
1.579887531695930875e+03
1.598367374409788454e+03
1.616847217123646033e+03
1.616847217123646033e+03
1.759686369660118316e+03
1.759686369660118316e+03
1.714670333950730083e+03
1.516687167966971174e+03
1.516687167966971174e+03
1.516687167966971174e+03
1.647037914867938298e+03
1.647037914867938298e+03
1.562781444988348767e+03
1.456344922340529592e+03
1.456344922340529592e+03
1.482781064634480344e+03
1.509217206928431096e+03
1.700170500305790938e+03
1.751518119954419262e+03
1.813180787206044897e+03
1.813180787206044897e+03
1.608509906821869890e+03
1.608509906821869890e+03
1.608509906821869890e+03
1.518861946594763822e+03
1.608813731681552099e+03
1.608813731681552099e+03
1.907955217518117252e+03
1.907955217518117252e+03
1.755151132510418620e+03
1.602347047502719988e+03
1.520565630918106990e+03
1.459785023640346481e+03
1.459785023640346481e+03
1.654978407225911269e+03
1.885828274758868702e+03
1.923914668434554869e+03
1.962001062110241037e+03
1.897166953235177971e+03
1.962001062110241037e+03
1.988638099711216910e+03
1.988638099711216910e+03
1.968478703950288718e+03
1.958350709751298382e+03
1.948222715552308046e+03
1.879497497524782375e+03
1.879497497524782375e+03
2.007316972767268908e+03
2.007316972767268908e+03
1.867935598932595894e+03
1.867935598932595894e+03
1.867935598932595894e+03
2.002901212662081889e+03
2.022053326950961036e+03
2.022053326950961036e+03
2.022053326950961036e+03
2.089257667210441014e+03
2.089257667210441014e+03
2.089257667210441014e+03
2.155633818351367154e+03
2.034938505496796097e+03
2.028477062949815036e+03
2.021199292475278980e+03
1.994760534312028085e+03
1.994760534312028085e+03
1.994760534312028085e+03
1.994760534312028085e+03
1.980973861035487971e+03
1.984825845530118386e+03
1.959773605153714698e+03
1.984825845530118386e+03
1.975197283417594008e+03
1.965568721305069630e+03
1.965568721305069630e+03
1.922028325186743132e+03
1.903326775553486414e+03
1.784188085904920626e+03
1.866136845354184288e+03
1.861798103111874525e+03
1.857459360869564762e+03
1.859636216005389088e+03
1.857459360869564762e+03
1.846300804151117063e+03
1.678408918015613608e+03
1.678408918015613608e+03
1.671707536931493451e+03
1.665006155847373520e+03
1.692776208958355255e+03
1.660781888120432995e+03
1.657962772851148884e+03
1.538060784798648228e+03
1.538060784798648228e+03
1.571952531247252409e+03
1.605844277695856817e+03
1.605844277695856817e+03
1.582119838082556726e+03
1.561723323583313913e+03
1.561723323583313913e+03
1.430985367208905700e+03
1.430985367208905700e+03
1.430985367208905700e+03
1.430985367208905700e+03
1.517661500063933090e+03
1.517661500063933090e+03
1.462981129912663846e+03
1.379818264477196180e+03
1.337484521881120145e+03
1.295150779285044109e+03
1.379818264477196180e+03
1.394007331902718079e+03
1.552714626628963060e+03
1.552714626628963060e+03
1.552714626628963060e+03
1.517797762855263500e+03
1.482880899081563712e+03
1.461870840656607697e+03
1.461870840656607697e+03
1.580330069768641579e+03
1.580330069768641579e+03
1.580330069768641579e+03
1.585293534336675748e+03
1.590256998904709690e+03
1.686466134232121931e+03
1.969710374695454902e+03
1.969710374695454902e+03
1.969710374695454902e+03
1.934511555544254406e+03
1.934511555544254406e+03
1.934511555544254406e+03
1.902886293542836711e+03
1.902886293542836711e+03
2.008489611113009687e+03
2.008489611113009687e+03
1.948875983312573908e+03
1.948875983312573908e+03
1.948875983312573908e+03
2.007989993933042797e+03
2.080970995494889848e+03
2.155075852667153868e+03
2.155075852667153868e+03
2.155075852667153868e+03
2.155075852667153868e+03
2.155075852667153868e+03
2.148126609490090686e+03
2.148126609490090686e+03
2.099411889878943384e+03
2.156579491444867017e+03
2.099411889878943384e+03
2.125415745584969955e+03
2.151419601290996070e+03
2.151419601290996070e+03
2.229358433047384096e+03
2.229358433047384096e+03
2.237707812786224622e+03
2.155069550200512822e+03
2.141923869159724745e+03
2.128778188118937123e+03
2.128778188118937123e+03
2.082491310575113857e+03
2.199157140027410151e+03
2.181793331570597729e+03
2.181793331570597729e+03
2.163574803279745538e+03
2.145356274988893801e+03
2.145356274988893801e+03
2.285723015143256362e+03
2.285723015143256362e+03
2.130951813940444481e+03
2.128696074427264193e+03
2.123928990683814845e+03
2.119161906940365952e+03
2.067426280945252984e+03
2.059074563163002949e+03
2.059074563163002949e+03
1.939064255316612844e+03
1.842225118745167492e+03
1.814623881702330436e+03
1.787022644659493608e+03
1.787022644659493608e+03
1.739309455521200107e+03
1.739309455521200107e+03
1.729681601865832590e+03
1.666158827858797849e+03
1.666158827858797849e+03
1.666158827858797849e+03
1.773472993130231089e+03
1.773472993130231089e+03
1.638732171799027583e+03
1.638732171799027583e+03
1.638732171799027583e+03
1.631892683392120034e+03
1.625053194985212485e+03
1.559162827248474741e+03
1.559162827248474741e+03
1.504769626326190973e+03
1.504769626326190973e+03
1.455682764379529090e+03
1.403149622249686217e+03
1.350616480119843573e+03
1.350616480119843573e+03
1.548176814504738331e+03
1.548176814504738331e+03
1.372841472261149192e+03
1.363300908746524101e+03
1.368071190503836533e+03
1.372841472261149192e+03
1.371185760676660493e+03
1.371185760676660493e+03
1.371185760676660493e+03
1.404778402214692051e+03
1.404778402214692051e+03
1.403221044116370194e+03
1.401663686018048338e+03
1.401663686018048338e+03
1.380559188787949097e+03
1.380559188787949097e+03
1.224270930868020741e+03
1.224270930868020741e+03
1.309650975323942930e+03
1.395031019779864891e+03
1.408720351587470759e+03
1.422571385584654081e+03
1.422571385584654081e+03
1.414774716620675008e+03
1.412722272482968037e+03
1.395354044123926315e+03
1.377985815764884592e+03
1.377985815764884592e+03
1.488487628717411098e+03
1.552655598074311911e+03
1.488487628717411098e+03
1.471293533174799904e+03
1.471293533174799904e+03
1.471293533174799904e+03
1.586329882021972026e+03
1.586329882021972026e+03
1.544054256459026874e+03
1.544054256459026874e+03
1.548041769907897788e+03
1.548041769907897788e+03
1.548041769907897788e+03
1.548041769907897788e+03
1.638889921456053571e+03
1.659392841188524699e+03
1.659392841188524699e+03
1.693484052927672110e+03
1.693484052927672110e+03
1.693484052927672110e+03
1.693484052927672110e+03
1.696202135280716448e+03
1.698920217633760558e+03
1.803987376249499903e+03
1.708438915928696360e+03
1.708438915928696360e+03
1.708438915928696360e+03
1.691431298650752296e+03
1.691431298650752296e+03
1.691431298650752296e+03
1.712767508181393396e+03
1.732432404477975069e+03
1.732432404477975069e+03
1.732432404477975069e+03
1.718037132181223797e+03
1.718037132181223797e+03
1.718037132181223797e+03
1.727511279248984238e+03
1.563466091105304940e+03
1.590689385282374587e+03
1.617912679459444234e+03
1.604470902323639848e+03
1.617912679459444234e+03
1.631568741821774893e+03
1.691591643741403004e+03
1.691591643741403004e+03
1.691591643741403004e+03
1.691591643741403004e+03
1.575028932355338156e+03
1.575028932355338156e+03
1.548578398102328947e+03
1.489754464910235583e+03
1.489754464910235583e+03
1.489754464910235583e+03
1.489754464910235583e+03
1.431031271160846472e+03
1.418998850413806167e+03
1.404388210936548603e+03
1.366419922164566287e+03
1.366419922164566287e+03
1.366419922164566287e+03
1.366419922164566287e+03
1.367203205991905179e+03
1.446307203900105378e+03
1.446307203900105378e+03
1.429812187609441708e+03
1.399515063351904928e+03
1.414663625480673318e+03
1.429812187609441708e+03
1.455359172706381514e+03
1.455359172706381514e+03
1.502252161313827628e+03
1.571384000212269029e+03
1.571384000212269029e+03
1.492558784766069493e+03
1.413733569319869957e+03
1.413733569319869957e+03
1.429425290398672587e+03
1.429425290398672587e+03
1.360552323598060866e+03
1.360552323598060866e+03
1.365209780048611265e+03
1.369867236499161436e+03
1.369867236499161436e+03
1.419947771534231379e+03
1.352372410891902291e+03
1.295627484214024889e+03
1.261747242495563796e+03
1.278687363354794343e+03
1.295627484214024889e+03
1.257862597179994737e+03
1.257862597179994737e+03
1.188511503275477708e+03
1.184644194687424715e+03
1.131966358425903991e+03
1.131966358425903991e+03
1.131966358425903991e+03
1.141500336522782845e+03
1.141500336522782845e+03
1.151521578434113280e+03
1.167343174420831019e+03
1.193039354181818226e+03
1.180191264301324736e+03
1.167343174420831019e+03
1.193039354181818226e+03
1.250293588914666771e+03
1.335763874367456083e+03
1.335763874367456083e+03
1.487039059717149712e+03
1.487039059717149712e+03
1.487039059717149712e+03
1.424536402131413297e+03
1.424536402131413297e+03
1.533597520205867113e+03
1.533597520205867113e+03
1.533597520205867113e+03
1.521450753490408260e+03
1.509303986774949408e+03
1.541399869983571989e+03
1.640749746922422901e+03
1.640749746922422901e+03
1.794188697863682364e+03
1.711145907968702431e+03
1.711145907968702431e+03
1.711145907968702431e+03
1.702931192002638909e+03
1.677088890537670068e+03
1.702931192002638909e+03
1.677088890537670068e+03
1.625803600774006327e+03
1.625803600774006327e+03
1.625803600774006327e+03
1.751509134737376371e+03
1.751509134737376371e+03
1.692814988045256314e+03
1.626182921473472106e+03
1.567476397724240087e+03
1.567476397724240087e+03
1.567476397724240087e+03
1.774769369191935994e+03
1.774769369191935994e+03
1.722118702844755489e+03
1.722118702844755489e+03
1.613638384712581910e+03
1.665388717436075694e+03
1.717139050159569706e+03
1.706356378568254740e+03
1.706356378568254740e+03
1.693360112972085290e+03
1.693360112972085290e+03
1.693360112972085290e+03
1.669653859752645985e+03
1.645947606533206908e+03
1.645947606533206908e+03
1.714965113693530611e+03
1.714965113693530611e+03
1.618783708101506363e+03
1.585958398612078327e+03
1.589653376985126442e+03
1.593348355358174558e+03
1.593348355358174558e+03
1.593348355358174558e+03
1.590440015713181310e+03
1.515160340191606792e+03
1.515160340191606792e+03
1.515160340191606792e+03
1.515160340191606792e+03
1.560707063012553817e+03
1.575689682225529623e+03
1.560707063012553817e+03
1.491055202502469683e+03
1.483561903083980042e+03
1.464373476940774708e+03
1.445185050797569374e+03
1.441492565054282977e+03
1.441492565054282977e+03
1.404254628884891417e+03
1.404254628884891417e+03
1.404254628884891417e+03
1.423294166819316615e+03
1.442333704753741586e+03
1.442333704753741586e+03
1.549573558911951295e+03
1.549573558911951295e+03
1.549573558911951295e+03
1.476709319885923605e+03
1.540469220193031560e+03
1.604229120500139516e+03
1.555116822824951896e+03
1.595313210490657411e+03
1.555116822824951896e+03
1.595313210490657411e+03
1.478037359645709103e+03
1.521443726690427411e+03
1.564850093735145492e+03
1.564850093735145492e+03
1.574097440705041663e+03
1.615949532029004104e+03
1.596157655079119195e+03
1.664449321983229765e+03
1.630303488531174480e+03
1.596157655079119195e+03
1.665177189286673638e+03
1.665177189286673638e+03
1.665177189286673638e+03
1.672018786555408042e+03
1.623408455317804055e+03
1.611860273546252756e+03
1.600312091774701685e+03
1.600312091774701685e+03
1.935929294848778000e+03
1.935929294848778000e+03
1.791883076079622242e+03
1.779321655698547374e+03
1.736875952632573444e+03
1.694430249566599286e+03
1.694430249566599286e+03
1.830710267492951516e+03
1.830710267492951516e+03
1.746629870646472909e+03
1.713027352008456319e+03
1.729828611327464614e+03
1.746629870646472909e+03
1.797165028509139802e+03
1.797165028509139802e+03
1.931981451753283181e+03
1.791397813095725496e+03
1.782932612431967982e+03
1.761444256401587381e+03
1.739955900371206781e+03
1.739955900371206781e+03
1.822705788011461891e+03
1.822705788011461891e+03
1.822705788011461891e+03
1.692886254316800432e+03
1.721291173407217684e+03
1.749696092497635163e+03
1.742570941725656894e+03
1.742570941725656894e+03
1.628666678520625965e+03
1.628666678520625965e+03
1.624511437620605648e+03
1.650124256170461194e+03
1.675737074720316741e+03
1.624877490703224794e+03
1.624877490703224794e+03
1.624877490703224794e+03
1.731442414347347949e+03
1.737352239127909797e+03
1.734397326737628873e+03
1.731442414347347949e+03
1.737352239127909797e+03
1.768068609659878575e+03
1.776915529265891792e+03
1.776915529265891792e+03
1.776915529265891792e+03
1.774921356120032215e+03
1.772927182974172865e+03
1.850073995259415142e+03
1.908439277744516403e+03
1.908439277744516403e+03
1.857168246647877595e+03
1.713816088494942733e+03
1.785492167571410164e+03
1.857168246647877595e+03
1.846587473970847896e+03
1.875852297769137977e+03
1.846587473970847896e+03
1.866797581228680883e+03
1.825598956509800018e+03
1.725627738081554298e+03
1.625656519653308578e+03
1.625656519653308578e+03
1.791349116558741798e+03
1.791349116558741798e+03
1.791349116558741798e+03
1.923613788276465584e+03
1.923613788276465584e+03
1.923613788276465584e+03
1.829620198573662947e+03
1.829620198573662947e+03
1.933618433975414973e+03
1.933618433975414973e+03
1.933618433975414973e+03
1.914262273258316782e+03
1.755622379003715196e+03
1.755622379003715196e+03
2.006497142587573308e+03
2.006497142587573308e+03
1.962271134336488103e+03
1.851618036703225016e+03
1.901823429305338777e+03
1.952028821907452311e+03
1.919026486542875091e+03
1.952028821907452311e+03
1.952028821907452311e+03
1.941306894905736044e+03
1.941306894905736044e+03
1.954073394513363610e+03
1.966839894120991175e+03
1.966839894120991175e+03
1.994440179859317595e+03
1.994440179859317595e+03
2.017656893798736746e+03
2.016522213990308046e+03
2.016522213990308046e+03
2.016522213990308046e+03
2.011050642214682057e+03
2.011050642214682057e+03
2.011050642214682057e+03
1.914547416007397260e+03
1.914547416007397260e+03
1.935453714162486222e+03
1.956360012317575183e+03
1.975320851487613709e+03
2.034253890651438496e+03
2.034253890651438496e+03
1.935626861446821067e+03
1.929135840326877087e+03
1.929135840326877087e+03
1.929135840326877087e+03
1.971299029730711936e+03
1.971299029730711936e+03
1.907223653330869638e+03
1.873051634064727978e+03
1.810241285898157912e+03
1.810241285898157912e+03
1.810241285898157912e+03
1.868876497844461710e+03
1.927314743876132070e+03
1.868876497844461710e+03
1.846192371577976019e+03
1.774780830420748998e+03
1.774780830420748998e+03
1.774780830420748998e+03
1.812379789625430703e+03
1.812379789625430703e+03
1.705578648889959140e+03
1.705128991849219574e+03
1.705128991849219574e+03
1.705128991849219574e+03
1.705128991849219574e+03
1.600069227283996042e+03
1.535648106212271614e+03
1.600069227283996042e+03
1.650689722222221917e+03
1.650689722222221917e+03
1.651852265587914644e+03
1.653014808953607371e+03
1.565765585303458010e+03
1.527269116527628967e+03
1.527269116527628967e+03
1.527269116527628967e+03
1.510006774445187375e+03
1.510006774445187375e+03
1.510006774445187375e+03
1.510006774445187375e+03
1.252545879053574936e+03
1.252545879053574936e+03
1.252545879053574936e+03
1.145823491444661158e+03
1.104342764805702927e+03
1.062862038166744696e+03
1.050920410177734084e+03
1.050920410177734084e+03
1.093256696428571104e+03
1.093256696428571104e+03
9.567191664186751723e+02
9.567191664186751723e+02
9.567191664186751723e+02
9.567191664186751723e+02
1.078482388832612287e+03
1.078632581802602772e+03
1.078632581802602772e+03
9.484425969092079640e+02
9.484425969092079640e+02
9.484425969092079640e+02
9.081900912452844068e+02
9.723079290469231637e+02
9.918673406002097863e+02
1.096936526913811122e+03
1.029246389358939041e+03
1.029246389358939041e+03
1.029246389358939041e+03
1.029246389358939041e+03
1.213955513203968621e+03
1.263402559010985442e+03
