1.749432267759962087e+03
1.749432267759962087e+03
1.749432267759962087e+03
1.761428764962813602e+03
1.761428764962813602e+03
1.781122166015354878e+03
1.790098543876962822e+03
1.804594147467456878e+03
1.819089751057951162e+03
1.840282668464736844e+03
1.845863098966946382e+03
1.872805688384999939e+03
1.872805688384999939e+03
1.876369050438752083e+03
1.979424206707740723e+03
2.082479362976729135e+03
2.117517760748951787e+03
2.184941648296300173e+03
2.191718214426989107e+03
2.212518204798187071e+03
2.236861874430584066e+03
2.379171341721394128e+03
2.387773406592044921e+03
2.387773406592044921e+03
2.387773406592044921e+03
2.387773406592044921e+03
2.387773406592044921e+03
2.387773406592044921e+03
2.680202076361201307e+03
2.680202076361201307e+03
2.680202076361201307e+03
2.680202076361201307e+03
2.703065997578545193e+03
2.744473831971838081e+03
2.806742171208264153e+03
2.840478560673882384e+03
2.874214950139500161e+03
2.874214950139500161e+03
2.920936993716153665e+03
2.958563403023573301e+03
2.978855185922008332e+03
2.985103140049117883e+03
3.110994859828034350e+03
3.236886579606950818e+03
3.601644837092415401e+03
3.608025981218678226e+03
3.601644837092415401e+03
3.491091024820600524e+03
3.491091024820600524e+03
3.529100319392543952e+03
3.567109613964487380e+03
3.626779336922796119e+03
3.626779336922796119e+03
3.626779336922796119e+03
3.859418741571555984e+03
3.869155116606622414e+03
3.970586019898125414e+03
4.072016923189627960e+03
4.096913969098686721e+03
4.236432529600750058e+03
4.387598538853224454e+03
4.426506561786833117e+03
4.590045841063774787e+03
4.598779898544808020e+03
4.607513956025841253e+03
4.607513956025841253e+03
4.530532127028740433e+03
4.524428370250748230e+03
4.365096529493046546e+03
4.365096529493046546e+03
4.370007785263215737e+03
4.374919041033384929e+03
4.374919041033384929e+03
4.374919041033384929e+03
4.519492030422223252e+03
4.519492030422223252e+03
4.518005920146953940e+03
4.518005920146953940e+03
4.518005920146953940e+03
4.697392258872117964e+03
4.697392258872117964e+03
4.697392258872117964e+03
4.705279303002761480e+03
4.753045520406321884e+03
4.863049045250929339e+03
4.973052570095536794e+03
4.997847421444271276e+03
4.997847421444271276e+03
4.997847421444271276e+03
4.848639746101107448e+03
4.819963378072063279e+03
4.819963378072063279e+03
4.819963378072063279e+03
4.990438382221041138e+03
4.990438382221041138e+03
4.990438382221041138e+03
4.775483728296468144e+03
4.758823638467015371e+03
4.758261786628643677e+03
4.757699934790271982e+03
4.757699934790271982e+03
4.040881567119456577e+03
4.040881567119456577e+03
4.029393631046008977e+03
3.556365965143044377e+03
3.556365965143044377e+03
3.556365965143044377e+03
3.898704842704406929e+03
3.898704842704406929e+03
4.074721729628473440e+03
4.074721729628473440e+03
4.143570226466970780e+03
4.258541278449116362e+03
4.373512330431261034e+03
4.375965068764568969e+03
4.441880129449838023e+03
4.441880129449838023e+03
3.998557675419715906e+03
3.998557675419715906e+03
3.841367270656372057e+03
3.684176865893028662e+03
4.424120160938183290e+03
5.028657213592232438e+03
5.465773726451900984e+03
5.028657213592232438e+03
5.724195554360208007e+03
5.303321938086242881e+03
4.882448321812276845e+03
5.724195554360208007e+03
5.594248618811399865e+03
5.784186473756905798e+03
5.594248618811399865e+03
5.800749375342798885e+03
6.030535549430824176e+03
6.260321723518849467e+03
6.269036855274381196e+03
6.533190920555836783e+03
6.533190920555836783e+03
5.819356979178142865e+03
5.819356979178142865e+03
5.792366443076754877e+03
5.765375906975365979e+03
5.765375906975365979e+03
5.765375906975365979e+03
6.209448926566808041e+03
6.323893737595689345e+03
6.721195444452404445e+03
6.961892836546814578e+03
7.202590228641225622e+03
7.202590228641225622e+03
6.437314290842517039e+03
6.437314290842517039e+03
6.321195274792132295e+03
6.321195274792132295e+03
6.321195274792132295e+03
6.321195274792132295e+03
6.317904129545704563e+03
6.317904129545704563e+03
5.932187539081016439e+03
5.932187539081016439e+03
6.011448306982735630e+03
6.011448306982735630e+03
6.011448306982735630e+03
5.933165302300694748e+03
5.933165302300694748e+03
5.933165302300694748e+03
5.714590330028821882e+03
5.604154185107242483e+03
5.604154185107242483e+03
5.604154185107242483e+03
5.604154185107242483e+03
5.050415959565640151e+03
5.050415959565640151e+03
5.080710400657290847e+03
5.080710400657290847e+03
4.998777360482488803e+03
4.916844320307685848e+03
4.874586596634952912e+03
4.596948736588635256e+03
4.447300656801863624e+03
4.315601519291726618e+03
4.315601519291726618e+03
4.288752595704227133e+03
4.261903672116728558e+03
4.255224273731778339e+03
4.020535350642749563e+03
3.936739557998509099e+03
3.734605022228869984e+03
3.774054628022442557e+03
3.744604954814453777e+03
3.715155281606464996e+03
3.670330460583447802e+03
3.642086141034635148e+03
3.642086141034635148e+03
3.642086141034635148e+03
3.650283851775508992e+03
3.750917695666378677e+03
3.851551539557247906e+03
3.851551539557247906e+03
3.824095676561168148e+03
3.824095676561168148e+03
3.985264663648032183e+03
4.258893154156628952e+03
4.258893154156628952e+03
4.258893154156628952e+03
4.294197159074307820e+03
4.230062137503670783e+03
4.328341952802546075e+03
4.230062137503670783e+03
4.328341952802546075e+03
4.355583285889055333e+03
4.382824618975563681e+03
4.447922112365014982e+03
4.447922112365014982e+03
4.603387587030038048e+03
4.603387587030038048e+03
4.876009571699510161e+03
4.876009571699510161e+03
4.876009571699510161e+03
5.091420858005757509e+03
5.091420858005757509e+03
5.029302081973674831e+03
4.988264328698017380e+03
5.029302081973674831e+03
5.066396616639238346e+03
5.103491151304801861e+03
5.114953062518455226e+03
5.114953062518455226e+03
5.174017740095437148e+03
5.028281936524635967e+03
5.240269989030756733e+03
5.258605417806200421e+03
5.276940846581644109e+03
5.276940846581644109e+03
5.173042283720528758e+03
5.120129715636880064e+03
5.120129715636880064e+03
5.230776123699468371e+03
5.248966944587362377e+03
5.267157765475256383e+03
5.306759067201070138e+03
5.347022928903984393e+03
5.347022928903984393e+03
5.400981054738228522e+03
5.524131065524496080e+03
5.564565805880876724e+03
5.605000546237257367e+03
5.605000546237257367e+03
5.414274642016806865e+03
5.310298643845219885e+03
5.276697862543503106e+03
5.271316919980529747e+03
5.244521662471774107e+03
5.217726404963019377e+03
5.197577207960953274e+03
5.197577207960953274e+03
5.197577207960953274e+03
5.065338390376151438e+03
5.065338390376151438e+03
5.086561622584231372e+03
5.107784854792310398e+03
5.162749774596818497e+03
5.107784854792310398e+03
5.132913794346989562e+03
4.998997592909386185e+03
5.132913794346989562e+03
4.998997592909386185e+03
4.719821284647658103e+03
4.588680060106888050e+03
4.354113570080103273e+03
3.877003877878074945e+03
3.580506047250779829e+03
3.503626051129514053e+03
3.169583861822645758e+03
3.169583861822645758e+03
3.397999081854914039e+03
3.397999081854914039e+03
3.397999081854914039e+03
3.397999081854914039e+03
3.397999081854914039e+03
3.043595853486104716e+03
2.689192625117295847e+03
2.244608136364692200e+03
1.788967015457815705e+03
1.588598070742105392e+03
1.568768115893863524e+03
1.568768115893863524e+03
1.688221452753702124e+03
1.807674789613540497e+03
1.838223845810653302e+03
1.838223845810653302e+03
1.813456514330343907e+03
1.724089308184103629e+03
1.708662128763496185e+03
1.639618224980581772e+03
1.570574321197667359e+03
1.350918826450383676e+03
1.219737667981123650e+03
1.219737667981123650e+03
1.290625763293453701e+03
1.388029359984648863e+03
1.388029359984648863e+03
1.388029359984648863e+03
1.291006955122230920e+03
1.283318152701921917e+03
1.260684671433358290e+03
1.260684671433358290e+03
1.315475713995562955e+03
1.384061553997626106e+03
1.452647393999689257e+03
1.479262877325445970e+03
1.473259642805297517e+03
1.483237869229616308e+03
1.517172160619007172e+03
1.548833006262320168e+03
1.548833006262320168e+03
1.548833006262320168e+03
1.505045608964526764e+03
1.481111025682587751e+03
1.481111025682587751e+03
1.555701192522119072e+03
1.614959351532749679e+03
1.603078708755514981e+03
1.591198065978280511e+03
1.593239551863926863e+03
1.593239551863926863e+03
1.609174278022613180e+03
1.609174278022613180e+03
1.609174278022613180e+03
1.604782393004460118e+03
1.600390507986307284e+03
1.569659944973301890e+03
1.547136557601866798e+03
1.547136557601866798e+03
1.569495387991360985e+03
1.583339716553798780e+03
1.600067311613654510e+03
1.616794906673510468e+03
1.616794906673510468e+03
1.616794906673510468e+03
1.616954152345182592e+03
1.650824708357141390e+03
1.665210680615249430e+03
1.659976066671130411e+03
1.654741452727011620e+03
1.665210680615249430e+03
1.654741452727011620e+03
1.682640943397924957e+03
1.746625190855879282e+03
1.773542328282921289e+03
1.819258825157955016e+03
1.864975322032988743e+03
1.872626796899202873e+03
1.967056473915351944e+03
2.068203912578277141e+03
2.068203912578277141e+03
1.974133511084826750e+03
1.950773960481563790e+03
1.927414409878300830e+03
1.927414409878300830e+03
1.933504362951503936e+03
1.985546755729024881e+03
1.985546755729024881e+03
2.005210837012367165e+03
2.005210837012367165e+03
1.948237613440823907e+03
1.948237613440823907e+03
1.972008935437025912e+03
1.972008935437025912e+03
2.010081612130946951e+03
2.033396086796140708e+03
2.033396086796140708e+03
2.033396086796140708e+03
1.994629116208996038e+03
1.994629116208996038e+03
2.060379640749854843e+03
2.061651443867370290e+03
2.184596727657806241e+03
2.214446482913859654e+03
2.244296238169912613e+03
2.268845131506851885e+03
2.268845131506851885e+03
2.222541032772427116e+03
2.175549532014978467e+03
2.175880845647513070e+03
2.175715188831245541e+03
2.175549532014978467e+03
2.053313887879370213e+03
1.924165773976611945e+03
1.924165773976611945e+03
1.977327183273889887e+03
2.153774195892994612e+03
2.284666428379319768e+03
2.415558660865644924e+03
2.478645081154510990e+03
2.520019871469924055e+03
2.520036007199303185e+03
2.595951857428142830e+03
2.520036007199303185e+03
2.595951857428142830e+03
2.866820642092354319e+03
2.904890632105461009e+03
3.003703817388237894e+03
3.066863024665679859e+03
3.066863024665679859e+03
2.950289775026687039e+03
2.856511907146469639e+03
2.855123282666935211e+03
2.533935497620347178e+03
2.263283118024672603e+03
2.263283118024672603e+03
2.263283118024672603e+03
2.263283118024672603e+03
2.662677671355734219e+03
2.662677671355734219e+03
2.662677671355734219e+03
2.585116456003940129e+03
2.427799995819807009e+03
2.271822322113205701e+03
2.271822322113205701e+03
2.269657118276477377e+03
2.267491914439749053e+03
2.452054161427195140e+03
2.326085230627623787e+03
2.386262713211200207e+03
2.326085230627623787e+03
2.386262713211200207e+03
2.329079703581854574e+03
2.271896693952508940e+03
2.362300308795938236e+03
2.295159114027714622e+03
2.362300308795938236e+03
2.319909115237308015e+03
2.415062442577304409e+03
2.577331900479181968e+03
2.739601358381059072e+03
2.739601358381059072e+03
2.810990768803964784e+03
2.713970465844854516e+03
2.713970465844854516e+03
2.713970465844854516e+03
2.672798243719263155e+03
2.631626021593671794e+03
2.737788946004056015e+03
2.766373361676714467e+03
2.838833990480887223e+03
2.924867711675527062e+03
3.114435866884637107e+03
3.172825315024722840e+03
3.231214763164808573e+03
3.236287685684665576e+03
3.286634345623665013e+03
3.286634345623665013e+03
3.278245866823032429e+03
3.278245866823032429e+03
3.310490579669879935e+03
3.342735292516727441e+03
3.342735292516727441e+03
3.290683725618668177e+03
3.166094940996306377e+03
3.133774808098936774e+03
3.166094940996306377e+03
3.295665493396540569e+03
3.425236045796774761e+03
3.755323442659036573e+03
4.075024420152090897e+03
4.075024420152090897e+03
4.075024420152090897e+03
4.322390069833387315e+03
4.295341885880608970e+03
4.268293701927829716e+03
4.322390069833387315e+03
4.392722525472810958e+03
4.392722525472810958e+03
4.392722525472810958e+03
4.386752810690593833e+03
4.386752810690593833e+03
4.386752810690593833e+03
4.386752810690593833e+03
4.382474097038546461e+03
4.431638201667035901e+03
4.437175842451701101e+03
4.811705952324444297e+03
4.811705952324444297e+03
4.811705952324444297e+03
4.811705952324444297e+03
4.802033257661748394e+03
4.802033257661748394e+03
4.872012372740494357e+03
4.976420822887480426e+03
5.170154169681598432e+03
5.363887516475717348e+03
5.363887516475717348e+03
4.746085392133491951e+03
4.746085392133491951e+03
6.034500978647685770e+03
7.140493463124379559e+03
7.140493463124379559e+03
7.140493463124379559e+03
7.558355491312385311e+03
7.558355491312385311e+03
7.013913486044875754e+03
7.013913486044875754e+03
7.238029333201749068e+03
7.377333129364378692e+03
7.516636925527009225e+03
7.238029333201749068e+03
6.981351647194023826e+03
6.809115706281102575e+03
6.809115706281102575e+03
6.987854720741821438e+03
6.987854720741821438e+03
6.987854720741821438e+03
6.736665145201613996e+03
6.736665145201613996e+03
7.016111901400164243e+03
7.056048463917859408e+03
7.186894255742996393e+03
7.186894255742996393e+03
7.186894255742996393e+03
6.984918235101583377e+03
6.883396116358951986e+03
6.540719789918714923e+03
6.432151814110468877e+03
6.284632802685339811e+03
6.256269587853484154e+03
6.227906373021628497e+03
6.155864810319215394e+03
6.111295101599591362e+03
5.961200838580322852e+03
5.921373502308808384e+03
5.921373502308808384e+03
5.812150948904552934e+03
5.702928395500297484e+03
5.590167374248604574e+03
5.590167374248604574e+03
5.305681845704232728e+03
5.015081276304421408e+03
4.948967899827236579e+03
4.931266580617356340e+03
4.913565261407476100e+03
4.695846799455469409e+03
4.651625657922828395e+03
4.498538565134639612e+03
4.356590348216944221e+03
4.268852604433395754e+03
4.223296610599068117e+03
4.177740616764740480e+03
4.177740616764740480e+03
4.177740616764740480e+03
4.151882900480324679e+03
4.151882900480324679e+03
4.419875233040756939e+03
4.467643672957705348e+03
4.515412112874652848e+03
4.419875233040756939e+03
4.514492139082977701e+03
4.514492139082977701e+03
4.636446474431249044e+03
4.636446474431249044e+03
4.636446474431249044e+03
4.636446474431249044e+03
4.549463164361269264e+03
4.603201514289347870e+03
4.540663775024415372e+03
4.540663775024415372e+03
4.540663775024415372e+03
4.600566485676852608e+03
4.660469196329288934e+03
4.660469196329288934e+03
4.643226804957707827e+03
4.330735669973976655e+03
4.194303622187569090e+03
4.178907762668800387e+03
4.178907762668800387e+03
4.178907762668800387e+03
4.326101363107172801e+03
4.326101363107172801e+03
4.326101363107172801e+03
4.283580792236435627e+03
4.662115928521472597e+03
4.826109034402089492e+03
4.990102140282706387e+03
5.201139889111866069e+03
5.217360174642364655e+03
5.232404620301475916e+03
5.271844463647948942e+03
5.695610800000000381e+03
5.759637025579660985e+03
5.823663251159320680e+03
5.849848551510365724e+03
5.849848551510365724e+03
5.796082880829951137e+03
5.619976120575549430e+03
5.619976120575549430e+03
5.619976120575549430e+03
5.619976120575549430e+03
5.717942762501555080e+03
5.719523182388466012e+03
5.933801952312729554e+03
5.933801952312729554e+03
5.880736579351656474e+03
5.847611066985671641e+03
5.814485554619686809e+03
5.383762989455380193e+03
5.110427023627667950e+03
4.969488542556971879e+03
4.787757500963101847e+03
4.628348886222748661e+03
4.628348886222748661e+03
4.628348886222748661e+03
4.628348886222748661e+03
4.583288410099831708e+03
4.583288410099831708e+03
4.598275015049083777e+03
4.680377275773375004e+03
4.680377275773375004e+03
4.680377275773375004e+03
4.922728260369634881e+03
4.983716392903967062e+03
4.957906838790804613e+03
4.957906838790804613e+03
4.942698300283285789e+03
4.914886838136004371e+03
4.828009947355819349e+03
4.641011061391334806e+03
4.399323346010096429e+03
4.127788877052124917e+03
3.708813019046780028e+03
3.160728025397234433e+03
3.160728025397234433e+03
3.160728025397234433e+03
3.160728025397234433e+03
3.850477777261295159e+03
3.850477777261295159e+03
3.850477777261295159e+03
3.635009953226247035e+03
3.362608103395251419e+03
3.090206253564255803e+03
2.960299693087057676e+03
2.799942529878366258e+03
2.601131476503122940e+03
2.345208146640633004e+03
2.300425875961179827e+03
2.216312899003075472e+03
2.132199922044970663e+03
2.132199922044970663e+03
2.044474262525670383e+03
2.025966263255792001e+03
1.950808493894276808e+03
1.895236612598459942e+03
1.892431708497498676e+03
1.889626804396537636e+03
1.816142158292116846e+03
1.742638110991476879e+03
1.685154153723513446e+03
1.685154153723513446e+03
1.727851385308293175e+03
1.727851385308293175e+03
1.727851385308293175e+03
1.655673394268430229e+03
1.542052638806297409e+03
1.422364447739450952e+03
1.422364447739450952e+03
1.425198851917489492e+03
1.495694108835974021e+03
1.566189365754458322e+03
1.569498119108177889e+03
1.596168901179488103e+03
1.624185386722329895e+03
1.671194387146237659e+03
1.736504428086487678e+03
1.736504428086487678e+03
1.736504428086487678e+03
1.711706999924670299e+03
1.647783405306370696e+03
1.604937955527155964e+03
1.604937955527155964e+03
1.661698271304598165e+03
1.743960695134041998e+03
1.826223118963485604e+03
1.912975072673861632e+03
1.912975072673861632e+03
1.904568143589563988e+03
1.860562886449145253e+03
1.779102144411843710e+03
1.775719921866610548e+03
1.772337699321377158e+03
1.680811843550185358e+03
1.609839834492101772e+03
1.589517438534743405e+03
1.567592328210177129e+03
1.587941533647552887e+03
1.578642272375650919e+03
1.569343011103748950e+03
1.569343011103748950e+03
1.569343011103748950e+03
1.572284324642753973e+03
1.602799810897575981e+03
1.602799810897575981e+03
1.595321129448241436e+03
1.587842447998906891e+03
1.487056726338522594e+03
1.487056726338522594e+03
1.502367856001399787e+03
1.502367856001399787e+03
1.526989106321459531e+03
1.571447083983441189e+03
1.615905061645422620e+03
1.643630573665830752e+03
1.643630573665830752e+03
1.643630573665830752e+03
1.669698907176752300e+03
1.673530213020099382e+03
1.671614560098425954e+03
1.669698907176752300e+03
1.670645384871994111e+03
1.666549229799121122e+03
1.670645384871994111e+03
1.666549229799121122e+03
1.693829337802307691e+03
1.680132042539495615e+03
1.666434747276683311e+03
1.666434747276683311e+03
1.637867049813800804e+03
1.549107834089125390e+03
1.481648298273123601e+03
1.481648298273123601e+03
1.675348344168760150e+03
1.869048390064396699e+03
1.869048390064396699e+03
1.869048390064396699e+03
1.828127153311419534e+03
1.788113314083730074e+03
1.768157504093343277e+03
1.764298629453751801e+03
1.760439754814160324e+03
1.650546421776250099e+03
1.607099486314056094e+03
1.572066567533065381e+03
1.566312303835374223e+03
1.572066567533065381e+03
1.608295302345337859e+03
1.644524037157610564e+03
1.661785480726941159e+03
1.661785480726941159e+03
1.671998050630521220e+03
1.713626300878408074e+03
1.826540564181452737e+03
1.943473259932307883e+03
2.060405955683163029e+03
2.063657253761190077e+03
2.063657253761190077e+03
2.070864327844589752e+03
2.070864327844589752e+03
2.016812570781836712e+03
2.016812570781836712e+03
2.110389612166291045e+03
2.110389612166291045e+03
1.952896493801438510e+03
1.937065670761376396e+03
1.952896493801438510e+03
2.043813667890364513e+03
2.212897080484518483e+03
2.212897080484518483e+03
2.212897080484518483e+03
2.276964742384825058e+03
2.276964742384825058e+03
2.079192365613960646e+03
2.328846678105830506e+03
2.313779893974714469e+03
2.298713109843598431e+03
2.341387582927960466e+03
2.340148211134824578e+03
2.340148211134824578e+03
2.283491903678777362e+03
2.283491903678777362e+03
2.371940346023394341e+03
2.460388788368011774e+03
2.477777223049644363e+03
2.510184289720280958e+03
2.598218296443078088e+03
2.734907500186169273e+03
2.766929742751869071e+03
2.863668906769645673e+03
2.960408070787422275e+03
3.041142385311588441e+03
3.119726102571264164e+03
3.215647865294117310e+03
3.284545317401892589e+03
3.372917029688328057e+03
3.453523091650858532e+03
3.534129153613389008e+03
3.557145751110956098e+03
3.607121813479965567e+03
3.607121813479965567e+03
3.633160312344889007e+03
3.736318689295038439e+03
3.708739604802485246e+03
3.681160520309932053e+03
3.843548652159778158e+03
3.843548652159778158e+03
3.874555733946108830e+03
3.874555733946108830e+03
3.888147651372484688e+03
3.983177836135311736e+03
4.078208020898138784e+03
4.082794991637468684e+03
4.082794991637468684e+03
4.135148052257864947e+03
4.135148052257864947e+03
4.324431714170648775e+03
4.326070524663067772e+03
4.327709335155487679e+03
4.465634285375400395e+03
4.708569750930069858e+03
4.708569750930069858e+03
4.529774727107117542e+03
4.448330920705703647e+03
4.448330920705703647e+03
4.448330920705703647e+03
4.597497051437176196e+03
4.658576241733447205e+03
4.658576241733447205e+03
5.402873717506164212e+03
5.402873717506164212e+03
5.448804880624558791e+03
5.494736043742954280e+03
5.311929105716199047e+03
5.669940257606868727e+03
5.575315537476504687e+03
5.575315537476504687e+03
5.575315537476504687e+03
5.646030397921323129e+03
5.716745258366141570e+03
5.931138580839450697e+03
5.989848359901900949e+03
5.989848359901900949e+03
5.369832110146661762e+03
5.369832110146661762e+03
5.329910004379920792e+03
5.289987898613178913e+03
5.314668130051432854e+03
5.314668130051432854e+03
5.314668130051432854e+03
4.956418100877540382e+03
4.920964937249123068e+03
4.938691519063331725e+03
4.956418100877540382e+03
5.234327983735346606e+03
5.894413523421588252e+03
6.083174615731494669e+03
6.152545114306783944e+03
6.772100169235694921e+03
6.882949012422588567e+03
6.993797855609482212e+03
6.993797855609482212e+03
6.993797855609482212e+03
7.058859929679590095e+03
7.058859929679590095e+03
6.862823915219170885e+03
6.787423370847620390e+03
6.712022826476070804e+03
6.712022826476070804e+03
6.712022826476070804e+03
6.574707222166147403e+03
6.421823889186672204e+03
6.246327610870421267e+03
6.136251030351972076e+03
6.026174449833522885e+03
6.026174449833522885e+03
6.026174449833522885e+03
6.187141051216820415e+03
6.249702059052816367e+03
6.187141051216820415e+03
6.459719568648086351e+03
6.732298086079353197e+03
6.462402415106662374e+03
6.462402415106662374e+03
6.443614452451824036e+03
6.318189648962845240e+03
6.318189648962845240e+03
6.213156150749522567e+03
6.108122652536199894e+03
5.966677067403726141e+03
5.966677067403726141e+03
6.217727658319966395e+03
6.217727658319966395e+03
5.923313122552298410e+03
5.888142111547245804e+03
5.852971100542192289e+03
5.923313122552298410e+03
6.060980176235431827e+03
6.155135660921891940e+03
6.155135660921891940e+03
6.193434139106901966e+03
6.248797341605023576e+03
6.304160544103145185e+03
6.193434139106901966e+03
6.171428838945445023e+03
6.128384217659067872e+03
5.795046778282946434e+03
5.795046778282946434e+03
5.821036996758210080e+03
5.847027215233472816e+03
5.847027215233472816e+03
5.716172807400101192e+03
5.653611932345017522e+03
5.653611932345017522e+03
5.651637386205201437e+03
5.553439582098149913e+03
5.455241777991098388e+03
5.455241777991098388e+03
5.455241777991098388e+03
5.562354766261413715e+03
5.562354766261413715e+03
5.517518834706008420e+03
5.517518834706008420e+03
5.517518834706008420e+03
5.519076047893992836e+03
5.519076047893992836e+03
5.309210662369854617e+03
5.202867330920676977e+03
5.134230864973066673e+03
5.134230864973066673e+03
5.134230864973066673e+03
4.918564419556802022e+03
5.015313209467815796e+03
4.918564419556802022e+03
4.767931949996328512e+03
4.767931949996328512e+03
4.859593919605345945e+03
4.951255889214362469e+03
4.951255889214362469e+03
4.734488394437196803e+03
4.600404392597348306e+03
4.600404392597348306e+03
4.620958007502421424e+03
4.629291424858747632e+03
4.637624842215074750e+03
4.800028068600367988e+03
4.800028068600367988e+03
4.392372819878872178e+03
4.392372819878872178e+03
4.514995616088530369e+03
4.514995616088530369e+03
4.514995616088530369e+03
4.511644395059211092e+03
4.451265362642234322e+03
4.378350565844729317e+03
4.297987255686379285e+03
4.297987255686379285e+03
4.287896094136191095e+03
4.277804932586001996e+03
4.277804932586001996e+03
4.277804932586001996e+03
4.288282036749116742e+03
4.525067099584826792e+03
4.691503685512256197e+03
4.702098227730439248e+03
4.712692769948622299e+03
4.712692769948622299e+03
4.459793352950929147e+03
4.352064936345786919e+03
4.352064936345786919e+03
4.483770381304705552e+03
4.483770381304705552e+03
4.483770381304705552e+03
4.440791889597620866e+03
4.440791889597620866e+03
4.409709022835018004e+03
4.618277456119179988e+03
4.618277456119179988e+03
4.618277456119179988e+03
4.618277456119179988e+03
4.239016132215969265e+03
4.220470248783102761e+03
4.231583866267712438e+03
4.220470248783102761e+03
4.231583866267712438e+03
3.877444676459021593e+03
3.840890577361076794e+03
3.691338768685594459e+03
3.524880438135536224e+03
3.524880438135536224e+03
3.524880438135536224e+03
3.524880438135536224e+03
4.325181084111582095e+03
4.325181084111582095e+03
4.325181084111582095e+03
4.156505739996889133e+03
4.078938493924968043e+03
3.649396062008565877e+03
3.649396062008565877e+03
3.706893710532064688e+03
3.764391359055563953e+03
3.764391359055563953e+03
3.764391359055563953e+03
3.633566820133678902e+03
3.394306838074563530e+03
3.087815752265256833e+03
3.042974714029185634e+03
2.998133675793113980e+03
2.697447293799698855e+03
2.600176685307907519e+03
2.600176685307907519e+03
2.740138682358812275e+03
2.740138682358812275e+03
2.568903942717896825e+03
2.397669203076981830e+03
2.213157480935304193e+03
2.058811973040180419e+03
2.021868458105635909e+03
1.939323867089761279e+03
1.885440088528951492e+03
1.823789577113957648e+03
1.762139065698963805e+03
1.640652570915485512e+03
1.547656267158147557e+03
1.528196568354891951e+03
1.527498898707222907e+03
1.528196568354891951e+03
1.527847733531057429e+03
1.527498898707222907e+03
1.521003659274018219e+03
1.405410249249023536e+03
1.313332063020482337e+03
1.267671932761569906e+03
1.267671932761569906e+03
1.274589918987509236e+03
1.281507905213448566e+03
1.281507905213448566e+03
1.155928782635000061e+03
1.155928782635000061e+03
1.180879168028943695e+03
1.217326940942790088e+03
1.234312904856962177e+03
1.251298868771134494e+03
1.251298868771134494e+03
1.224246896166811666e+03
1.224246896166811666e+03
1.294442485762359183e+03
1.317421513680186308e+03
1.317421513680186308e+03
1.317421513680186308e+03
1.333561306892000857e+03
1.313537599798791234e+03
1.289420343639997100e+03
1.283006962265654920e+03
1.287131391698918378e+03
1.280150478135118647e+03
1.273169564571318915e+03
1.273169564571318915e+03
1.272633266560413631e+03
1.272633266560413631e+03
1.280638026787112949e+03
1.316329577768227409e+03
1.317352060151605201e+03
1.318374542534983220e+03
1.318374542534983220e+03
1.224318635675953601e+03
1.224318635675953601e+03
1.225488904787882348e+03
1.238979774939668914e+03
1.263599662045838159e+03
1.288219549152007630e+03
1.314908676796498639e+03
1.303751187606331086e+03
1.303751187606331086e+03
1.268970752937184898e+03
1.268970752937184898e+03
1.254323381638837418e+03
1.239676010340490166e+03
1.260762840035546105e+03
1.239676010340490166e+03
1.234263872531781772e+03
1.202216884174472625e+03
1.200634964400922172e+03
1.171323163472573697e+03
1.142011362544225221e+03
1.135882177715448506e+03
1.125395911072260333e+03
1.125395911072260333e+03
1.175183352998534247e+03
1.211539375272017423e+03
1.240872135462373080e+03
1.270204895652728510e+03
1.303319537682943292e+03
1.304042801120059949e+03
1.304042801120059949e+03
1.295224240049908758e+03
1.295224240049908758e+03
1.363313504561285299e+03
1.431402769072661840e+03
1.431402769072661840e+03
1.435994663002101561e+03
1.435994663002101561e+03
1.449701164161023371e+03
1.510746122473601645e+03
1.490794940909651359e+03
1.470843759345701301e+03
1.470843759345701301e+03
1.453200366726526909e+03
1.453200366726526909e+03
1.598751550184830876e+03
1.598751550184830876e+03
1.656548907995838363e+03
1.912530607575896511e+03
1.922845826775846945e+03
1.950448233352632087e+03
1.994881522327645598e+03
2.023651266056559052e+03
2.023651266056559052e+03
2.057209668142262672e+03
2.019892910974049300e+03
2.019892910974049300e+03
1.908210883254301052e+03
1.732367907907336985e+03
1.732367907907336985e+03
1.732367907907336985e+03
1.934817698202999509e+03
1.934817698202999509e+03
1.934817698202999509e+03
1.667127871361805092e+03
1.567570947334878610e+03
1.544979900058893008e+03
1.544979900058893008e+03
1.577730790282959788e+03
1.610481680507026567e+03
1.610481680507026567e+03
1.604402652723059191e+03
1.543588945686947909e+03
1.543588945686947909e+03
1.623428454391507103e+03
1.732233630114482821e+03
1.841038805837458312e+03
1.914670728986171980e+03
1.914670728986171980e+03
1.867780610458692763e+03
1.867780610458692763e+03
1.966102280988129678e+03
2.054793516614171494e+03
2.143484752240212856e+03
2.151738371188306701e+03
2.333542574126273848e+03
2.402103773962054674e+03
2.550399879943252017e+03
2.648880920241074818e+03
2.736953546383615503e+03
2.825026172526156188e+03
2.957367947380761052e+03
3.057505622085343020e+03
3.090418835399134878e+03
3.200036738812657859e+03
3.263296745981087042e+03
3.329274724718658490e+03
3.395252703456229938e+03
3.437150666681245184e+03
3.442250573756180529e+03
3.442250573756180529e+03
3.396501595988309873e+03
3.396501595988309873e+03
3.431011144161427637e+03
3.465520692334545402e+03
3.483026920765988962e+03
3.628653069069765024e+03
3.632672967483218599e+03
3.639116629355187797e+03
3.762281870417364189e+03
3.838596905121850796e+03
3.914911939826337402e+03
4.098465042887244635e+03
4.296791238100416194e+03
4.477031178009618088e+03
4.634620380038565600e+03
4.651875453912750345e+03
4.746001121277561651e+03
4.840126788642372958e+03
5.103453132186855328e+03
5.124831527610624107e+03
5.392736478630294187e+03
5.392736478630294187e+03
5.408823898996944081e+03
5.408823898996944081e+03
5.408823898996944081e+03
5.663271186287912315e+03
5.730839140622485502e+03
5.730839140622485502e+03
5.730839140622485502e+03
5.733468750657324563e+03
5.724404276989957907e+03
5.715339803322591251e+03
5.715339803322591251e+03
5.715339803322591251e+03
5.591396554067004217e+03
5.524446497888235172e+03
5.399843271054294746e+03
5.375309063456761578e+03
5.350774855859229319e+03
5.312401512818075389e+03
5.296767284384207414e+03
5.296767284384207414e+03
5.283741947339040053e+03
5.283741947339040053e+03
5.283741947339040053e+03
5.283741947339040053e+03
5.246770332850617706e+03
4.553275720154579176e+03
4.544785156563054443e+03
4.544785156563054443e+03
4.593487369503321133e+03
5.047172299941266829e+03
5.500857230379211614e+03
5.500857230379211614e+03
5.500857230379211614e+03
5.463111214804603151e+03
5.463111214804603151e+03
5.463111214804603151e+03
5.999629600571772244e+03
6.536147986338942246e+03
6.536147986338942246e+03
6.067967808139907902e+03
6.067967808139907902e+03
6.067967808139907902e+03
6.041465230983600122e+03
6.041465230983600122e+03
6.041465230983600122e+03
6.484786402688747330e+03
6.484786402688747330e+03
6.484786402688747330e+03
6.757753590514885218e+03
7.104289378245958687e+03
6.931021484380422407e+03
6.757753590514885218e+03
6.638498394749636645e+03
6.638498394749636645e+03
6.906065639223716971e+03
7.068834654365829920e+03
7.068834654365829920e+03
7.011381158788699395e+03
6.953927663211569779e+03
6.781175462727449485e+03
6.599436601442025676e+03
6.549453778695470646e+03
5.649626925385793584e+03
5.649626925385793584e+03
5.641292189756066364e+03
5.632957454126339144e+03
5.711031117764138799e+03
5.552872914116594984e+03
5.622874899611058936e+03
5.552872914116594984e+03
5.622874899611058936e+03
5.550857804418018532e+03
5.478840709224978127e+03
5.478840709224978127e+03
5.478840709224978127e+03
5.380784682724621234e+03
5.380784682724621234e+03
5.380784682724621234e+03
5.496665239236123853e+03
5.612545795747626471e+03
5.612545795747626471e+03
5.598328606958063574e+03
5.556939960897988385e+03
5.514137372923558360e+03
5.514137372923558360e+03
5.676661672607075161e+03
5.839185972290591963e+03
5.915119265559161249e+03
5.839185972290591963e+03
5.695487052194865100e+03
5.695487052194865100e+03
5.883229950981126422e+03
5.883229950981126422e+03
5.883229950981126422e+03
6.036616067435827972e+03
6.066713420570463313e+03
6.066713420570463313e+03
5.803280455740080470e+03
5.803280455740080470e+03
5.854629816585955268e+03
5.905979177431830976e+03
5.905979177431830976e+03
5.869122365135392101e+03
5.869122365135392101e+03
6.018316344310855129e+03
6.018316344310855129e+03
6.020561852242904934e+03
6.022807360174953828e+03
6.002367138591181174e+03
6.022807360174953828e+03
6.055636839211738334e+03
6.067847905039230682e+03
6.067847905039230682e+03
6.074730199879142674e+03
6.081612494719053757e+03
6.123911439247831368e+03
6.123911439247831368e+03
5.784367352323711202e+03
5.752870641818743934e+03
5.784367352323711202e+03
5.814277994549646792e+03
5.844188636775582381e+03
5.844188636775582381e+03
5.722253453290158177e+03
5.572382871803571106e+03
5.484712688087886818e+03
5.572382871803571106e+03
5.417048368545487392e+03
5.261713865287403678e+03
5.855210200822395564e+03
5.704636312280449602e+03
5.704636312280449602e+03
5.260719550117830295e+03
5.260719550117830295e+03
5.243919431452353820e+03
5.227119312786876435e+03
5.280717132054552167e+03
5.227119312786876435e+03
5.451106904801085875e+03
5.423290403404664175e+03
5.491775074886893890e+03
5.491775074886893890e+03
5.491775074886893890e+03
5.649489956398565482e+03
5.649489956398565482e+03
5.609837815737835626e+03
5.529210776360640011e+03
5.609837815737835626e+03
5.594540375771814070e+03
5.579242935805792513e+03
5.732970691917378645e+03
5.934948694046587661e+03
6.168882984121976733e+03
6.168882984121976733e+03
6.072338297698952374e+03
6.043371383787458399e+03
6.014404469875964423e+03
6.014404469875964423e+03
6.014404469875964423e+03
6.043826588551076384e+03
6.073198606619773273e+03
6.073198606619773273e+03
6.130825952339964715e+03
6.188453298060155248e+03
6.188453298060155248e+03
5.991631324892670818e+03
5.963517180506021759e+03
5.673008692987376890e+03
5.573012775540150869e+03
5.529517707057259031e+03
5.486022638574368102e+03
5.492924869442817908e+03
5.486022638574368102e+03
5.295504669633517551e+03
5.295504669633517551e+03
5.320785682958276993e+03
5.464452312263434578e+03
5.608118941568593073e+03
5.608118941568593073e+03
5.404299790995204603e+03
5.195687640721833304e+03
4.703433782055742995e+03
4.141917018926283163e+03
4.016394922590800888e+03
3.890321156431972213e+03
3.586329929767370231e+03
3.556933207774384300e+03
3.556933207774384300e+03
3.556933207774384300e+03
2.523472685432678190e+03
2.523472685432678190e+03
2.523472685432678190e+03
2.326321624916969085e+03
2.283602273454409897e+03
2.277891191823964164e+03
2.070267166605945022e+03
1.922732782666404091e+03
1.874718888388254072e+03
1.826704994110104053e+03
1.550428187531596222e+03
1.398135889942134554e+03
1.398135889942134554e+03
1.429762894440342961e+03
1.439702518223894913e+03
1.439702518223894913e+03
1.439702518223894913e+03
1.400110320949668449e+03
1.321872522847662822e+03
1.275143416196457565e+03
1.275143416196457565e+03
1.275705289246941902e+03
1.299901618218955264e+03
1.324097947190968398e+03
1.324097947190968398e+03
1.263174725248686855e+03
1.215654783064121830e+03
1.213304770359098484e+03
1.197072997020454750e+03
1.186929484172856746e+03
1.176785971325258743e+03
1.112415896920098703e+03
1.112415896920098703e+03
1.209785818807568603e+03
1.318908801470880235e+03
1.373029942785833100e+03
1.373029942785833100e+03
1.373029942785833100e+03
1.372383457082178438e+03
1.365380904055254632e+03
1.354646058659775235e+03
1.349745918204791678e+03
1.354646058659775235e+03
1.351434353973064390e+03
1.348222649286353771e+03
1.271990013298264103e+03
1.262020594915448555e+03
1.241350185545941940e+03
1.183776776876765553e+03
1.241350185545941940e+03
1.302974407367001731e+03
1.364598629188061750e+03
1.382020510453650559e+03
1.382020510453650559e+03
1.352929690708594080e+03
1.325321404705697432e+03
1.325321404705697432e+03
1.319255260882596758e+03
1.313189117059496311e+03
1.328320559837236942e+03
1.313189117059496311e+03
1.328320559837236942e+03
1.285205090293803551e+03
1.328904399289652019e+03
1.300752143225954569e+03
1.272599887162257119e+03
1.283335112818612288e+03
1.272599887162257119e+03
1.251008066255541507e+03
1.239179808314914908e+03
1.251008066255541507e+03
1.229494377906373302e+03
1.207980689557205096e+03
1.214514990729887586e+03
1.214514990729887586e+03
1.296822405794946235e+03
1.317077732203361620e+03
1.382006058664926968e+03
1.416371607281724209e+03
1.450737155898521678e+03
1.463241650383883098e+03
1.463241650383883098e+03
1.463241650383883098e+03
1.410501489805169513e+03
1.410501489805169513e+03
1.388612529185385029e+03
1.366723568565600317e+03
1.412722869001457639e+03
1.431863853037798208e+03
1.431863853037798208e+03
