2.454133797590361610e+03
2.454133797590361610e+03
2.950710248592044991e+03
2.950710248592044991e+03
3.031675880363806300e+03
2.927145508084658559e+03
2.895328832835077264e+03
2.871066908864668676e+03
2.846804984894260087e+03
2.895328832835077264e+03
2.753299676370728776e+03
2.868840305859864202e+03
2.868840305859864202e+03
2.868840305859864202e+03
2.924969295983292795e+03
2.981098286106720934e+03
2.916417836070559133e+03
3.162172738615096932e+03
2.937524276842006202e+03
3.036918818765280776e+03
2.965810506715506563e+03
3.001364662740393669e+03
3.036918818765280776e+03
3.096555209485701198e+03
3.096555209485701198e+03
3.096555209485701198e+03
3.096555209485701198e+03
3.096555209485701198e+03
3.098826592457823153e+03
3.098826592457823153e+03
3.098826592457823153e+03
3.098826592457823153e+03
3.098826592457823153e+03
3.177879958853318840e+03
3.525646251848863812e+03
3.525646251848863812e+03
3.525646251848863812e+03
3.230067031858151950e+03
3.069203708174502481e+03
3.230067031858151950e+03
3.360534987812984582e+03
3.360534987812984582e+03
3.346184670406617897e+03
3.331834353000251213e+03
3.295290940926276107e+03
3.295290940926276107e+03
3.136054312342130743e+03
3.212536829542895248e+03
3.129715207610146990e+03
3.161942953274939555e+03
3.194170698939732119e+03
3.129715207610146990e+03
3.194170698939732119e+03
3.233014513089005050e+03
3.307317736792748292e+03
3.307317736792748292e+03
3.307317736792748292e+03
3.307317736792748292e+03
3.290375982116681371e+03
3.227391300168445014e+03
3.227391300168445014e+03
3.227391300168445014e+03
3.240892564356436196e+03
3.240892564356436196e+03
3.240892564356436196e+03
3.240892564356436196e+03
3.114278530007532936e+03
3.114278530007532936e+03
3.210980313936688162e+03
3.210980313936688162e+03
3.199395089184772587e+03
3.187809864432857012e+03
3.118871391934842904e+03
3.073287949979287532e+03
3.114584604819277047e+03
3.114584604819277047e+03
3.114584604819277047e+03
3.150871619482808910e+03
3.187158634146340773e+03
3.148646480145278474e+03
3.148646480145278474e+03
3.148646480145278474e+03
3.249068250442791395e+03
3.249068250442791395e+03
3.180004638718971364e+03
3.110941026995151788e+03
3.110941026995151788e+03
3.132736207594936332e+03
3.132736207594936332e+03
3.299726718591264216e+03
3.269686504321521170e+03
3.269686504321521170e+03
3.269686504321521170e+03
3.269686504321521170e+03
3.315128195128272182e+03
3.315128195128272182e+03
3.031445471735471983e+03
3.031445471735471983e+03
3.043004412667108681e+03
3.054563353598745380e+03
3.054563353598745380e+03
3.054563353598745380e+03
3.419435930804634154e+03
3.419435930804634154e+03
3.283459123220753099e+03
3.283459123220753099e+03
3.283459123220753099e+03
3.283459123220753099e+03
3.389174230194319534e+03
3.380694221867517626e+03
3.380694221867517626e+03
3.376560505594696224e+03
3.362158410870618354e+03
3.347756316146540030e+03
3.278540072336818412e+03
3.338618980590788851e+03
3.140900679539240173e+03
3.338618980590788851e+03
3.471561897470040094e+03
3.506390861115251937e+03
3.541219824760463780e+03
3.541219824760463780e+03
3.537209223775500050e+03
3.537209223775500050e+03
3.638025498885862817e+03
3.638025498885862817e+03
3.638025498885862817e+03
3.638025498885862817e+03
3.341986462579281124e+03
3.281576117748491015e+03
3.281576117748491015e+03
3.872727110050700958e+03
3.872727110050700958e+03
3.790379527434000465e+03
3.708031944817299973e+03
3.708031944817299973e+03
3.855467565945945807e+03
3.855467565945945807e+03
4.046350026089569383e+03
4.208254918901349811e+03
4.208254918901349811e+03
4.208254918901349811e+03
3.862397716698656041e+03
3.862397716698656041e+03
4.115249712786885539e+03
4.486021054657428067e+03
4.364621591358574733e+03
4.423077326111259936e+03
4.481533060863945138e+03
4.364621591358574733e+03
4.243921396393506257e+03
4.243921396393506257e+03
4.420180983978398217e+03
5.010449156657721687e+03
5.010449156657721687e+03
5.010449156657721687e+03
3.854672413158785730e+03
3.854672413158785730e+03
4.317644717855409908e+03
4.677723140128803607e+03
4.811753627419576333e+03
4.811753627419576333e+03
4.811753627419576333e+03
4.742057993031358819e+03
4.741738061450744681e+03
4.742057993031358819e+03
4.940703176606210036e+03
4.940703176606210036e+03
4.827879753396030537e+03
4.715056330185851039e+03
4.715056330185851039e+03
4.953869099066083436e+03
5.024553874898972026e+03
4.953869099066083436e+03
4.875443625352112576e+03
4.512378149140617097e+03
4.149312672929120708e+03
4.875443625352112576e+03
4.694898795246799637e+03
4.694898795246799637e+03
4.450073720398952901e+03
4.293553293513124117e+03
4.349472433127853947e+03
4.405391572742583776e+03
4.153171792682125670e+03
4.153171792682125670e+03
4.147625444149479335e+03
4.147625444149479335e+03
4.147625444149479335e+03
4.097107305941577579e+03
4.046589167733674913e+03
3.750984854668904973e+03
3.689434497273995021e+03
3.567194145370208389e+03
3.284076729301715204e+03
3.212457419512194974e+03
3.248267074406955089e+03
3.284076729301715204e+03
3.227414812600343794e+03
3.227414812600343794e+03
3.189337590340207953e+03
2.886804555470543164e+03
2.823336614265603203e+03
2.846124868692994824e+03
2.868913123120386444e+03
2.868913123120386444e+03
2.868913123120386444e+03
2.902551314309920144e+03
2.802391181034482997e+03
2.802391181034482997e+03
2.787285558890058837e+03
2.772179936745634677e+03
2.613223862352879223e+03
2.470527530197268788e+03
2.470527530197268788e+03
2.470527530197268788e+03
2.452884711185957713e+03
2.452884711185957713e+03
2.452884711185957713e+03
2.452884711185957713e+03
2.335767639177443016e+03
2.306089544861409195e+03
2.306089544861409195e+03
2.471689501076391480e+03
2.471689501076391480e+03
2.471689501076391480e+03
2.461845316325216118e+03
2.439289128304756105e+03
2.332304203379223964e+03
2.332304203379223964e+03
2.245846280249436859e+03
2.245846280249436859e+03
2.245846280249436859e+03
2.346905297255224013e+03
2.346905297255224013e+03
2.134430177443961838e+03
2.134430177443961838e+03
2.134430177443961838e+03
2.377428432540030826e+03
2.620426687636099814e+03
2.088806613750109591e+03
2.528354076028521376e+03
2.312902645141184166e+03
2.425255575726141160e+03
2.425255575726141160e+03
2.470723781115564179e+03
2.516191986504987199e+03
2.756821580088197607e+03
2.756821580088197607e+03
2.756821580088197607e+03
2.831137440408626389e+03
2.512092988011315811e+03
2.596503535357301189e+03
2.680914082703287022e+03
2.380280638943089343e+03
2.680914082703287022e+03
2.910385265675416122e+03
3.003228926760845297e+03
2.910385265675416122e+03
2.954933943554258803e+03
2.999482621433101031e+03
2.826505742168393681e+03
2.714990383585924974e+03
2.714990383585924974e+03
3.067210418319918517e+03
3.211064292299044155e+03
3.211064292299044155e+03
3.211064292299044155e+03
2.908456106172212458e+03
2.908456106172212458e+03
3.354232715030820145e+03
3.402089118538127877e+03
3.354232715030820145e+03
2.912440196091244161e+03
2.912440196091244161e+03
3.479262829403606247e+03
3.479262829403606247e+03
3.479262829403606247e+03
3.479262829403606247e+03
3.479262829403606247e+03
3.371198335626924290e+03
3.263133841850242334e+03
3.263133841850242334e+03
3.263133841850242334e+03
3.189007473025464151e+03
3.189007473025464151e+03
3.189007473025464151e+03
3.280428937692852742e+03
3.371850402360241787e+03
3.371850402360241787e+03
3.558826632878280179e+03
3.558826632878280179e+03
3.749118137621965161e+03
3.523231115208378924e+03
3.623008666672039908e+03
3.722786218135700892e+03
3.714782030715481596e+03
3.714782030715481596e+03
3.613193259340961504e+03
3.379229274623969104e+03
3.379229274623969104e+03
3.370976425154654862e+03
3.362723575685340165e+03
3.362723575685340165e+03
3.369288843235240165e+03
3.369288843235240165e+03
3.394755390404516220e+03
3.341643131970260129e+03
3.341643131970260129e+03
3.341643131970260129e+03
3.341643131970260129e+03
3.443838254012432117e+03
3.443838254012432117e+03
2.700425096329437110e+03
2.700425096329437110e+03
2.940807147195274410e+03
3.181189198061112165e+03
3.181189198061112165e+03
3.287803763929014167e+03
2.964888283894889355e+03
3.454034465787377030e+03
3.343916887980812135e+03
3.343916887980812135e+03
3.343916887980812135e+03
3.343916887980812135e+03
3.361214255811378735e+03
3.361214255811378735e+03
3.333107530241935820e+03
3.333107530241935820e+03
3.333107530241935820e+03
3.333107530241935820e+03
3.392349968191292191e+03
3.326251259628817024e+03
3.326251259628817024e+03
3.000961429757210681e+03
3.000961429757210681e+03
3.108754001631616120e+03
3.216546573506022014e+03
3.345227070985527007e+03
3.345227070985527007e+03
3.093206005301703044e+03
3.093206005301703044e+03
3.279607056862381796e+03
3.358011524581410868e+03
3.436415992300439939e+03
3.436415992300439939e+03
3.436415992300439939e+03
3.394790226581657407e+03
3.249538442367600965e+03
3.190984096869712175e+03
3.220261269618656570e+03
3.249538442367600965e+03
3.246214176929748646e+03
3.387942548820696175e+03
3.246214176929748646e+03
3.314187662141780038e+03
3.307256459734296186e+03
3.310722060938038339e+03
3.314187662141780038e+03
3.307256459734296186e+03
3.178104465529666413e+03
3.178104465529666413e+03
3.246921226895970904e+03
3.328161508672700165e+03
3.328161508672700165e+03
3.328161508672700165e+03
3.328161508672700165e+03
3.329655450863931037e+03
3.272193531460588929e+03
3.329655450863931037e+03
3.334217596281540864e+03
3.334217596281540864e+03
3.334217596281540864e+03
3.181256440629796089e+03
3.047695197368420850e+03
3.181256440629796089e+03
3.523079008249312210e+03
3.523079008249312210e+03
3.471729909542555561e+03
3.420380810835798911e+03
3.420380810835798911e+03
3.451454305452750759e+03
3.512866364772017732e+03
3.512866364772017732e+03
3.435878680867954699e+03
3.435878680867954699e+03
3.435878680867954699e+03
3.486658765786452022e+03
3.606153769923769687e+03
3.636002640352046910e+03
3.636002640352046910e+03
3.636002640352046910e+03
3.648710547881268212e+03
3.661418455410489059e+03
3.388893783991611144e+03
3.554953941591532384e+03
3.553440987038884032e+03
3.553440987038884032e+03
3.176906058136706179e+03
3.176906058136706179e+03
3.176906058136706179e+03
2.987074735755370511e+03
3.192436146455824201e+03
3.192436146455824201e+03
3.375277097126589069e+03
3.487726512479521716e+03
3.559953166765220431e+03
3.632179821050919145e+03
3.487726512479521716e+03
3.391272052664317016e+03
3.391272052664317016e+03
3.391272052664317016e+03
3.391272052664317016e+03
3.500042188137794710e+03
3.500042188137794710e+03
3.526619505864257007e+03
3.607464442100081214e+03
3.607464442100081214e+03
3.607464442100081214e+03
3.476041738928280665e+03
3.482685329117457513e+03
3.489328919306634816e+03
3.369498991577157994e+03
3.366683110566569667e+03
3.191120127156741091e+03
3.191120127156741091e+03
3.255685373488262030e+03
3.284998993050437548e+03
3.314312612612613066e+03
3.255685373488262030e+03
3.232967878734929400e+03
3.175932267449761639e+03
3.180751275130305658e+03
3.094461628265373292e+03
3.137606451697839475e+03
3.180751275130305658e+03
3.094461628265373292e+03
3.107761612185282956e+03
2.994718867434984986e+03
3.023240877238515168e+03
3.023240877238515168e+03
3.038502447676097290e+03
3.053764018113678958e+03
3.053764018113678958e+03
2.927736268956110052e+03
2.847083000979511780e+03
2.833182439085447186e+03
2.511003052417819163e+03
2.511003052417819163e+03
2.511003052417819163e+03
2.633157429737379061e+03
2.793445768306563878e+03
2.895753882480173161e+03
2.895753882480173161e+03
2.814501646355073717e+03
2.801290388747294855e+03
2.788079131139515994e+03
2.788079131139515994e+03
2.788079131139515994e+03
2.712998986359654737e+03
2.384647167130058733e+03
2.373526752311987821e+03
2.379086959721023049e+03
2.384647167130058733e+03
2.357273834513397105e+03
2.469179745309175814e+03
2.469179745309175814e+03
2.469179745309175814e+03
2.480243113808057842e+03
2.471066379501793108e+03
2.461889645195528374e+03
2.490363855793992116e+03
2.461889645195528374e+03
2.554329598377738876e+03
2.678414566394167196e+03
2.678414566394167196e+03
2.691459073680438451e+03
2.704503580966710160e+03
2.433052429714357004e+03
2.433052429714357004e+03
2.391483397339567091e+03
2.391483397339567091e+03
2.347414484383395120e+03
2.371745894972325914e+03
2.396077305561256253e+03
2.347414484383395120e+03
2.396077305561256253e+03
2.525549129273852031e+03
2.568985250029836607e+03
2.568985250029836607e+03
2.560477803162186774e+03
2.551970356294536941e+03
2.186345339102790149e+03
2.315959833152391184e+03
2.315959833152391184e+03
2.480914897950377053e+03
2.510388937652811819e+03
2.510388937652811819e+03
2.510388937652811819e+03
2.652207657589236987e+03
2.607561726371681743e+03
2.607561726371681743e+03
2.607561726371681743e+03
2.649618820645587220e+03
2.649618820645587220e+03
2.649618820645587220e+03
2.649618820645587220e+03
2.726367298462876079e+03
2.726367298462876079e+03
2.811532443369813791e+03
2.721455286397409054e+03
2.744994269000909298e+03
2.768533251604409998e+03
2.721455286397409054e+03
2.752017973423120111e+03
2.633650666155712770e+03
2.752017973423120111e+03
3.303556030839668892e+03
3.303556030839668892e+03
3.303556030839668892e+03
3.303556030839668892e+03
3.594751007608471809e+03
3.594751007608471809e+03
3.766760001498351812e+03
3.282246719141220183e+03
3.481669883289774589e+03
3.681093047438329450e+03
3.681093047438329450e+03
4.103074401450230653e+03
4.345071213285210433e+03
4.103074401450230653e+03
4.181626386421389725e+03
4.181626386421389725e+03
4.181626386421389725e+03
4.204862637420718784e+03
4.363008009273813514e+03
4.416226967093890380e+03
4.583572849158937061e+03
4.583572849158937061e+03
4.582287711634367042e+03
4.581002574109797024e+03
4.581002574109797024e+03
4.618695610736695016e+03
4.670361229081731835e+03
4.852399457676215206e+03
4.670361229081731835e+03
4.793383662911362990e+03
4.916406096740995054e+03
4.615079295268763417e+03
4.916406096740995054e+03
4.824291165647336129e+03
4.824291165647336129e+03
4.824291165647336129e+03
4.780980070494694701e+03
4.737668975342053272e+03
5.060325031621865492e+03
4.964903410411340701e+03
4.964903410411340701e+03
4.777920367891267233e+03
4.604666562913907001e+03
4.604666562913907001e+03
4.604666562913907001e+03
4.519341558616322800e+03
4.565346313081822700e+03
4.565346313081822700e+03
4.565346313081822700e+03
4.150683192749213049e+03
4.150683192749213049e+03
4.150683192749213049e+03
4.251133517965942701e+03
4.251133517965942701e+03
4.163717906643508286e+03
4.075103857691779922e+03
3.951179856356558048e+03
3.951179856356558048e+03
3.951179856356558048e+03
3.813009242214533060e+03
3.742295579871023165e+03
3.742295579871023165e+03
3.734417544469552013e+03
3.641039779482891845e+03
3.641039779482891845e+03
3.641039779482891845e+03
3.710825741839762941e+03
3.766734726558758211e+03
3.710825741839762941e+03
3.464181116076415947e+03
3.456884416504042747e+03
3.460532766290229119e+03
3.464181116076415947e+03
3.456884416504042747e+03
3.323949008615307775e+03
3.323949008615307775e+03
3.323949008615307775e+03
3.323949008615307775e+03
3.570912020701375241e+03
3.570912020701375241e+03
3.250725444806706946e+03
3.503089436640470922e+03
3.384957953212138818e+03
3.384957953212138818e+03
3.334198252757045793e+03
3.334198252757045793e+03
3.334198252757045793e+03
3.341046537461344087e+03
3.440517411870144770e+03
3.341046537461344087e+03
3.520853434012400157e+03
3.185341425556408467e+03
3.185341425556408467e+03
3.185341425556408467e+03
3.162948559765728987e+03
3.162948559765728987e+03
3.475074683440288027e+03
3.485152622760665054e+03
3.485152622760665054e+03
3.469067204292323368e+03
3.452981785823981227e+03
3.452981785823981227e+03
3.360276326591638281e+03
3.592786648907626841e+03
3.360458449100809048e+03
3.360458449100809048e+03
3.294362185275059346e+03
3.228265921449309644e+03
3.228265921449309644e+03
3.706544846899766981e+03
3.970458615832535088e+03
3.970458615832535088e+03
3.989801500444444628e+03
3.989801500444444628e+03
3.989801500444444628e+03
3.909805296838756931e+03
3.909805296838756931e+03
3.909805296838756931e+03
4.031317411035850000e+03
3.909805296838756931e+03
4.033545023256991954e+03
4.157284749675226522e+03
3.875867970905524999e+03
3.964695243357271011e+03
3.944702217126931373e+03
3.964695243357271011e+03
4.335244933994375970e+03
4.335244933994375970e+03
4.335244933994375970e+03
3.723560550973012141e+03
3.723560550973012141e+03
3.978492038861901619e+03
3.978492038861901619e+03
3.902385538802660903e+03
3.768086299962334124e+03
3.633787061122007799e+03
3.633787061122007799e+03
3.909031454662690521e+03
3.969612062353526198e+03
3.975482231433895777e+03
3.975482231433895777e+03
3.860975668117816440e+03
3.746469104801737103e+03
3.598965998539870725e+03
3.544500154966655373e+03
3.544500154966655373e+03
3.767907776543909222e+03
3.767907776543909222e+03
3.763721533852180983e+03
3.759535291160452743e+03
3.737037182591920100e+03
3.655734052590225474e+03
3.655734052590225474e+03
3.808324376721061071e+03
3.808324376721061071e+03
3.685126148710335201e+03
3.561927920699609331e+03
3.561927920699609331e+03
3.561927920699609331e+03
3.388428883112816038e+03
3.388428883112816038e+03
3.388428883112816038e+03
3.493820887851089537e+03
3.599212892589363491e+03
3.303594315231659039e+03
3.500835414835705251e+03
3.303594315231659039e+03
3.486955355367620996e+03
3.188556357853848112e+03
3.234208971990155987e+03
3.279861586126464317e+03
3.279861586126464317e+03
3.279861586126464317e+03
3.351890878560720012e+03
3.533177194098585005e+03
3.533177194098585005e+03
3.451419729159667440e+03
3.369662264220749421e+03
3.369662264220749421e+03
3.580921981261295969e+03
3.580921981261295969e+03
3.474970062914863774e+03
3.474970062914863774e+03
3.481801700868620173e+03
3.488633338822377027e+03
3.544228155605173924e+03
3.488633338822377027e+03
3.254583463218292309e+03
3.254583463218292309e+03
3.557817718469531883e+03
3.557817718469531883e+03
3.557817718469531883e+03
3.509348660416335406e+03
3.469377243714889119e+03
3.469377243714889119e+03
3.693776708972608048e+03
3.693776708972608048e+03
3.691271635288595917e+03
3.688766561604583785e+03
3.652751635061104025e+03
3.652751635061104025e+03
3.631303108702804820e+03
3.631303108702804820e+03
3.718025173927231208e+03
3.718025173927231208e+03
3.718025173927231208e+03
3.536395278284671804e+03
3.536395278284671804e+03
3.699551925170067989e+03
3.699551925170067989e+03
3.646802484722703866e+03
3.646802484722703866e+03
3.646802484722703866e+03
3.642029554258997905e+03
3.637256623795291944e+03
3.637256623795291944e+03
3.637256623795291944e+03
3.701598590450677875e+03
3.701598590450677875e+03
3.701598590450677875e+03
3.668364668269231061e+03
3.493578384426045886e+03
3.668364668269231061e+03
3.493578384426045886e+03
3.643798829332809419e+03
3.643798829332809419e+03
3.643798829332809419e+03
3.643798829332809419e+03
3.635526980435584846e+03
3.630234227127659324e+03
3.630234227127659324e+03
3.537628164601948811e+03
3.497246411400045872e+03
3.456864658198142479e+03
3.456864658198142479e+03
3.584467971785086320e+03
3.702869312734623236e+03
3.611517924499696164e+03
3.611517924499696164e+03
3.591639835806032352e+03
3.571761747112368994e+03
3.557163948259932113e+03
3.429251154934265287e+03
3.381669414996599244e+03
3.381669414996599244e+03
3.142058012820512886e+03
3.339363180236010521e+03
3.536668347651508157e+03
3.536668347651508157e+03
3.415179911321453346e+03
3.415179911321453346e+03
3.514556316824267014e+03
3.514556316824267014e+03
3.550714104673498696e+03
3.586871892522730377e+03
3.586871892522730377e+03
3.242335836226662195e+03
3.123347947845004910e+03
3.060609067687001698e+03
3.060609067687001698e+03
3.060609067687001698e+03
3.060609067687001698e+03
3.098846604444444438e+03
3.098846604444444438e+03
3.059222577381668998e+03
2.921429443812988211e+03
2.820603246509129804e+03
2.811848596156024996e+03
2.803093945802920189e+03
2.803093945802920189e+03
2.807245870616982302e+03
2.867065021097046156e+03
2.882058682774746558e+03
2.882058682774746558e+03
2.875602864643187786e+03
2.869147046511629014e+03
2.805593708565658744e+03
2.649930397170838205e+03
2.649930397170838205e+03
2.554426494653328518e+03
2.592009924186336775e+03
2.592009924186336775e+03
2.592009924186336775e+03
2.721462890221918315e+03
2.721462890221918315e+03
2.540012921713441756e+03
2.540012921713441756e+03
2.784655584132180138e+03
2.784655584132180138e+03
2.784655584132180138e+03
2.603860880782716777e+03
2.603860880782716777e+03
2.555871484244001749e+03
2.694677405420316063e+03
2.724046658192614359e+03
2.724046658192614359e+03
2.724046658192614359e+03
2.571691287844245835e+03
2.552267786970910947e+03
2.535891027593906983e+03
2.535891027593906983e+03
2.535891027593906983e+03
2.653369875194847737e+03
2.770848722795788035e+03
2.678299260913150192e+03
2.678299260913150192e+03
2.589355304222186533e+03
2.526478755346982780e+03
2.577900277054213802e+03
2.503010948172458939e+03
2.428121619290704075e+03
2.430298560740372977e+03
2.430298560740372977e+03
2.516446374895651388e+03
2.516446374895651388e+03
2.485576717816377368e+03
2.479167288112405004e+03
2.472757858408432185e+03
2.472757858408432185e+03
2.472757858408432185e+03
2.432055428516327993e+03
2.512876487590323450e+03
2.492086577946356101e+03
2.502481532768340003e+03
2.512876487590323450e+03
2.630257101750199126e+03
2.630257101750199126e+03
2.628253936242344935e+03
2.628253936242344935e+03
2.631347878747853883e+03
2.631347878747853883e+03
2.631347878747853883e+03
2.582666093505331901e+03
2.582666093505331901e+03
2.687778964517229724e+03
2.687778964517229724e+03
2.622965386851996300e+03
2.597511674297621084e+03
2.572057961743245869e+03
2.572057961743245869e+03
2.572057961743245869e+03
2.507784212188301353e+03
2.587032078327415093e+03
2.507784212188301353e+03
2.571326113839890695e+03
2.634868015491480037e+03
2.616185431957323090e+03
2.634868015491480037e+03
2.616185431957323090e+03
2.614866026377366779e+03
2.297520749694390815e+03
2.297520749694390815e+03
2.297520749694390815e+03
2.466474701225683020e+03
2.544589747742485997e+03
2.706669802447449911e+03
2.706669802447449911e+03
2.706669802447449911e+03
2.611455822153677218e+03
2.516241841859904980e+03
2.939013266807085074e+03
2.691640351777207798e+03
2.939013266807085074e+03
3.022200081847311139e+03
3.022200081847311139e+03
3.210303843387635425e+03
3.398407604927960165e+03
3.207849490799738305e+03
3.502324444540620789e+03
3.609785594180376847e+03
3.704166243735161515e+03
4.388621802270577064e+03
4.388621802270577064e+03
4.388621802270577064e+03
3.536463600909532033e+03
3.536463600909532033e+03
3.882977963639862082e+03
3.884261408850726184e+03
3.884261408850726184e+03
3.884261408850726184e+03
3.884261408850726184e+03
3.915586001300284806e+03
5.086838528273757220e+03
5.289168337207909644e+03
5.104440518943997631e+03
5.104440518943997631e+03
4.931533800589931161e+03
4.758627082235864691e+03
4.758627082235864691e+03
5.462465950012331632e+03
5.462465950012331632e+03
5.421592138878841979e+03
5.091597771916603961e+03
5.091597771916603961e+03
5.091597771916603961e+03
4.713583086293436281e+03
4.623791742275168872e+03
4.702498915365164976e+03
4.623791742275168872e+03
4.608345151410554536e+03
4.417131076831403334e+03
4.225917002252252132e+03
4.236165050074427199e+03
4.236165050074427199e+03
4.594583249549697030e+03
4.594583249549697030e+03
4.460662349775305302e+03
4.178376548851906591e+03
3.896090747928507881e+03
3.896090747928507881e+03
3.896090747928507881e+03
3.703046986450818622e+03
3.176018470759135198e+03
3.047552474190390512e+03
3.047552474190390512e+03
3.047552474190390512e+03
3.047552474190390512e+03
2.835111263510882054e+03
2.620946812035461335e+03
2.620946812035461335e+03
2.571061865472286627e+03
2.571061865472286627e+03
2.571061865472286627e+03
2.571061865472286627e+03
2.535424510985445067e+03
2.580272074840645018e+03
2.580272074840645018e+03
2.580272074840645018e+03
2.514773992039301447e+03
2.449275909237958331e+03
2.449275909237958331e+03
2.449275909237958331e+03
2.485186530063192095e+03
2.421398418834672157e+03
2.485186530063192095e+03
2.450368351499982964e+03
2.415550172936773833e+03
2.497287887382477038e+03
2.415550172936773833e+03
2.372915972373378281e+03
2.198785676582201177e+03
2.198785676582201177e+03
2.201896267369455018e+03
2.205006858156708859e+03
2.219086525092706779e+03
2.250761713793578565e+03
2.253739019137160994e+03
2.343780503358237183e+03
2.343780503358237183e+03
2.506810175985767728e+03
2.669839848613298273e+03
2.546652278306973585e+03
2.622789765995995822e+03
2.546652278306973585e+03
2.622789765995995822e+03
2.696671701449584361e+03
2.696671701449584361e+03
2.696671701449584361e+03
2.490394222942779379e+03
2.490394222942779379e+03
2.770921446272386675e+03
3.061386956601021211e+03
2.770921446272386675e+03
2.648221045582442002e+03
2.648221045582442002e+03
2.872212854517611049e+03
2.872212854517611049e+03
2.636794518828452055e+03
2.636794518828452055e+03
2.636794518828452055e+03
2.636794518828452055e+03
2.636794518828452055e+03
2.983056654952291410e+03
2.983056654952291410e+03
2.983056654952291410e+03
3.159392659590372205e+03
3.159392659590372205e+03
3.327295046625429677e+03
3.495197433660486695e+03
3.780796360172906134e+03
3.780796360172906134e+03
4.157748700116116197e+03
4.346667513681663877e+03
4.346667513681663877e+03
4.134020596716526597e+03
3.921373679751389773e+03
3.827123259196583149e+03
3.827123259196583149e+03
3.827123259196583149e+03
3.642209063731764218e+03
3.656442939003645733e+03
3.656442939003645733e+03
3.656442939003645733e+03
3.656442939003645733e+03
3.705580621491055808e+03
3.703734601274549732e+03
3.705580621491055808e+03
3.897144437542020114e+03
3.897144437542020114e+03
3.897144437542020114e+03
3.420836091177872731e+03
2.959350479896085744e+03
2.959350479896085744e+03
3.022217263219312827e+03
3.022217263219312827e+03
3.058484799588100941e+03
3.094752335956888601e+03
3.094752335956888601e+03
3.247795145077076086e+03
3.247795145077076086e+03
3.240950076190476466e+03
3.240950076190476466e+03
3.349776111921515621e+03
3.458602147652554777e+03
3.458602147652554777e+03
3.078057879988241893e+03
3.078057879988241893e+03
3.078057879988241893e+03
2.878637607388316155e+03
2.878637607388316155e+03
2.878637607388316155e+03
3.257199861526104087e+03
3.351883007169376469e+03
3.351883007169376469e+03
3.354591304577534174e+03
3.055439313051061163e+03
3.101296339148692823e+03
3.147153365246324029e+03
3.104402981152396478e+03
3.147153365246324029e+03
3.179043866595801319e+03
3.204273330181817983e+03
3.204273330181817983e+03
3.204273330181817983e+03
3.204273330181817983e+03
2.891142451085023822e+03
2.891142451085023822e+03
3.009428049274909881e+03
3.149533117779108125e+03
3.149533117779108125e+03
3.036750994760609956e+03
2.923968871742111787e+03
2.923968871742111787e+03
3.117253788019560034e+03
3.117253788019560034e+03
3.154459175551311091e+03
2.875381871258590763e+03
2.994088646805383632e+03
3.112795422352176502e+03
2.939559474084256635e+03
3.053218443048236622e+03
3.053218443048236622e+03
3.053218443048236622e+03
3.016291114571264188e+03
3.007901897452777121e+03
2.999512680334290508e+03
3.016291114571264188e+03
3.100390740196978186e+03
3.128242126299724077e+03
3.244675233682025919e+03
3.244675233682025919e+03
3.222801495587399586e+03
3.200927757492773708e+03
3.200927757492773708e+03
3.226473313701108054e+03
3.226473313701108054e+03
3.226473313701108054e+03
3.250554640771298182e+03
3.279137076790520950e+03
3.307719512809744174e+03
3.307719512809744174e+03
3.307719512809744174e+03
2.986729603778316687e+03
2.986729603778316687e+03
3.500012803409696062e+03
3.500012803409696062e+03
3.500012803409696062e+03
3.524929027027027132e+03
3.389634966497357709e+03
3.254340905967688286e+03
3.464397806362379015e+03
3.312309810159865719e+03
3.312309810159865719e+03
3.312309810159865719e+03
3.282072849836505156e+03
3.282072849836505156e+03
3.254931207401270058e+03
3.118922832505594670e+03
3.118922832505594670e+03
3.141574684521640847e+03
3.164226536537687480e+03
3.164226536537687480e+03
3.015536259817977680e+03
3.006303404411225983e+03
3.006303404411225983e+03
2.893284444918872850e+03
2.893284444918872850e+03
2.893284444918872850e+03
2.843623165680472994e+03
2.927841000677659395e+03
2.871331919976112204e+03
2.927841000677659395e+03
2.927841000677659395e+03
2.944117647058823422e+03
2.944117647058823422e+03
2.944117647058823422e+03
2.925424101120118848e+03
2.874127573506654244e+03
2.728392778965369871e+03
2.728392778965369871e+03
2.774725675881519237e+03
2.821058572797669058e+03
2.848764946445959140e+03
2.848764946445959140e+03
2.959651720795783149e+03
2.909036423255406589e+03
2.909036423255406589e+03
2.909036423255406589e+03
2.909036423255406589e+03
2.849718410733725705e+03
2.849718410733725705e+03
2.849718410733725705e+03
2.833766854741896623e+03
2.804293943977406798e+03
2.803161369646888488e+03
2.802028795316370179e+03
2.802028795316370179e+03
2.802028795316370179e+03
2.829240774410076028e+03
2.854999163114397561e+03
2.854999163114397561e+03
2.832615630408729885e+03
2.810232097703062664e+03
2.810232097703062664e+03
2.854362959368530028e+03
2.854362959368530028e+03
2.854362959368530028e+03
2.740580193304384466e+03
2.713898598015992320e+03
2.687217002727600629e+03
2.687217002727600629e+03
2.769671190329620913e+03
2.769671190329620913e+03
2.755003735294117632e+03
2.466420461488462934e+03
2.449110193554148736e+03
2.431799925619834539e+03
2.466420461488462934e+03
2.337504857131407789e+03
2.433099475915221319e+03
2.433099475915221319e+03
2.433099475915221319e+03
2.418706901106961595e+03
2.404314326298701417e+03
2.262890665995074869e+03
2.262890665995074869e+03
2.244619025670945575e+03
2.288762650180216042e+03
2.278786101302855513e+03
2.310864240429118581e+03
2.342942379555381649e+03
2.278786101302855513e+03
1.957885359988514892e+03
1.957885359988514892e+03
2.321969449268171957e+03
2.321969449268171957e+03
2.337444478660629102e+03
2.352919508053086247e+03
2.310620043358866951e+03
2.367774595231716830e+03
2.367774595231716830e+03
2.382017283950617184e+03
2.402505542870456793e+03
2.402505542870456793e+03
2.402505542870456793e+03
2.310161387805064805e+03
2.138401957341269735e+03
2.088109721399981026e+03
2.088109721399981026e+03
2.178344189099433152e+03
2.178344189099433152e+03
2.178344189099433152e+03
2.115660203589886805e+03
2.115660203589886805e+03
2.137291459512675374e+03
2.216496363362171905e+03
2.234915943229511868e+03
2.234915943229511868e+03
2.234915943229511868e+03
2.308677290740256012e+03
2.398968771992653728e+03
2.398968771992653728e+03
2.398968771992653728e+03
2.353107639225455841e+03
2.381925188246480047e+03
2.410742737267504253e+03
2.410742737267504253e+03
2.410742737267504253e+03
2.412905715816162228e+03
2.432654175662145917e+03
2.432654175662145917e+03
2.364728620534219772e+03
2.296803065406293626e+03
2.296803065406293626e+03
2.425122217083309351e+03
2.425122217083309351e+03
2.425122217083309351e+03
2.572523700692041075e+03
2.572523700692041075e+03
2.572523700692041075e+03
2.508140464509393951e+03
2.508140464509393951e+03
2.618062843390259786e+03
2.618062843390259786e+03
2.618062843390259786e+03
2.593952192879520680e+03
2.569841542368781575e+03
2.773034274795591500e+03
2.773034274795591500e+03
3.024261762883998472e+03
3.158788960329855854e+03
3.158788960329855854e+03
3.035146423853824217e+03
2.911503887377792580e+03
2.911503887377792580e+03
2.983729390114068792e+03
3.030497300061912483e+03
2.983729390114068792e+03
2.945575266083254974e+03
2.945575266083254974e+03
2.945575266083254974e+03
2.956399872054590105e+03
3.041444802622422230e+03
3.346120951770016745e+03
3.350492492686817968e+03
3.350492492686817968e+03
3.346299190357930456e+03
3.342105888029043399e+03
3.167399517448483039e+03
3.302707650368794020e+03
3.215333183384660970e+03
3.302707650368794020e+03
3.476544438161909966e+03
3.558847609324857331e+03
3.641150780487805150e+03
3.664447422295571869e+03
3.664447422295571869e+03
3.662781719228839847e+03
3.660357563323781960e+03
3.660357563323781960e+03
3.660357563323781960e+03
3.660357563323781960e+03
3.417417932816537359e+03
3.386935855166801957e+03
3.386935855166801957e+03
3.386935855166801957e+03
3.387654736177201812e+03
3.287316944256358511e+03
3.186979152335515209e+03
3.327133966134288130e+03
2.890082859258214739e+03
2.797280657849299132e+03
2.388559519754768189e+03
2.603576704863304258e+03
2.603576704863304258e+03
2.603576704863304258e+03
2.643110123093882066e+03
2.940411530925459829e+03
2.752982974950297830e+03
2.752982974950297830e+03
2.527117273620289780e+03
2.476236278754932755e+03
2.425355283889576185e+03
2.385696703763976984e+03
2.385696703763976984e+03
2.385696703763976984e+03
2.314811053074978190e+03
2.269108210754168795e+03
2.269108210754168795e+03
2.269108210754168795e+03
2.113331048649599779e+03
2.069646422771574180e+03
2.113331048649599779e+03
2.192293528599378078e+03
2.192293528599378078e+03
2.166194534260163437e+03
2.140095539920948795e+03
1.860031311571827928e+03
2.140095539920948795e+03
2.056282084094456877e+03
2.529187322237075023e+03
2.056282084094456877e+03
2.072655267753484623e+03
2.089028451412512823e+03
1.920524194579392088e+03
2.089028451412512823e+03
2.097546867100109012e+03
2.097546867100109012e+03
1.746059225604789845e+03
1.746059225604789845e+03
1.746059225604789845e+03
1.746059225604789845e+03
1.607656112592806494e+03
1.597227477571458394e+03
1.607656112592806494e+03
1.613684147881764602e+03
1.669336833662085610e+03
1.724989519442406390e+03
1.895467909782683137e+03
1.790117765225744506e+03
1.790117765225744506e+03
1.638634876816902761e+03
1.628519892879647159e+03
1.628519892879647159e+03
1.628519892879647159e+03
1.574489091684694813e+03
1.754943823849041564e+03
1.526206912574203898e+03
2.012851256621210723e+03
1.696563189128337171e+03
1.759420847661332573e+03
1.822278506194327974e+03
1.822278506194327974e+03
1.841975593116164873e+03
1.841975593116164873e+03
1.988503900436232925e+03
1.762339242969782617e+03
1.864190907440897945e+03
1.966042571912013273e+03
1.746409413488350083e+03
1.966042571912013273e+03
1.746409413488350083e+03
2.003472506983715903e+03
1.735186887445887578e+03
1.808478840977756136e+03
1.881770794509624693e+03
1.881770794509624693e+03
1.928287812384404788e+03
1.928287812384404788e+03
1.928287812384404788e+03
1.865962207805581102e+03
2.091559914878400377e+03
2.317157621951219426e+03
2.317157621951219426e+03
2.317157621951219426e+03
2.236308212471536535e+03
2.195822312414733915e+03
1.939235294117647072e+03
2.195822312414733915e+03
1.939235294117647072e+03
1.720617077421678232e+03
1.720617077421678232e+03
1.720617077421678232e+03
2.150466806765760793e+03
2.150466806765760793e+03
2.150466806765760793e+03
2.150466806765760793e+03
2.150466806765760793e+03
2.267171183221864339e+03
2.337639539782855081e+03
2.337639539782855081e+03
2.042685148359368441e+03
2.042685148359368441e+03
2.042685148359368441e+03
2.666577443176945053e+03
2.745456780638602595e+03
2.748824106334841417e+03
2.745456780638602595e+03
2.511205029873337025e+03
2.511205029873337025e+03
2.511205029873337025e+03
2.515593157286490168e+03
2.577441848766217845e+03
2.611339436763953017e+03
2.611339436763953017e+03
2.405618548092797027e+03
2.365367495545633119e+03
2.325116442998469211e+03
2.314313471428572029e+03
2.314313471428572029e+03
2.416398569449255774e+03
2.651153382220892126e+03
2.416398569449255774e+03
2.370200247271173794e+03
2.324001925093091813e+03
2.324001925093091813e+03
2.481019018484644221e+03
2.617152607930924205e+03
2.617152607930924205e+03
2.309033646635989044e+03
2.261567385210924840e+03
2.214101123785860182e+03
2.309033646635989044e+03
2.432742491314899780e+03
2.432742491314899780e+03
2.332196356131236371e+03
2.160375692622068982e+03
2.126636615266808803e+03
2.092897537911549080e+03
2.092897537911549080e+03
2.292646436560370603e+03
2.334250344960741586e+03
2.334250344960741586e+03
2.334250344960741586e+03
2.357689544766519248e+03
2.381128744572296910e+03
2.144264974731674101e+03
2.256038878067783116e+03
2.144264974731674101e+03
2.256038878067783116e+03
2.214258357211078874e+03
2.246347373211207014e+03
2.278436389211335154e+03
2.278436389211335154e+03
2.278436389211335154e+03
2.311115188173626393e+03
2.181761093038386662e+03
2.181761093038386662e+03
2.181761093038386662e+03
2.181761093038386662e+03
2.238405220442583413e+03
2.238405220442583413e+03
2.169887051074178999e+03
2.169887051074178999e+03
2.090597939464919818e+03
2.171110300895035834e+03
2.251622662325151396e+03
2.251622662325151396e+03
2.251622662325151396e+03
2.046998538550056765e+03
2.036038837148576931e+03
2.036038837148576931e+03
2.036038837148576931e+03
2.036038837148576931e+03
2.066071941825623071e+03
2.079378658183104108e+03
2.066071941825623071e+03
2.000799822134388023e+03
2.000799822134388023e+03
2.000799822134388023e+03
2.000799822134388023e+03
2.250006309827695986e+03
2.149884658980817676e+03
2.149884658980817676e+03
