2.834964119077582382e+03
2.834964119077582382e+03
2.834964119077582382e+03
3.045567159359528887e+03
3.045567159359528887e+03
3.045567159359528887e+03
2.972989734220624541e+03
2.893694056669004567e+03
2.814398379117385048e+03
2.814398379117385048e+03
2.882448219394534590e+03
2.976796177131745026e+03
3.083374922950482869e+03
3.190594079828246777e+03
3.238177767336014313e+03
3.285761454843781848e+03
3.285761454843781848e+03
3.228797507255520486e+03
3.191566921014884429e+03
3.191566921014884429e+03
3.862552201382522981e+03
3.862552201382522981e+03
3.379609035690578821e+03
3.368748915189364197e+03
3.368748915189364197e+03
3.368748915189364197e+03
3.368748915189364197e+03
3.368748915189364197e+03
3.148777456152122795e+03
3.148777456152122795e+03
3.148777456152122795e+03
3.148777456152122795e+03
3.088452176115038583e+03
3.088452176115038583e+03
3.088452176115038583e+03
3.104804835092526446e+03
3.121157494070014309e+03
3.121157494070014309e+03
3.142839999437242568e+03
3.183846068181818282e+03
3.142839999437242568e+03
3.200154218838225006e+03
3.241388543138086789e+03
3.282622867437949026e+03
3.282622867437949026e+03
3.281995548512995811e+03
3.203747166357991773e+03
3.281995548512995811e+03
3.306349485315041420e+03
3.306349485315041420e+03
3.306349485315041420e+03
3.258717132220758231e+03
3.255969953171033012e+03
3.232699036233182596e+03
3.210934784569436033e+03
3.232699036233182596e+03
3.206939267335489603e+03
3.181179498437797065e+03
3.181179498437797065e+03
3.086501102965858536e+03
2.996961759643850655e+03
2.865351464990338172e+03
2.812294031213802555e+03
2.798322914251682960e+03
2.784351797289562910e+03
2.784351797289562910e+03
2.784351797289562910e+03
2.729973691279485593e+03
2.722399904465151394e+03
2.613567022039097083e+03
2.579059432008689782e+03
2.544551841978282482e+03
2.548770159030641025e+03
2.544551841978282482e+03
2.548770159030641025e+03
2.446992491628360312e+03
2.493514664969996375e+03
2.493514664969996375e+03
2.493514664969996375e+03
2.493514664969996375e+03
2.438452670746135482e+03
2.351871066151244122e+03
2.351871066151244122e+03
2.351871066151244122e+03
2.317766761893097282e+03
2.283662457634949988e+03
2.239467403830967214e+03
2.140165199984967785e+03
2.140165199984967785e+03
2.140165199984967785e+03
2.157434378470124102e+03
2.157434378470124102e+03
2.157434378470124102e+03
2.157434378470124102e+03
2.113524382719129790e+03
2.043290588365276790e+03
1.996888794946996086e+03
1.996888794946996086e+03
2.036364151696720000e+03
2.075839508446444142e+03
2.075839508446444142e+03
2.066858614693343497e+03
2.066858614693343497e+03
2.087590746787840544e+03
2.160282661221063790e+03
2.168800225841019710e+03
2.177317790460976084e+03
2.167605496561280688e+03
2.167605496561280688e+03
2.102048762977598017e+03
2.102048762977598017e+03
2.229075101232137058e+03
2.229075101232137058e+03
2.229075101232137058e+03
2.154561947727526331e+03
2.154561947727526331e+03
2.188074739131872320e+03
2.188074739131872320e+03
2.188074739131872320e+03
2.145681697732827161e+03
2.103288656333782001e+03
2.210036582783713129e+03
2.210036582783713129e+03
2.210036582783713129e+03
2.000806741928822021e+03
1.996054856458667928e+03
1.998430799193744861e+03
2.000806741928822021e+03
1.996054856458667928e+03
2.047833804601099928e+03
2.045128876266176349e+03
2.104438737832047082e+03
2.075613302389146611e+03
2.190007851672442484e+03
2.304402400955737903e+03
2.480597415847128104e+03
2.480597415847128104e+03
2.359441537627252728e+03
2.297207746209314337e+03
2.297207746209314337e+03
2.369210545132399602e+03
2.441213344055484413e+03
2.532765377337701011e+03
2.532765377337701011e+03
2.462837215111280784e+03
2.462837215111280784e+03
2.689546138015382439e+03
2.689546138015382439e+03
2.689546138015382439e+03
2.316839757813484084e+03
2.316839757813484084e+03
2.495015785298061019e+03
2.532604985943750307e+03
2.495015785298061019e+03
2.490428211496808217e+03
2.485840637695554960e+03
1.736008692116768316e+03
1.736008692116768316e+03
2.361873013297014495e+03
2.421166757220474665e+03
2.361873013297014495e+03
2.447456900298272558e+03
2.533040787299530166e+03
2.473462532704820205e+03
2.528801562079181167e+03
2.473462532704820205e+03
2.512395531030724214e+03
2.512395531030724214e+03
2.512395531030724214e+03
2.512395531030724214e+03
2.488211293081761141e+03
2.468344761939297314e+03
2.266783346524958688e+03
2.266783346524958688e+03
2.337103020496224417e+03
2.337103020496224417e+03
2.337103020496224417e+03
2.350921760886196353e+03
2.138681459931799054e+03
2.138681459931799054e+03
2.138681459931799054e+03
2.041069770635868053e+03
2.041069770635868053e+03
2.041069770635868053e+03
2.041069770635868053e+03
2.024799268619837676e+03
2.024799268619837676e+03
1.961541640474830047e+03
1.902483652452025581e+03
1.870781062590935335e+03
1.839078472729845089e+03
1.839078472729845089e+03
1.796191801310973005e+03
1.796191801310973005e+03
1.796191801310973005e+03
1.603577586590909050e+03
1.494972114981107097e+03
1.386366643371304917e+03
1.386366643371304917e+03
1.386366643371304917e+03
1.173550615370028027e+03
9.839590278920123865e+02
9.839590278920123865e+02
1.052030881345237503e+03
1.120102734798462507e+03
1.347514309204218762e+03
1.218938726122870321e+03
1.218938726122870321e+03
1.215578200137465501e+03
1.215578200137465501e+03
1.198319716312486889e+03
1.181061232487508505e+03
1.312897866917947113e+03
1.181061232487508505e+03
1.312897866917947113e+03
1.571354586188798066e+03
1.571354586188798066e+03
1.642460837543301295e+03
1.713567088897804751e+03
1.713567088897804751e+03
1.713567088897804751e+03
1.902123161099977551e+03
1.887424006815968824e+03
1.887424006815968824e+03
1.887424006815968824e+03
1.887424006815968824e+03
1.974091473666132288e+03
1.974091473666132288e+03
1.974091473666132288e+03
1.943175760995801284e+03
2.127354646526625856e+03
2.053720963177685462e+03
1.980087279828745295e+03
1.980087279828745295e+03
1.980087279828745295e+03
1.893078678366637632e+03
1.893078678366637632e+03
1.893078678366637632e+03
2.073922150497691291e+03
2.254765622628745405e+03
2.254765622628745405e+03
2.247815014876679925e+03
2.247815014876679925e+03
2.121334064024336840e+03
2.287828969957593927e+03
2.228361221676690093e+03
2.168893473395786259e+03
2.279933309057806127e+03
2.279933309057806127e+03
2.348039337314976819e+03
2.405648142309438754e+03
2.367378648759962743e+03
2.406831393723714427e+03
2.446284138687465656e+03
2.367378648759962743e+03
2.361169040098109690e+03
2.361169040098109690e+03
2.356744262295082081e+03
2.418422531251439068e+03
2.396415362553024352e+03
2.374408193854609181e+03
2.531724924251588163e+03
2.531724924251588163e+03
2.593021070139534913e+03
2.593021070139534913e+03
2.566018805453796631e+03
2.561877236445378458e+03
2.557735667436960284e+03
2.566018805453796631e+03
2.646364315142539454e+03
2.646364315142539454e+03
2.622786567622074017e+03
2.591007497426768168e+03
2.580965458629430032e+03
2.570923419832091895e+03
2.570923419832091895e+03
2.570923419832091895e+03
2.570923419832091895e+03
2.651567829936844646e+03
2.651567829936844646e+03
2.659652169826288628e+03
2.667736509715733064e+03
2.651567829936844646e+03
2.667736509715733064e+03
2.624195935510093022e+03
2.598797226584513737e+03
2.598797226584513737e+03
2.612403761824301000e+03
2.626010297064087808e+03
2.898218851720514976e+03
2.901904192243577199e+03
2.901904192243577199e+03
2.840715852842809909e+03
2.840715852842809909e+03
2.888363054859087242e+03
2.936010256875365030e+03
3.049623916229304541e+03
3.049623916229304541e+03
2.919813117166445409e+03
2.867024306839186465e+03
2.919813117166445409e+03
2.893418712002815937e+03
2.867024306839186465e+03
2.819586226475832973e+03
2.819498163189772185e+03
2.819498163189772185e+03
2.819498163189772185e+03
2.635800170639364296e+03
2.633027254177418399e+03
2.630254337715472047e+03
2.630254337715472047e+03
2.751654233480785024e+03
2.751654233480785024e+03
2.751654233480785024e+03
2.881991300097752173e+03
2.881991300097752173e+03
2.881991300097752173e+03
2.778177616514601596e+03
2.778177616514601596e+03
2.778177616514601596e+03
2.614922532660717025e+03
2.614922532660717025e+03
2.665238076848222590e+03
2.715553621035728611e+03
2.836136292249078451e+03
2.715553621035728611e+03
2.706547343895620088e+03
2.706547343895620088e+03
2.863040311238840786e+03
2.863040311238840786e+03
2.863040311238840786e+03
2.863040311238840786e+03
2.745589104317606143e+03
2.657404898860433150e+03
2.499931241096120175e+03
2.499931241096120175e+03
2.506384890300826555e+03
2.512838539505532481e+03
2.812313110341844094e+03
2.878748778406888050e+03
2.878748778406888050e+03
2.923488196069255991e+03
2.778715361267396929e+03
2.747611895301879485e+03
2.716508429336362497e+03
2.716508429336362497e+03
2.833563050847457816e+03
2.833563050847457816e+03
2.888851445991595938e+03
2.690712029778018859e+03
2.789781737884807626e+03
2.888851445991595938e+03
2.809481549565805835e+03
2.809481549565805835e+03
2.651208673894912408e+03
2.651034961848798048e+03
2.651208673894912408e+03
2.720990802719318253e+03
2.790772931543724098e+03
2.933303979332388735e+03
2.911481939931501074e+03
2.933303979332388735e+03
2.983631373266018727e+03
3.406762540708311917e+03
3.406762540708311917e+03
3.479243893434098482e+03
3.479243893434098482e+03
3.479243893434098482e+03
3.171246106889830116e+03
3.171246106889830116e+03
3.416491599717114696e+03
3.416491599717114696e+03
3.416491599717114696e+03
3.292105802702754318e+03
3.245668001862278743e+03
3.243675879450224329e+03
3.243675879450224329e+03
3.243675879450224329e+03
3.227327411226875483e+03
3.210978943003526183e+03
3.174198233458409049e+03
3.174198233458409049e+03
3.070461108792873347e+03
3.070461108792873347e+03
3.115807464107002943e+03
3.146855632130014783e+03
3.177903800153026168e+03
3.115807464107002943e+03
3.111164827835240430e+03
3.111164827835240430e+03
3.207122229125162448e+03
3.216944572569501815e+03
3.216944572569501815e+03
3.216944572569501815e+03
3.124368662313973346e+03
3.124368662313973346e+03
3.194535695433783530e+03
3.194535695433783530e+03
3.175341217363669784e+03
3.175341217363669784e+03
3.175341217363669784e+03
3.159513784119370484e+03
3.259388775144675492e+03
3.120073576876884090e+03
3.259388775144675492e+03
3.407075759766193642e+03
3.407075759766193642e+03
3.316124781912295475e+03
3.298941415498999049e+03
3.237591223862700190e+03
3.109208637181965059e+03
3.109208637181965059e+03
3.109208637181965059e+03
2.990219582570573039e+03
2.990219582570573039e+03
2.979936225986255522e+03
2.979936225986255522e+03
2.857056315639485092e+03
2.757767782710316169e+03
2.728759510957218026e+03
2.696308522013738184e+03
2.663857533070258341e+03
2.659984555383994120e+03
2.659984555383994120e+03
2.659984555383994120e+03
2.502100983820843794e+03
2.445081441329182780e+03
2.407097937864487449e+03
2.369114434399792117e+03
2.316998604152145617e+03
2.282970669291784816e+03
2.261578353743903790e+03
2.256351228492920200e+03
2.256351228492920200e+03
2.248653638015368415e+03
2.240956047537817085e+03
2.183732131975801167e+03
2.142186806300117041e+03
2.142186806300117041e+03
2.142186806300117041e+03
2.119459605957474196e+03
2.115378920450105397e+03
2.111298234942736599e+03
2.089808485776447469e+03
2.060695257219576433e+03
2.029208805019447937e+03
2.040874041930488829e+03
2.040874041930488829e+03
2.047052576504702301e+03
2.053231111078915546e+03
2.053231111078915546e+03
2.053231111078915546e+03
2.112727423344313138e+03
2.120874030075111477e+03
2.153842633306635435e+03
2.153842633306635435e+03
2.153842633306635435e+03
2.153842633306635435e+03
2.207587363874780294e+03
2.207587363874780294e+03
2.194144544409620721e+03
2.194144544409620721e+03
2.161943224212966925e+03
2.129741904016313583e+03
2.188882461203605089e+03
2.188882461203605089e+03
2.188882461203605089e+03
2.169965659128330572e+03
2.169965659128330572e+03
2.173134363674913402e+03
2.176303068221495778e+03
2.180967369339570268e+03
2.176303068221495778e+03
2.128969346708020112e+03
2.128969346708020112e+03
2.174436159799128291e+03
2.174436159799128291e+03
2.174436159799128291e+03
2.174436159799128291e+03
2.214981266753798081e+03
2.214981266753798081e+03
2.214215221282230232e+03
2.207441033049757607e+03
2.207441033049757607e+03
2.207441033049757607e+03
2.207441033049757607e+03
2.269870477883949206e+03
2.325832122208567398e+03
2.325832122208567398e+03
2.267396445933185987e+03
2.267396445933185987e+03
2.267396445933185987e+03
2.285041115171056390e+03
2.302611963769116301e+03
2.339635146597897347e+03
2.402037842697678570e+03
2.402037842697678570e+03
2.405144082019593498e+03
2.408250321341508425e+03
2.427038278241242097e+03
2.427038278241242097e+03
2.427038278241242097e+03
2.499067735783633907e+03
2.499067735783633907e+03
2.451703886055059229e+03
2.404340036326485006e+03
2.324225960367400603e+03
2.324225960367400603e+03
2.283483024962819854e+03
2.283483024962819854e+03
2.330457054069058358e+03
2.330457054069058358e+03
2.330457054069058358e+03
2.284692192300500210e+03
2.187849612210566193e+03
2.155102571526415886e+03
2.121490122575116402e+03
2.121490122575116402e+03
2.121490122575116402e+03
2.121490122575116402e+03
2.115431514872208481e+03
2.115431514872208481e+03
2.115431514872208481e+03
2.099571604875571211e+03
2.099571604875571211e+03
2.099571604875571211e+03
2.099571604875571211e+03
2.096785051698670486e+03
2.082460435068401694e+03
2.087937847735292053e+03
2.087937847735292053e+03
2.122702740058654854e+03
2.127571421770919187e+03
2.132440103483183975e+03
2.132440103483183975e+03
2.132440103483183975e+03
2.093263411613980679e+03
2.093263411613980679e+03
2.051157306744553807e+03
2.027289331327326181e+03
2.003421355910098782e+03
2.051157306744553807e+03
2.003421355910098782e+03
2.075720911043204978e+03
2.244161971795248974e+03
2.244161971795248974e+03
2.136772907828414645e+03
2.029383843861580090e+03
1.964423095238096039e+03
2.029383843861580090e+03
1.969314108078516711e+03
2.074204579070003092e+03
1.969314108078516711e+03
1.996911269347959660e+03
2.024508430617402837e+03
2.024508430617402837e+03
2.093954700058241087e+03
2.093954700058241087e+03
2.093954700058241087e+03
2.078610315338365126e+03
2.100894966897944869e+03
2.123179618457524612e+03
2.123179618457524612e+03
2.123179618457524612e+03
2.096519031697785067e+03
2.096519031697785067e+03
2.342869141219811809e+03
2.342869141219811809e+03
2.342869141219811809e+03
2.342869141219811809e+03
2.388999374315657860e+03
2.388999374315657860e+03
2.385637004320691176e+03
2.331433390393716763e+03
2.219154778511222503e+03
2.106876166628727788e+03
2.106876166628727788e+03
2.187143937780735541e+03
2.378828945610048777e+03
2.378828945610048777e+03
2.378828945610048777e+03
2.366540909586633461e+03
2.354252873563218600e+03
2.413133931960967402e+03
2.413133931960967402e+03
2.413133931960967402e+03
2.610149618219241802e+03
2.427156573788811784e+03
2.510741146497935006e+03
2.594325719207058683e+03
2.427156573788811784e+03
2.594325719207058683e+03
2.395900418736520805e+03
2.435581493166927885e+03
2.435581493166927885e+03
2.389349918962722768e+03
2.389349918962722768e+03
2.428991950337854178e+03
2.384516388610387821e+03
2.428991950337854178e+03
2.750251235431236182e+03
2.750251235431236182e+03
2.750251235431236182e+03
2.750251235431236182e+03
2.947866074478421069e+03
3.167154704875027164e+03
2.947866074478421069e+03
3.167154704875027164e+03
3.241919907407407209e+03
3.241919907407407209e+03
3.241919907407407209e+03
3.197139118630689154e+03
3.141880612401374947e+03
3.049104067057328848e+03
3.049104067057328848e+03
3.226301894574327434e+03
3.226301894574327434e+03
3.226301894574327434e+03
3.013519574325581289e+03
2.988754626032512078e+03
2.988754626032512078e+03
2.988754626032512078e+03
3.191581507410136965e+03
3.235169296903402483e+03
3.278757086396668001e+03
3.298219632471274508e+03
3.298219632471274508e+03
2.982639843984398340e+03
2.888187972259600429e+03
2.938122507281650542e+03
2.938122507281650542e+03
2.938122507281650542e+03
2.888187972259600429e+03
2.888187972259600429e+03
2.888187972259600429e+03
2.835493382839193600e+03
2.826057379641727948e+03
2.822171696431081727e+03
2.818286013220435962e+03
2.616597577021424513e+03
2.554636551904303815e+03
2.554636551904303815e+03
2.404804947416552295e+03
2.376544599680890315e+03
2.376544599680890315e+03
2.376544599680890315e+03
2.409742922942157293e+03
2.409742922942157293e+03
2.485641601198241005e+03
2.367951362012158825e+03
2.300186444496232525e+03
2.241977704752176578e+03
2.183768965008120631e+03
2.119482239255569766e+03
2.119482239255569766e+03
2.119482239255569766e+03
2.079690845306179199e+03
2.098035065865200522e+03
2.098035065865200522e+03
2.098035065865200522e+03
2.098035065865200522e+03
2.098741107074900356e+03
1.931354858162230357e+03
1.936774370123294830e+03
1.878713783804608056e+03
1.874254019135402359e+03
1.869794254466196890e+03
1.869794254466196890e+03
1.869794254466196890e+03
1.744322946089951074e+03
1.694132292434899682e+03
1.694132292434899682e+03
1.727921712265233054e+03
1.761711132095566199e+03
1.858013466237079228e+03
1.974923069022185700e+03
1.974923069022185700e+03
2.027021437698879936e+03
1.835147251244995914e+03
1.817506439142717227e+03
1.799865627040438312e+03
1.799865627040438312e+03
1.850337981072555522e+03
1.921199533836188039e+03
1.850337981072555522e+03
1.904557020317268325e+03
1.855085214779706121e+03
1.805613409242143916e+03
1.810059336001231941e+03
1.810059336001231941e+03
1.810059336001231941e+03
1.714104177323102931e+03
1.714104177323102931e+03
1.714104177323102931e+03
1.714104177323102931e+03
1.754735085432956794e+03
1.418172982588801005e+03
1.697838147686732100e+03
1.250602284341006907e+03
1.589912248737498885e+03
1.538510734411903741e+03
1.487109220086308369e+03
1.589912248737498885e+03
1.637824663876536761e+03
1.637824663876536761e+03
1.672033939687093380e+03
1.830223234748794994e+03
1.830223234748794994e+03
1.830223234748794994e+03
1.830223234748794994e+03
1.903270685352758846e+03
2.052926038132170106e+03
1.903270685352758846e+03
2.009879270087812756e+03
1.974904628952106805e+03
1.939929987816400853e+03
1.939929987816400853e+03
1.880474939287786810e+03
1.880474939287786810e+03
1.927523029865124727e+03
2.077473082743175382e+03
2.073597480289035957e+03
2.069721877834896077e+03
2.277839319767128018e+03
2.069721877834896077e+03
2.296123798161894683e+03
2.248451914834141007e+03
2.296123798161894683e+03
2.425921314934582369e+03
2.555718831707270510e+03
4.556986791471658762e+03
4.556986791471658762e+03
2.530803815517848761e+03
2.045545475345784098e+03
2.103245453323756465e+03
2.103245453323756465e+03
2.103245453323756465e+03
2.515292937600718233e+03
2.515292937600718233e+03
2.477912698081926919e+03
2.477912698081926919e+03
2.974147937517538139e+03
3.020454876321794472e+03
3.066761815126050806e+03
2.984310117068128875e+03
3.066761815126050806e+03
2.984310117068128875e+03
3.088257014411781256e+03
3.398000904502219782e+03
3.442041823542416751e+03
3.486082742582613264e+03
3.789776675665440962e+03
3.789776675665440962e+03
3.842710597037631942e+03
3.883665961073324979e+03
3.883665961073324979e+03
3.737771465544718922e+03
3.591876970016112864e+03
3.521351115830084382e+03
3.376280159504216044e+03
3.232535378574103106e+03
3.232535378574103106e+03
3.954375568279663185e+03
3.954375568279663185e+03
3.309225550699301039e+03
3.309225550699301039e+03
3.213400349794238537e+03
3.213400349794238537e+03
3.112753108108107881e+03
3.112753108108107881e+03
3.207423003631216943e+03
3.302092899154326005e+03
3.302092899154326005e+03
3.039162953776775794e+03
3.039162953776775794e+03
3.039162953776775794e+03
3.034865509043445854e+03
3.034865509043445854e+03
3.034865509043445854e+03
3.072660303679842855e+03
3.072660303679842855e+03
3.007806770574983148e+03
3.007806770574983148e+03
2.962315848574080064e+03
2.962315848574080064e+03
2.962315848574080064e+03
2.962315848574080064e+03
2.912787367932809047e+03
3.006255524682897885e+03
2.912787367932809047e+03
2.904194440964509340e+03
2.868443029397374630e+03
2.832691617830240375e+03
2.832691617830240375e+03
2.854691071010781798e+03
2.854691071010781798e+03
2.741386371646335192e+03
2.739819763853854056e+03
2.739819763853854056e+03
2.739819763853854056e+03
2.792785421150185812e+03
2.792785421150185812e+03
2.773329787283374117e+03
2.738525747347579909e+03
2.743971925773006205e+03
2.736189386854107397e+03
2.728406847935208589e+03
2.729800935649906023e+03
2.728406847935208589e+03
2.664978354408806808e+03
2.631690832273568503e+03
2.582425978394982394e+03
2.570052717661978022e+03
2.557679456928973195e+03
2.480568632711096143e+03
2.460891510067272975e+03
2.369288147746070081e+03
2.369288147746070081e+03
2.384569002354243821e+03
2.403421246572235304e+03
2.422273490790226788e+03
2.384569002354243821e+03
2.360147133992056752e+03
2.357636012906770702e+03
2.237730065522574023e+03
2.182325345878076860e+03
2.178877533372034122e+03
2.175429720865991385e+03
2.150782582351004294e+03
2.150782582351004294e+03
2.150782582351004294e+03
2.061808277866507069e+03
2.052998920111499956e+03
2.030763915579886543e+03
2.008528911048272903e+03
2.008528911048272903e+03
2.008528911048272903e+03
2.042882122340015940e+03
2.042882122340015940e+03
2.008689956587282040e+03
1.984646432083232867e+03
1.960602907579183920e+03
1.958156250970253950e+03
1.948866495400001668e+03
1.948866495400001668e+03
1.948866495400001668e+03
1.911792145775946437e+03
1.936929257460295275e+03
1.962066369144644113e+03
1.863417372945827992e+03
1.958587179723579993e+03
1.801990972051914014e+03
1.787645154161804612e+03
1.787645154161804612e+03
1.783979264139304178e+03
1.780313374116803516e+03
1.716706585061636815e+03
1.694734599533086111e+03
1.650740451937532725e+03
1.630377834714682194e+03
1.599137186922077490e+03
1.599137186922077490e+03
1.599137186922077490e+03
1.570601114920935515e+03
1.570601114920935515e+03
1.540213581517875582e+03
1.437060010015897660e+03
1.385347644387750506e+03
1.385347644387750506e+03
1.385347644387750506e+03
1.398017119141169587e+03
1.398017119141169587e+03
1.300115727372645551e+03
1.172253455230714508e+03
1.172253455230714508e+03
1.297716904810541791e+03
1.423180354390369075e+03
1.485198627267097208e+03
1.485198627267097208e+03
1.355147693227951777e+03
1.355147693227951777e+03
1.621863340138064814e+03
1.648215222328167783e+03
1.674567104518270753e+03
1.699150995441860687e+03
1.699150995441860687e+03
1.827583941227410378e+03
1.478387986505245181e+03
1.705441338490040380e+03
1.693568416945855915e+03
1.681695495401671224e+03
1.705441338490040380e+03
1.681695495401671224e+03
1.674354914577530508e+03
1.674354914577530508e+03
1.872362466930018400e+03
1.872362466930018400e+03
1.872362466930018400e+03
1.824831912954454765e+03
1.697319723300287706e+03
1.697319723300287706e+03
1.714938754154951084e+03
1.714938754154951084e+03
1.610333511464287312e+03
1.505728268773623540e+03
1.505728268773623540e+03
1.537565995427582720e+03
1.537565995427582720e+03
1.898869510682563941e+03
1.802948023146516334e+03
1.895744003915452595e+03
1.988539984684389083e+03
1.805570237026159020e+03
1.950347850055126855e+03
1.805570237026159020e+03
1.686660584205967780e+03
1.667521848894903087e+03
1.667521848894903087e+03
1.667521848894903087e+03
1.667521848894903087e+03
1.785730875337176485e+03
1.870042247191011938e+03
1.870042247191011938e+03
1.953301833732466321e+03
1.843097686205816444e+03
1.732893538679166795e+03
1.953301833732466321e+03
1.732893538679166795e+03
1.718186555719234093e+03
1.718186555719234093e+03
1.760366458917403406e+03
1.778962740212272593e+03
1.797559021507141779e+03
1.797559021507141779e+03
1.638042655755730493e+03
1.592001838768992457e+03
1.568998998755209186e+03
1.568998998755209186e+03
1.639171618701962871e+03
1.709344238648716555e+03
1.831976235442240750e+03
1.831976235442240750e+03
1.782720563885530055e+03
1.782720563885530055e+03
1.782720563885530055e+03
1.777924519341848736e+03
1.773128474798167190e+03
1.773128474798167190e+03
1.773128474798167190e+03
1.642285137085136967e+03
1.642285137085136967e+03
1.665506468745744314e+03
1.665506468745744314e+03
1.665506468745744314e+03
1.587680589588904695e+03
1.587680589588904695e+03
1.951702081303692694e+03
1.951702081303692694e+03
1.893828329279182071e+03
1.812336336322107854e+03
1.730844343365033410e+03
1.893828329279182071e+03
1.826020724195647972e+03
2.034828525558029924e+03
1.826020724195647972e+03
2.034828525558029924e+03
2.051632930013218356e+03
2.068437334468407244e+03
2.168846839173074386e+03
2.168846839173074386e+03
1.944196415997678287e+03
1.944196415997678287e+03
1.962179256253520407e+03
2.048295326054162160e+03
2.134411395854804141e+03
1.962179256253520407e+03
2.357502475649608186e+03
2.478855769230769056e+03
2.510671343667668225e+03
2.478855769230769056e+03
2.386636372492753253e+03
2.294416975754737905e+03
2.294416975754737905e+03
2.365747298822770517e+03
2.395207644141560650e+03
2.395207644141560650e+03
2.395207644141560650e+03
2.367141464465183162e+03
2.367141464465183162e+03
2.367141464465183162e+03
2.367141464465183162e+03
2.290591894816578133e+03
2.361527722377344162e+03
2.361527722377344162e+03
2.384850568221741469e+03
2.408173414066138776e+03
2.434291014884979177e+03
2.758446386540213098e+03
2.758446386540213098e+03
2.773375313501730943e+03
2.687728587826826697e+03
2.712059311392335985e+03
2.736390034957844819e+03
2.687728587826826697e+03
2.658071342779149745e+03
2.658071342779149745e+03
2.718864349131740710e+03
2.779769326508921949e+03
2.749316837820331330e+03
2.718864349131740710e+03
2.759325272648742157e+03
2.384196088803827934e+03
2.759325272648742157e+03
2.741393375748502876e+03
2.745915371729049184e+03
2.743654373738776030e+03
2.741393375748502876e+03
2.745915371729049184e+03
2.925177597209784381e+03
2.925177597209784381e+03
2.848574749082007202e+03
2.848574749082007202e+03
2.930674205926439299e+03
3.012773662770871397e+03
3.216965182790733252e+03
3.210043140813810169e+03
3.216965182790733252e+03
3.210043140813810169e+03
3.101887091817133751e+03
2.875329049833880163e+03
2.648771007850626120e+03
3.101887091817133751e+03
3.270254635833360226e+03
3.270254635833360226e+03
3.270254635833360226e+03
3.242644527994128111e+03
3.295493185336782517e+03
3.348341842679436468e+03
3.346039638526174258e+03
3.348341842679436468e+03
3.346039638526174258e+03
3.240952999947588978e+03
3.240952999947588978e+03
3.177169245143096305e+03
3.113385490338603176e+03
3.225348994769017281e+03
3.225348994769017281e+03
3.225348994769017281e+03
3.294861750998668413e+03
3.294861750998668413e+03
3.294861750998668413e+03
3.294861750998668413e+03
3.368527846844519445e+03
3.258522537324687164e+03
3.238641586800573805e+03
2.718375788123167240e+03
2.718375788123167240e+03
3.141888550333857893e+03
3.565401312544548091e+03
3.565401312544548091e+03
3.462319689571967956e+03
3.229577029795573708e+03
3.229577029795573708e+03
3.177302108042118562e+03
3.044708433751766279e+03
2.912114759461413996e+03
2.912114759461413996e+03
3.205479601406799247e+03
3.306273741822656575e+03
3.313492248899717197e+03
3.636980266571249558e+03
3.636980266571249558e+03
3.636980266571249558e+03
3.620200051567065657e+03
3.582936647921002077e+03
3.582936647921002077e+03
3.371114155027933066e+03
3.371114155027933066e+03
3.288107241320518824e+03
3.205100327613104582e+03
3.295473757568112887e+03
3.205100327613104582e+03
3.196433112694064221e+03
3.196433112694064221e+03
3.512037677759859434e+03
3.512037677759859434e+03
3.512037677759859434e+03
3.202539711527915188e+03
3.097847198395173109e+03
3.202539711527915188e+03
3.353406216183720062e+03
3.387747254525508197e+03
3.387747254525508197e+03
3.387747254525508197e+03
3.401367895315458100e+03
3.962247846663512064e+03
3.962247846663512064e+03
3.782099870368514530e+03
3.557019638670329641e+03
3.557019638670329641e+03
3.557019638670329641e+03
3.516238415047629587e+03
3.516238415047629587e+03
3.518159149969641021e+03
3.728979925889056176e+03
3.518159149969641021e+03
3.802209994209983961e+03
3.824272632635503214e+03
3.934581243665956208e+03
3.934581243665956208e+03
3.818286968426685689e+03
3.818286968426685689e+03
3.989246227003430249e+03
3.989246227003430249e+03
3.898523540581597899e+03
3.892081256813080927e+03
3.892081256813080927e+03
3.892081256813080927e+03
3.626747773578999841e+03
3.626747773578999841e+03
3.441709876543209703e+03
3.441709876543209703e+03
3.441709876543209703e+03
3.022531619423417396e+03
2.801229895554849008e+03
2.693515000374626652e+03
2.693515000374626652e+03
2.693515000374626652e+03
2.693515000374626652e+03
2.775668575336353115e+03
2.775668575336353115e+03
2.764952184234048673e+03
2.761498188191153076e+03
2.761498188191153076e+03
2.761498188191153076e+03
2.761498188191153076e+03
2.825583022181146134e+03
2.825583022181146134e+03
2.822648201651933050e+03
2.686468138981615539e+03
2.778732266998154046e+03
2.778732266998154046e+03
2.778732266998154046e+03
2.778732266998154046e+03
2.848509151969908089e+03
2.848509151969908089e+03
2.848509151969908089e+03
2.974933352896093766e+03
2.974933352896093766e+03
2.974933352896093766e+03
2.983252727478333782e+03
3.010574728339620378e+03
3.010574728339620378e+03
2.980001277302337257e+03
2.917949383169934208e+03
2.777864777859054811e+03
2.637780172548175869e+03
2.502286396085158685e+03
2.495463510805292117e+03
2.502061938242076394e+03
2.444448127543756982e+03
2.444448127543756982e+03
2.405253827667765108e+03
2.366059527791772780e+03
2.337703507320521112e+03
2.315281317159877290e+03
2.256767328425103187e+03
2.253825953082330216e+03
2.253825953082330216e+03
2.233001312434139436e+03
2.212176671785948201e+03
2.212176671785948201e+03
2.231537200241116807e+03
2.231537200241116807e+03
2.235970286563415812e+03
2.279875842880122946e+03
2.294696361025870829e+03
2.309516879171618257e+03
2.412199215524944975e+03
2.412199215524944975e+03
2.502180557234752996e+03
2.502180557234752996e+03
2.538864334801290170e+03
2.538864334801290170e+03
2.538864334801290170e+03
2.479744174746915178e+03
2.474698863441245976e+03
2.450195995659532855e+03
2.446916174604502430e+03
2.379402959039726738e+03
2.376455712324095657e+03
2.373508465608465031e+03
2.365054481881070387e+03
2.341646899860813392e+03
2.301814462227013337e+03
2.285224142052556999e+03
2.240271406526207102e+03
2.241761056679422836e+03
2.243250706832638116e+03
2.243250706832638116e+03
2.250182358027960618e+03
2.250182358027960618e+03
2.277387291533057578e+03
2.241859050073036542e+03
2.238358960122276585e+03
2.234858870171516173e+03
2.233014653515488135e+03
2.233014653515488135e+03
2.256607110507397920e+03
2.256607110507397920e+03
2.216900384488615146e+03
2.214981685673481024e+03
2.213062986858346903e+03
2.213062986858346903e+03
2.214744726690620155e+03
2.214744726690620155e+03
2.214899135949069205e+03
2.175987169758007440e+03
2.165490265285142414e+03
2.154993360812277842e+03
2.109492452289500761e+03
2.109492452289500761e+03
2.084614102601403374e+03
2.084614102601403374e+03
2.076595252205207998e+03
2.037119169627827205e+03
1.997643087050446411e+03
1.964947973012138391e+03
1.944894795146085016e+03
1.928961880709196294e+03
1.928961880709196294e+03
1.893417020483024316e+03
1.850640897279732599e+03
1.807864774076440881e+03
1.739304001817442895e+03
1.807864774076440881e+03
1.791815966330926585e+03
1.802247427151328793e+03
1.791815966330926585e+03
1.797031696741127689e+03
1.802247427151328793e+03
1.889565073681713557e+03
1.971770320288587527e+03
2.024482912290176046e+03
2.055975766136159109e+03
2.055975766136159109e+03
2.091755614767276711e+03
2.127535463398393858e+03
2.122438817786775871e+03
2.127535463398393858e+03
2.254315701269420060e+03
2.296579624161073752e+03
2.296579624161073752e+03
2.296579624161073752e+03
2.296579624161073752e+03
2.341476960423716264e+03
2.408184573503548108e+03
2.341476960423716264e+03
2.257309608010746160e+03
2.257309608010746160e+03
2.194033232555153518e+03
2.130756857099560420e+03
2.272886013970688964e+03
2.173441282821022469e+03
2.209103534795764062e+03
2.176532430745745842e+03
2.209103534795764062e+03
2.262960589555069419e+03
2.316817644314374320e+03
2.316817644314374320e+03
2.282678763182967941e+03
2.282678763182967941e+03
2.122928914928203994e+03
2.316160870662460184e+03
2.316160870662460184e+03
2.316160870662460184e+03
2.316160870662460184e+03
2.388389975106164911e+03
2.413266847123221851e+03
2.459727802099715063e+03
2.517519251441415236e+03
2.517519251441415236e+03
2.517519251441415236e+03
2.609795190036850727e+03
2.609795190036850727e+03
2.727528311615993061e+03
2.969792458890030957e+03
2.727528311615993061e+03
2.722279432951578201e+03
2.717030554287163795e+03
2.645460139483909643e+03
2.645460139483909643e+03
2.645460139483909643e+03
2.667669934640523024e+03
2.667669934640523024e+03
2.627873830022866514e+03
2.588077725405210003e+03
2.552150193295557074e+03
2.552150193295557074e+03
2.552150193295557074e+03
2.526925302151911183e+03
2.526925302151911183e+03
2.508939178288099356e+03
2.490953054424287529e+03
2.490953054424287529e+03
2.524813695738223942e+03
2.524813695738223942e+03
2.592497946548976415e+03
2.763280100755668172e+03
2.763280100755668172e+03
2.763280100755668172e+03
2.524582090696515479e+03
2.524582090696515479e+03
2.462283013076309089e+03
2.499931078323128986e+03
2.499931078323128986e+03
2.525763026964355049e+03
2.551594975605581112e+03
2.551594975605581112e+03
2.588685042059325951e+03
2.514193345829428381e+03
2.588685042059325951e+03
2.595936611432493009e+03
2.595936611432493009e+03
2.595936611432493009e+03
2.471501826658779919e+03
2.471501826658779919e+03
2.570994499555888069e+03
2.601970514665724750e+03
2.570994499555888069e+03
2.616125209090687804e+03
2.661255918625487539e+03
2.661255918625487539e+03
2.749263642227477703e+03
2.749263642227477703e+03
2.735296147519032729e+03
2.524422685892750451e+03
2.518566875914379580e+03
2.512711065936008708e+03
2.512711065936008708e+03
2.846290929125470029e+03
2.856683974526453312e+03
2.856683974526453312e+03
2.856683974526453312e+03
2.841538320087362990e+03
2.826392665648272214e+03
2.826392665648272214e+03
2.943088963389208402e+03
2.943088963389208402e+03
2.943088963389208402e+03
2.953038483248663397e+03
2.953038483248663397e+03
2.953038483248663397e+03
2.972150181788036207e+03
3.032794123797574230e+03
3.032794123797574230e+03
3.253836115160349891e+03
3.138338832381035445e+03
3.155003655528660602e+03
3.171668478676286213e+03
3.171668478676286213e+03
3.171668478676286213e+03
3.300496499781754665e+03
3.270756085505992814e+03
3.343197944012815242e+03
3.306977014759404028e+03
3.270756085505992814e+03
3.393049891816214767e+03
3.188334746558293318e+03
3.188334746558293318e+03
3.188334746558293318e+03
3.238854851969938863e+03
3.238854851969938863e+03
3.238854851969938863e+03
3.238854851969938863e+03
3.332700216616350190e+03
3.332700216616350190e+03
3.062259389640441896e+03
3.062259389640441896e+03
3.068744897927879265e+03
3.075230406215316634e+03
3.237588458586281831e+03
3.075230406215316634e+03
3.054117531875291206e+03
3.054117531875291206e+03
3.054117531875291206e+03
3.026087175514905539e+03
2.998056819154520326e+03
2.923590860559470457e+03
2.998056819154520326e+03
2.998436920673494569e+03
3.161542427910608694e+03
2.998436920673494569e+03
3.049931277487849911e+03
3.101425634302205253e+03
3.026743937715309130e+03
3.026743937715309130e+03
2.858202519845982351e+03
2.858202519845982351e+03
2.958008876753133791e+03
2.994694554598834202e+03
3.031380232444534613e+03
3.031380232444534613e+03
3.074334814069472486e+03
2.945335146390887985e+03
2.683130932080024195e+03
2.683130932080024195e+03
2.831681878065640376e+03
2.980232824051257012e+03
2.980232824051257012e+03
2.758252421089859126e+03
2.528166030688294541e+03
2.528166030688294541e+03
2.832951413754994519e+03
2.832951413754994519e+03
2.832951413754994519e+03
2.327920942534262849e+03
2.327920942534262849e+03
2.209076455325660390e+03
2.403158813352200013e+03
2.626151679297748160e+03
2.626151679297748160e+03
2.626151679297748160e+03
2.394861774724757652e+03
2.394861774724757652e+03
2.402768704232864820e+03
2.875633277373624423e+03
2.402768704232864820e+03
2.272633564198238673e+03
2.142498424163612981e+03
2.142498424163612981e+03
2.248677095732018188e+03
2.248677095732018188e+03
2.433685289950410152e+03
2.786768750000000182e+03
2.786768750000000182e+03
2.786768750000000182e+03
1.975288116093606959e+03
1.252957570667663276e+03
1.324083848509668314e+03
1.324083848509668314e+03
2.164226427833441903e+03
2.164226427833441903e+03
2.164226427833441903e+03
2.164226427833441903e+03
2.301475519930676001e+03
2.301475519930676001e+03
2.328396210113432062e+03
2.328396210113432062e+03
2.328396210113432062e+03
2.328396210113432062e+03
1.934933526645432721e+03
1.934933526645432721e+03
1.817683353251981089e+03
2.052432460942488433e+03
2.052432460942488433e+03
2.052432460942488433e+03
2.052432460942488433e+03
2.227859677518456010e+03
2.395337568779294998e+03
2.673567119227109288e+03
