6.947209166226912203e+03
6.947209166226912203e+03
9.690051639610390339e+03
9.690051639610390339e+03
8.651133870156014382e+03
8.294302412899511182e+03
8.651133870156014382e+03
8.764986608903509477e+03
8.878839347651006392e+03
9.494344623655913892e+03
9.494344623655913892e+03
9.026306166587415646e+03
8.696637263709677427e+03
8.696637263709677427e+03
8.449013058656997600e+03
8.201388853604319593e+03
8.060652026027802094e+03
7.857101532208183016e+03
7.857101532208183016e+03
7.857101532208183016e+03
7.574841012420904008e+03
7.401881517922745843e+03
7.228922023424588588e+03
7.228922023424588588e+03
7.228922023424588588e+03
7.228922023424588588e+03
7.228922023424588588e+03
7.228922023424588588e+03
7.228922023424588588e+03
7.228922023424588588e+03
7.228922023424588588e+03
7.228922023424588588e+03
8.271913806389158708e+03
8.271913806389158708e+03
9.008501312551270530e+03
8.327131997577096627e+03
7.645762682602921814e+03
7.645762682602921814e+03
7.645762682602921814e+03
7.426303530018036327e+03
7.427841809976826880e+03
7.410101469648562670e+03
6.985419899752492711e+03
6.560738329856423661e+03
6.494914815887963414e+03
6.527768802979808243e+03
6.123041424532058045e+03
5.939379993041057787e+03
5.939379993041057787e+03
5.768343476664267655e+03
5.597306960287478432e+03
5.574896921149594164e+03
5.574896921149594164e+03
5.796652846008323650e+03
5.796652846008323650e+03
5.412488326543403673e+03
5.412488326543403673e+03
5.412488326543403673e+03
6.154197361477572485e+03
6.212691975633943002e+03
6.212691975633943002e+03
6.212691975633943002e+03
6.254390180421371042e+03
6.570771719468973970e+03
6.887153258516576898e+03
6.900509136484848568e+03
6.900509136484848568e+03
6.315594826411633221e+03
6.244505656732892021e+03
6.203222566631518021e+03
6.223864111682205476e+03
6.244505656732892021e+03
6.203222566631518021e+03
6.051462767490324040e+03
6.043033712240748173e+03
5.899730378869112428e+03
5.899730378869112428e+03
5.877421341954820491e+03
5.855112305040528554e+03
5.362593657558376435e+03
4.934408921609726349e+03
5.235063552681678630e+03
5.235063552681678630e+03
5.235063552681678630e+03
5.220274159693966794e+03
5.205484766706255868e+03
5.205484766706255868e+03
5.205484766706255868e+03
5.153392059134106603e+03
5.153392059134106603e+03
5.249582169362512104e+03
5.300365607159679712e+03
5.351149044956846410e+03
5.351149044956846410e+03
5.675985457422094441e+03
6.018627137377390682e+03
6.101627371594334363e+03
6.101627371594334363e+03
6.101627371594334363e+03
6.101627371594334363e+03
5.898401850818977437e+03
6.063054013605442378e+03
5.972070908989224336e+03
5.979690949040817941e+03
5.972070908989224336e+03
5.975880929015021138e+03
5.979690949040817941e+03
6.091583588857260111e+03
6.091583588857260111e+03
6.091583588857260111e+03
6.042004093514869055e+03
6.159843797221721616e+03
6.100923945368294881e+03
6.042004093514869055e+03
5.851219684028435040e+03
5.851219684028435040e+03
5.841646902963392677e+03
5.967996876938599598e+03
5.839286777646201699e+03
5.937837053975457820e+03
6.036387330304714851e+03
5.734800057419930454e+03
5.734800057419930454e+03
5.734800057419930454e+03
9.376839552238803662e+03
9.376839552238803662e+03
8.794232582434198775e+03
8.211625612629593888e+03
7.288922410022779331e+03
6.827551659480823218e+03
6.827551659480823218e+03
6.827551659480823218e+03
5.656757630555962351e+03
5.656757630555962351e+03
5.656757630555962351e+03
6.898527280943186270e+03
6.898527280943186270e+03
6.898527280943186270e+03
7.206397052927729419e+03
7.206397052927729419e+03
7.033170851346493691e+03
6.859944649765257964e+03
6.749637177033493572e+03
6.717700775988286296e+03
6.588965949898325562e+03
6.717700775988286296e+03
6.814864417475728260e+03
6.898460935463251190e+03
6.982057453450774119e+03
6.814864417475728260e+03
6.958503862126245622e+03
6.958503862126245622e+03
7.338314024936281385e+03
7.338314024936281385e+03
6.932646192677602812e+03
6.526978360418924240e+03
6.526978360418924240e+03
6.529338316279069659e+03
7.027137140529745921e+03
7.883931320459289964e+03
7.943941088804040191e+03
7.943941088804040191e+03
7.943941088804040191e+03
7.834191002610164105e+03
7.618380378720896260e+03
7.618380378720896260e+03
8.928468760907504475e+03
9.070355130149102479e+03
9.070355130149102479e+03
9.070355130149102479e+03
8.519047031016441906e+03
7.294950361820681792e+03
7.790929805473992928e+03
7.608424485401459606e+03
7.790929805473992928e+03
7.699677145437726722e+03
7.608424485401459606e+03
7.347624350779065026e+03
7.295819417836500179e+03
7.054530519572953381e+03
7.295819417836500179e+03
5.678186569448078444e+03
6.975394512168436449e+03
8.272602454888794455e+03
6.408242264738190897e+03
9.505284011646715953e+03
6.408242264738190897e+03
6.321956207650272518e+03
5.991425104787116652e+03
5.991425104787116652e+03
5.991425104787116652e+03
7.513205286865812923e+03
7.513205286865812923e+03
7.513205286865812923e+03
7.783641551724137571e+03
7.783641551724137571e+03
8.466662682254762331e+03
9.149683812785388000e+03
1.031683361609306849e+04
1.031683361609306849e+04
7.701729676140119409e+03
7.701729676140119409e+03
1.114935906040268310e+04
1.114935906040268310e+04
1.114935906040268310e+04
1.114935906040268310e+04
1.290527755102040828e+04
1.293238511287370602e+04
1.290527755102040828e+04
1.134078630073800741e+04
1.134078630073800741e+04
1.134078630073800741e+04
1.172179885714285774e+04
1.179912890452261126e+04
1.264344792833146857e+04
1.264344792833146857e+04
1.161158322188449529e+04
1.108208374057187757e+04
1.055258425925925985e+04
1.006077156835848473e+04
9.987149808016372845e+03
9.735866287503262356e+03
9.874471624472571420e+03
8.738569807460891752e+03
9.306520715966731586e+03
9.874471624472571420e+03
9.920871201936004582e+03
9.920871201936004582e+03
9.273089577205884780e+03
9.273089577205884780e+03
9.141623971238937884e+03
9.532791677907518533e+03
9.923959384576099183e+03
9.141623971238937884e+03
9.923959384576099183e+03
9.795095131626398143e+03
1.054269875834446066e+04
1.007319391529818313e+04
1.007319391529818313e+04
1.007319391529818313e+04
7.975385235546038530e+03
7.975385235546038530e+03
7.975385235546038530e+03
8.236656596254812030e+03
9.448500553239864530e+03
1.027464891519931916e+04
1.110079727715877561e+04
9.448500553239864530e+03
1.110079727715877561e+04
1.090970825621824042e+04
1.376625627853881269e+04
1.090970825621824042e+04
9.904405241754120652e+03
8.899102227290002702e+03
8.899102227290002702e+03
1.127854573607220846e+04
1.164626516561220888e+04
1.164626516561220888e+04
1.164626516561220888e+04
1.129239495100094609e+04
1.093852473638968331e+04
9.736851632736155807e+03
9.736851632736155807e+03
1.034753549025487155e+04
1.037027867118643917e+04
1.037027867118643917e+04
1.064266398746441337e+04
1.091504930374238575e+04
8.561162438631790792e+03
8.561162438631790792e+03
8.560622792945925539e+03
8.049862357476061334e+03
8.560622792945925539e+03
9.474414406015039276e+03
9.474414406015039276e+03
8.408399999999999636e+03
8.408399999999999636e+03
8.408399999999999636e+03
8.408399999999999636e+03
8.408399999999999636e+03
8.743322429906540492e+03
9.078244859813083167e+03
9.625705937794531565e+03
9.625705937794531565e+03
9.621259139175257587e+03
9.479060974358973908e+03
7.669695660714286532e+03
7.669695660714286532e+03
7.669695660714286532e+03
8.276979665485470832e+03
8.701615499067163910e+03
8.986866059027777737e+03
8.986866059027777737e+03
8.548969795918366799e+03
8.548969795918366799e+03
8.548969795918366799e+03
8.660857942469987393e+03
8.660857942469987393e+03
8.545205778491172168e+03
7.381031295597484132e+03
7.666807532710279702e+03
7.666807532710279702e+03
7.666807532710279702e+03
7.770622820960697936e+03
7.770622820960697936e+03
7.731192358313817749e+03
7.731192358313817749e+03
8.097160849710982802e+03
8.252527955014222243e+03
8.407895060317459865e+03
8.153878682085969558e+03
8.153878682085969558e+03
8.153878682085969558e+03
7.664013580441638624e+03
7.664013580441638624e+03
7.664013580441638624e+03
7.664013580441638624e+03
7.274408966861598856e+03
7.754119592400690635e+03
7.754119592400690635e+03
8.195308668076109825e+03
8.195308668076109825e+03
8.128930453870196288e+03
8.062552239664283661e+03
8.062552239664283661e+03
8.062552239664283661e+03
8.342211444007858518e+03
7.822426813471503010e+03
7.952498696785403808e+03
7.887462755128453864e+03
7.822426813471503010e+03
7.571960929673411556e+03
7.571960929673411556e+03
7.501023429179978848e+03
6.833630665876308740e+03
5.882576098756125248e+03
5.882576098756125248e+03
5.882576098756125248e+03
6.777564902998235993e+03
6.777564902998235993e+03
6.777564902998235993e+03
7.215861099585062220e+03
7.900463024875622068e+03
7.900463024875622068e+03
7.900463024875622068e+03
7.009252125603865352e+03
6.311626032641547681e+03
7.009252125603865352e+03
8.030974904370402328e+03
8.030974904370402328e+03
7.683458300452823096e+03
7.335941696535244773e+03
7.335941696535244773e+03
8.275858143360752365e+03
8.275858143360752365e+03
9.929031015678254334e+03
8.294585999999999331e+03
9.111808507839126833e+03
9.929031015678254334e+03
9.261991863517059755e+03
9.261991863517059755e+03
8.302777582963157329e+03
8.302777582963157329e+03
8.790180071248951208e+03
8.790180071248951208e+03
8.804886363636363967e+03
8.804886363636363967e+03
8.804886363636363967e+03
8.879342295566502798e+03
9.721194057971015354e+03
8.879342295566502798e+03
9.139616883434020565e+03
9.399891471301536512e+03
8.819138496932515409e+03
9.399891471301536512e+03
9.508759643916913774e+03
1.011201650248756232e+04
9.524680193236714331e+03
9.524680193236714331e+03
9.524680193236714331e+03
8.971072974001268449e+03
8.928316669392761469e+03
8.508638880692751627e+03
8.788815380086580262e+03
8.508638880692751627e+03
8.413208990364970305e+03
8.317779100037188982e+03
7.974157920265780376e+03
7.665249128051818843e+03
7.237178766004146382e+03
7.237178766004146382e+03
7.228816907675194670e+03
7.377558042522491633e+03
7.526299177369788595e+03
7.526299177369788595e+03
7.526299177369788595e+03
8.052904881022947848e+03
7.343153751839136930e+03
7.247897498596818878e+03
7.247897498596818878e+03
7.247897498596818878e+03
7.280143616516373186e+03
7.280143616516373186e+03
6.840343846311896414e+03
6.840343846311896414e+03
7.480627121354656083e+03
7.480627121354656083e+03
7.480627121354656083e+03
7.845501063685330337e+03
6.846565956072350673e+03
6.846565956072350673e+03
6.846565956072350673e+03
6.846565956072350673e+03
6.846565956072350673e+03
6.846565956072350673e+03
6.878028729375743751e+03
6.878028729375743751e+03
6.849212248241912675e+03
6.648305410621113879e+03
5.696260748829953627e+03
5.696260748829953627e+03
5.696260748829953627e+03
5.899862576771777640e+03
7.247690703243406460e+03
5.899862576771777640e+03
6.660231553322166292e+03
5.704296096934502202e+03
6.139049040885339309e+03
6.573801984836176416e+03
5.935690533065961063e+03
5.935690533065961063e+03
5.920343816089045504e+03
5.450534311539836381e+03
5.196657959535359623e+03
5.196657959535359623e+03
5.196657959535359623e+03
5.623850654344404575e+03
5.623850654344404575e+03
5.387775532514811857e+03
5.387775532514811857e+03
5.256997541727579119e+03
5.293027787364542746e+03
5.329058033001506374e+03
5.329058033001506374e+03
5.329058033001506374e+03
5.516892247374937142e+03
5.821194876610383290e+03
5.821194876610383290e+03
5.821194876610383290e+03
5.821194876610383290e+03
5.932227914715391307e+03
5.932227914715391307e+03
5.932227914715391307e+03
6.056846522980777081e+03
6.056846522980777081e+03
6.164477742806991955e+03
6.272108962633205920e+03
5.969987889326812365e+03
6.458109639083387265e+03
6.221788268405697636e+03
6.579183096416300941e+03
6.705921115313693008e+03
6.705921115313693008e+03
6.705921115313693008e+03
6.523702772734291102e+03
6.156953522422726564e+03
6.523702772734291102e+03
5.617204112822141724e+03
6.942237720507064296e+03
6.713165201920987784e+03
6.484092683334911271e+03
6.942237720507064296e+03
6.500953628620102791e+03
6.957827626832845453e+03
6.957827626832845453e+03
6.981271874544887396e+03
6.981271874544887396e+03
6.981271874544887396e+03
6.957321690314955049e+03
6.957321690314955049e+03
7.152296972008463854e+03
7.160266454049088679e+03
7.152296972008463854e+03
6.971095187348515537e+03
6.789893402688566312e+03
6.485209927352079831e+03
6.485209927352079831e+03
6.485209927352079831e+03
6.815048115208766831e+03
7.020568599518459450e+03
7.020568599518459450e+03
7.020568599518459450e+03
6.876221745901157192e+03
6.850018212093920738e+03
6.642846903071647830e+03
6.642846903071647830e+03
7.103740006512890432e+03
7.103740006512890432e+03
7.103740006512890432e+03
6.772876241048034899e+03
6.655121356454204943e+03
6.472677832671203760e+03
6.393457968861748668e+03
6.275936469472542740e+03
6.334697219167145704e+03
6.393457968861748668e+03
6.200873879972086797e+03
6.200873879972086797e+03
5.521194340039539384e+03
5.521194340039539384e+03
5.431582323150916636e+03
5.548366220032532510e+03
5.665150116914149294e+03
5.506012961517999429e+03
5.506012961517999429e+03
5.011099872183357547e+03
5.011099872183357547e+03
5.252827471207037888e+03
5.270993381846972625e+03
5.289159292486906452e+03
5.579961216768916529e+03
5.579961216768916529e+03
5.696983593554312392e+03
6.041521747404844064e+03
6.041521747404844064e+03
6.041521747404844064e+03
6.041521747404844064e+03
7.063268624269954671e+03
7.063268624269954671e+03
7.063268624269954671e+03
7.209239520132377038e+03
7.483887430646062057e+03
7.483887430646062057e+03
7.483887430646062057e+03
7.607352240914582580e+03
7.638342530041251848e+03
7.638342530041251848e+03
7.462962204858162295e+03
7.125542423902055816e+03
7.046179818823624373e+03
6.966817213745192930e+03
6.966817213745192930e+03
7.808578541172483710e+03
7.808578541172483710e+03
7.565474066019416568e+03
6.698201793193717094e+03
6.698201793193717094e+03
6.698201793193717094e+03
5.979107733182005177e+03
7.232038739827373320e+03
7.265317822563292793e+03
7.265317822563292793e+03
7.171822014178482277e+03
7.171822014178482277e+03
7.171822014178482277e+03
6.454519224576270972e+03
7.911572607083618095e+03
8.185018194626474724e+03
8.324509434007999516e+03
9.052679046483910497e+03
9.052679046483910497e+03
9.052679046483910497e+03
7.868861423787671811e+03
7.868861423787671811e+03
7.316667528671014225e+03
7.316667528671014225e+03
7.310851359724612848e+03
7.007156099687164897e+03
6.703460839649716945e+03
6.637291022110972335e+03
5.857850283687943374e+03
6.251793132363131917e+03
6.191412353255069320e+03
6.251793132363131917e+03
6.583991544057671490e+03
6.916189955752211972e+03
6.916189955752211972e+03
5.637945214315439443e+03
5.637945214315439443e+03
5.969656191744340504e+03
5.969656191744340504e+03
6.352380215992290687e+03
6.735104240240240870e+03
5.815164753706360898e+03
6.282645173551537482e+03
6.282645173551537482e+03
8.031344240837695907e+03
8.031344240837695907e+03
8.365485530953028501e+03
8.699626821068359277e+03
7.491296893770379029e+03
8.703600070224718365e+03
9.247171513944222170e+03
1.055641072830353369e+04
1.055641072830353369e+04
1.058019426865671630e+04
1.058019426865671630e+04
1.058019426865671630e+04
1.058019426865671630e+04
9.360728324175823218e+03
9.360728324175823218e+03
1.000826371463714349e+04
1.000826371463714349e+04
1.000826371463714349e+04
9.917478737253199142e+03
9.917478737253199142e+03
9.171533606204222451e+03
1.000262777295733940e+04
7.842613729313752629e+03
7.686033342360618008e+03
7.529452955407483387e+03
7.529452955407483387e+03
7.529452955407483387e+03
7.581833004254496700e+03
7.581833004254496700e+03
7.581833004254496700e+03
7.386898449610836906e+03
7.191963894967177112e+03
7.191963894967177112e+03
7.273810973167286647e+03
7.398828028541650383e+03
7.690198546992826778e+03
7.851142322097378383e+03
7.851142322097378383e+03
7.794477676062334467e+03
7.794477676062334467e+03
7.959688175066314216e+03
8.136029795804973219e+03
7.959688175066314216e+03
6.305457880032867251e+03
6.305457880032867251e+03
6.305457880032867251e+03
6.305457880032867251e+03
6.305457880032867251e+03
6.305457880032867251e+03
7.384404722255263550e+03
9.381973690078035361e+03
9.381973690078035361e+03
9.381973690078035361e+03
9.381973690078035361e+03
8.657935620437956459e+03
9.079441022130960846e+03
9.079441022130960846e+03
9.079441022130960846e+03
8.697838622394370759e+03
8.316236222657780672e+03
8.002293579268291978e+03
8.273719096477794665e+03
8.273719096477794665e+03
8.273719096477794665e+03
7.736595999999999549e+03
7.580057218541438488e+03
7.423518437082878336e+03
7.423518437082878336e+03
7.423518437082878336e+03
7.189903083853084354e+03
6.724107402752842972e+03
6.724107402752842972e+03
7.272672282626421293e+03
7.821237162499999613e+03
7.821237162499999613e+03
7.162989870994590092e+03
7.162989870994590092e+03
7.281739327062228767e+03
7.281739327062228767e+03
7.939290901653366745e+03
8.596842476244504724e+03
8.148478188784352824e+03
8.148478188784352824e+03
8.148478188784352824e+03
7.948697252779837982e+03
7.948697252779837982e+03
7.948697252779837982e+03
7.948697252779837982e+03
8.049170997191011338e+03
8.049170997191011338e+03
8.049170997191011338e+03
7.990261021742436242e+03
7.884536930555555045e+03
7.884536930555555045e+03
7.884536930555555045e+03
7.993037026014109870e+03
8.024432538602940440e+03
8.054747341303728717e+03
8.024432538602940440e+03
7.490699435588108827e+03
7.203043978913136016e+03
6.915388522238163205e+03
6.915388522238163205e+03
7.364523584135792589e+03
7.364523584135792589e+03
8.175148234165067151e+03
7.196730745185966043e+03
7.052991966822659379e+03
6.909253188459351804e+03
6.909253188459351804e+03
6.802481644962850623e+03
6.957408121234763712e+03
6.399583922207320029e+03
6.399583922207320029e+03
6.196472399797266917e+03
5.993360877387212895e+03
5.993360877387212895e+03
6.975946911417568117e+03
6.975946911417568117e+03
6.975946911417568117e+03
5.818445780868258225e+03
6.535548733784264186e+03
7.252651686700271057e+03
7.252651686700271057e+03
7.269391950646298028e+03
7.269391950646298028e+03
6.949065863698734574e+03
6.723819925512104419e+03
6.723819925512104419e+03
6.723819925512104419e+03
8.747065212807498028e+03
9.361634870448180664e+03
9.361634870448180664e+03
8.997828537170264099e+03
7.536040108695652634e+03
7.520655661554537801e+03
7.505271214413422967e+03
7.505271214413422967e+03
7.505271214413422967e+03
8.366725264265669466e+03
8.366725264265669466e+03
8.366725264265669466e+03
8.362446361348986102e+03
8.358167458432304556e+03
8.392147458232939243e+03
8.426127458033572111e+03
8.426127458033572111e+03
8.638963665069686613e+03
8.666658195488720594e+03
8.840606487138775265e+03
9.014554778788829935e+03
8.666658195488720594e+03
9.156154852348992790e+03
9.041774726339794142e+03
9.041774726339794142e+03
9.041774726339794142e+03
8.935078248432013424e+03
8.828381770524232707e+03
7.926695349901896407e+03
7.666266193558450141e+03
7.622682494413407767e+03
7.622682494413407767e+03
7.622682494413407767e+03
7.677944784294615602e+03
7.733207074175824346e+03
7.771791830456331809e+03
7.771791830456331809e+03
7.582587603370260695e+03
7.559800187483837362e+03
7.460192705201313402e+03
7.436412382193520898e+03
7.412632059185729304e+03
7.412632059185729304e+03
7.433790593051989163e+03
7.604512746906881148e+03
7.604512746906881148e+03
7.604512746906881148e+03
6.463573493975904057e+03
5.528718429003020901e+03
5.528718429003020901e+03
5.528718429003020901e+03
5.528718429003020901e+03
6.873605685059505959e+03
6.930591092055486115e+03
6.902098388557496037e+03
6.873605685059505959e+03
6.930591092055486115e+03
7.270553251544893101e+03
7.270553251544893101e+03
7.171836265579364408e+03
7.171836265579364408e+03
7.154040750882524662e+03
7.136245236185685826e+03
7.156713154941225184e+03
6.647015180298596533e+03
6.256463182732974019e+03
6.256463182732974019e+03
6.256463182732974019e+03
6.263599352713485132e+03
6.270735522693997154e+03
6.270354579355417627e+03
6.270354579355417627e+03
6.264487718071402014e+03
6.264487718071402014e+03
6.264487718071402014e+03
6.085917772847932611e+03
5.907347827624463207e+03
5.907347827624463207e+03
5.967811528274874945e+03
5.967811528274874945e+03
5.846611072632159448e+03
5.679496466543052520e+03
5.679496466543052520e+03
5.679496466543052520e+03
5.935804386124779739e+03
5.935804386124779739e+03
5.907801323375745596e+03
5.708153218756798196e+03
5.708153218756798196e+03
5.773652932766159211e+03
5.839152646775520225e+03
5.839152646775520225e+03
5.783005832819825628e+03
5.783005832819825628e+03
5.783005832819825628e+03
5.607550970897060324e+03
5.607550970897060324e+03
5.607550970897060324e+03
5.607550970897060324e+03
5.628594597141624035e+03
5.797523428364019310e+03
5.944042630307215404e+03
5.944042630307215404e+03
5.925663985386319837e+03
5.907285340465424269e+03
5.586014964375470299e+03
5.764420332718612372e+03
5.653888344879485885e+03
5.653888344879485885e+03
5.653888344879485885e+03
5.705371364349315627e+03
5.756854383819145369e+03
5.970634484690815043e+03
5.970634484690815043e+03
5.669891772763236986e+03
5.483834087896122583e+03
5.665535121854619319e+03
5.665535121854619319e+03
5.665535121854619319e+03
5.693243429000188371e+03
5.981692178238735323e+03
5.915156963257648385e+03
6.234697556929522761e+03
5.915156963257648385e+03
5.856578692256924114e+03
5.798000421256200752e+03
5.460781467682034418e+03
5.460781467682034418e+03
5.460781467682034418e+03
5.545677421561803385e+03
6.261340794737192482e+03
6.341390631437568118e+03
6.421440468137943753e+03
6.421440468137943753e+03
6.230009822431040448e+03
6.230009822431040448e+03
6.505037735929678092e+03
6.874222468156291143e+03
6.689630102042984618e+03
6.505037735929678092e+03
6.671117363854321411e+03
6.436386450421771769e+03
6.436386450421771769e+03
5.389623014640326801e+03
5.037687190642729547e+03
5.037687190642729547e+03
5.037687190642729547e+03
5.448378865973919346e+03
5.719524836036311171e+03
5.715512649201631575e+03
5.918376530612245006e+03
5.918376530612245006e+03
5.918376530612245006e+03
5.918376530612245006e+03
5.630913936947770708e+03
5.630913936947770708e+03
5.683960798069389966e+03
6.226898751301868288e+03
5.870790649005509295e+03
6.027650495889473859e+03
6.184510342773438424e+03
6.184510342773438424e+03
6.184510342773438424e+03
6.087764983924814260e+03
6.087764983924814260e+03
6.087764983924814260e+03
5.991641256040133158e+03
5.895517528155452965e+03
5.382657892770597755e+03
5.895517528155452965e+03
5.899975599041533314e+03
6.152152195447519262e+03
5.899975599041533314e+03
6.084894403773543672e+03
6.269813208505553121e+03
5.305942315231433895e+03
6.269813208505553121e+03
6.745265524598720731e+03
6.745265524598720731e+03
4.925802201733865331e+03
4.925802201733865331e+03
4.925802201733865331e+03
6.591179013956309973e+03
6.591179013956309973e+03
6.402858413585913695e+03
6.402858413585913695e+03
6.032402218487395658e+03
6.305226690551681713e+03
6.578051162615967769e+03
6.693048623227186908e+03
6.693048623227186908e+03
6.166800457222258956e+03
6.166800457222258956e+03
8.628470482488823109e+03
8.688522596232811338e+03
8.748574709976797749e+03
8.748574709976797749e+03
8.748574709976797749e+03
8.459620877944325912e+03
8.459620877944325912e+03
1.121898047566372043e+04
1.121898047566372043e+04
1.121898047566372043e+04
1.035153937466878597e+04
9.910988434642280481e+03
7.480349865951742686e+03
7.480349865951742686e+03
1.190121468926553644e+04
1.197797214424648337e+04
1.205472959922742848e+04
1.190121468926553644e+04
1.060548226950354365e+04
1.060548226950354365e+04
1.050073709038737434e+04
1.050073709038737434e+04
1.050073709038737434e+04
1.050073709038737434e+04
1.388334539473684163e+04
1.388334539473684163e+04
1.104958276643990939e+04
1.104958276643990939e+04
1.259167535545023566e+04
1.408217044223023913e+04
1.557266552901024079e+04
1.259167535545023566e+04
9.931794706262104228e+03
9.710515270164447429e+03
8.275407943123314908e+03
8.275407943123314908e+03
1.000168528695777059e+04
1.172796263079222808e+04
1.172796263079222808e+04
6.724713216506500430e+03
6.724713216506500430e+03
1.152118458904109684e+04
1.152118458904109684e+04
1.136622625090684232e+04
1.121126791277258599e+04
1.032321430251705533e+04
8.957313538380652972e+03
8.957313538380652972e+03
9.127692347652346143e+03
1.443510414560161553e+04
1.443510414560161553e+04
1.443510414560161553e+04
1.272039385593220322e+04
1.261036619718310067e+04
1.236246798631475940e+04
1.236246798631475940e+04
1.478351560926485399e+04
1.478351560926485399e+04
1.478351560926485399e+04
1.276638629642485284e+04
1.224738613138686196e+04
1.085887715117818334e+04
1.085887715117818334e+04
1.085887715117818334e+04
1.080001477443635304e+04
1.074115239769452455e+04
1.074115239769452455e+04
1.256214247013977001e+04
1.256214247013977001e+04
1.256214247013977001e+04
1.172748057142857033e+04
1.172748057142857033e+04
1.172748057142857033e+04
1.041412223089684812e+04
1.040854629629629562e+04
1.040854629629629562e+04
1.040854629629629562e+04
1.040854629629629562e+04
1.058206487771739194e+04
1.058206487771739194e+04
1.058206487771739194e+04
8.371072323704333030e+03
8.371072323704333030e+03
9.553623512230740744e+03
1.043760114006514596e+04
1.043760114006514596e+04
1.043760114006514596e+04
1.054444166106253942e+04
8.813661718180721437e+03
9.159451927386824536e+03
8.333349327628362516e+03
7.863337415621986111e+03
7.792442771997303680e+03
7.721548128372621250e+03
7.402739613646634098e+03
7.274256391811745743e+03
6.901079988482580120e+03
6.901079988482580120e+03
7.468748982959640671e+03
7.468748982959640671e+03
7.468748982959640671e+03
7.450204839929418085e+03
7.093885871199179746e+03
6.943666303135456474e+03
4.824797989548955229e+03
6.943666303135456474e+03
7.336972099817602611e+03
7.730277896499748749e+03
7.961336775579075947e+03
7.961336775579075947e+03
8.029476413987326850e+03
7.238177239353891309e+03
7.808734482566247607e+03
7.808734482566247607e+03
7.808734482566247607e+03
7.808734482566247607e+03
8.090879230769231071e+03
7.647809770300873424e+03
7.647809770300873424e+03
7.433153097098213948e+03
7.433153097098213948e+03
7.433153097098213948e+03
8.033578830135704266e+03
8.206348569111551114e+03
8.206348569111551114e+03
8.198384431697846594e+03
7.834328139875502529e+03
7.834328139875502529e+03
7.834328139875502529e+03
6.364710624894443754e+03
6.364710624894443754e+03
6.364710624894443754e+03
7.992996688285365963e+03
8.289129214930924718e+03
8.383883567211225454e+03
8.478637919491526191e+03
8.478637919491526191e+03
8.478637919491526191e+03
8.526898768035516696e+03
8.526898768035516696e+03
8.526898768035516696e+03
8.576229570933646755e+03
8.625560373831776815e+03
9.153328116567727193e+03
9.186371188686709502e+03
9.186371188686709502e+03
9.186371188686709502e+03
7.906137377753895635e+03
7.906137377753895635e+03
7.906137377753895635e+03
7.686001486486487011e+03
7.439319160317212663e+03
7.439319160317212663e+03
7.623525687306500913e+03
8.056641121721261698e+03
8.187579741992705749e+03
8.318518362264150710e+03
8.355302304964539871e+03
8.522141673426816851e+03
8.355302304964539871e+03
8.139259960159362890e+03
8.139259960159362890e+03
8.022071952735931518e+03
7.904883945312500146e+03
8.248433963663328541e+03
7.904883945312500146e+03
7.984397292724196632e+03
7.572878242339231292e+03
7.984397292724196632e+03
7.823681991142318111e+03
7.662966689560439590e+03
7.968765588756992656e+03
7.662966689560439590e+03
7.968765588756992656e+03
7.200455940654634105e+03
8.169294765501493202e+03
7.931779164871284593e+03
7.694263564241075983e+03
8.452142353977105813e+03
7.694263564241075983e+03
7.884649048351649071e+03
7.583755161878704712e+03
7.189166297061523437e+03
7.189166297061523437e+03
7.189166297061523437e+03
6.726210341489647362e+03
7.024747171943145986e+03
7.323284002396644610e+03
6.678017891995614264e+03
6.678017891995614264e+03
6.623749353149249146e+03
6.569480814302884028e+03
6.322372379459757212e+03
6.322372379459757212e+03
7.008051780797583888e+03
7.129419231352335373e+03
7.129419231352335373e+03
7.129419231352335373e+03
7.021351119901940365e+03
6.790223813138981313e+03
6.790223813138981313e+03
7.134601972113397096e+03
7.134601972113397096e+03
7.134601972113397096e+03
6.239541461827982857e+03
6.794919202408199453e+03
6.271875544088585229e+03
6.271875544088585229e+03
6.271875544088585229e+03
6.247272589934471398e+03
6.247272589934471398e+03
6.247272589934471398e+03
6.774396139383304217e+03
6.774396139383304217e+03
4.079199151225343940e+03
4.428769729489529709e+03
4.428769729489529709e+03
4.504827238896284143e+03
4.726692222046290226e+03
4.948557205196296309e+03
5.466773049194232044e+03
5.699175271581188099e+03
5.699175271581188099e+03
5.699175271581188099e+03
5.387169582264044038e+03
5.387169582264044038e+03
5.387169582264044038e+03
5.387169582264044038e+03
5.199507375214162494e+03
5.199507375214162494e+03
5.289948116760829180e+03
5.289948116760829180e+03
5.289948116760829180e+03
5.289948116760829180e+03
5.331103041154185121e+03
5.331103041154185121e+03
5.331103041154185121e+03
5.249549666739430904e+03
5.249549666739430904e+03
5.249549666739430904e+03
5.249549666739430904e+03
5.371324086551908294e+03
5.371324086551908294e+03
5.371324086551908294e+03
5.271489605106522504e+03
5.271489605106522504e+03
5.271489605106522504e+03
5.271489605106522504e+03
4.972888943317005214e+03
5.200420190282917247e+03
5.200420190282917247e+03
5.286578167133585339e+03
5.473810669242131553e+03
5.605514434755723414e+03
5.737218200269316185e+03
5.894217147928993654e+03
5.894217147928993654e+03
6.006649322390261659e+03
5.795268668928868465e+03
5.670803179188076683e+03
5.670803179188076683e+03
5.670803179188076683e+03
6.136029020462526205e+03
6.402061740197661493e+03
6.640866149771839446e+03
6.640866149771839446e+03
6.854199068800985515e+03
6.950577176508437333e+03
7.046955284215890060e+03
7.046955284215890060e+03
7.013107197758908114e+03
7.013107197758908114e+03
7.242415766429331597e+03
7.242415766429331597e+03
7.242415766429331597e+03
7.242415766429331597e+03
6.429345642999007396e+03
6.429345642999007396e+03
6.429345642999007396e+03
6.889138676494066203e+03
6.945431759779878121e+03
7.130415813657211402e+03
7.315399867534543773e+03
7.315399867534543773e+03
7.315399867534543773e+03
7.752778359612323584e+03
7.409242707456979588e+03
7.409242707456979588e+03
7.347988060735176987e+03
7.286733414013375295e+03
7.136386234660360060e+03
7.136386234660360060e+03
6.479233197179192757e+03
6.479233197179192757e+03
6.293573006546644137e+03
6.548936728149707051e+03
6.804300449752769964e+03
6.804300449752769964e+03
6.804300449752769964e+03
6.739496511587704845e+03
6.739496511587704845e+03
6.635586076377154313e+03
7.016567706704527154e+03
7.397549337031899995e+03
6.160720779997607679e+03
7.620604468074440774e+03
7.620604468074440774e+03
9.574019905533063138e+03
9.574019905533063138e+03
9.125764789105109230e+03
8.677509672677155322e+03
7.727286696835365547e+03
7.593105897128230026e+03
7.593105897128230026e+03
7.981646531791907364e+03
8.756121778341013851e+03
8.872866180780703871e+03
8.989610583220392073e+03
8.756121778341013851e+03
8.494258209576682930e+03
8.461091125035862206e+03
8.461091125035862206e+03
8.567864651467654767e+03
8.567864651467654767e+03
8.567864651467654767e+03
8.396649347687676709e+03
8.396649347687676709e+03
8.492113551548614851e+03
8.492113551548614851e+03
8.208183703434489871e+03
8.208183703434489871e+03
8.208183703434489871e+03
8.985847187446772296e+03
8.985847187446772296e+03
8.701297010132724608e+03
8.521955919774582071e+03
8.521955919774582071e+03
8.521955919774582071e+03
8.521955919774582071e+03
8.305331657489427016e+03
8.305331657489427016e+03
8.305331657489427016e+03
7.992108733843313530e+03
8.063003113056654001e+03
8.027555923449983311e+03
7.992108733843313530e+03
7.661677890169298735e+03
7.661677890169298735e+03
8.394804219682599069e+03
8.450132434221350195e+03
8.666992590777845180e+03
8.666992590777845180e+03
8.666992590777845180e+03
8.303810434890194301e+03
8.303810434890194301e+03
7.509318720379146725e+03
8.673752619003858854e+03
7.103512922819143569e+03
8.430030923478538170e+03
9.756548924137932772e+03
9.436884444444443943e+03
9.436884444444443943e+03
9.436884444444443943e+03
8.924251935656835485e+03
1.009069177415988452e+04
1.032500429293437264e+04
1.055931681170886077e+04
1.084747216927014415e+04
1.111610485964717554e+04
1.137807201466480365e+04
1.111610485964717554e+04
1.078955884754262843e+04
1.071124160883773584e+04
1.063292437013284325e+04
1.078955884754262843e+04
1.085923153905200343e+04
1.085923153905200343e+04
1.145536681924882760e+04
1.046617654375896564e+04
1.046617654375896564e+04
1.046617654375896564e+04
1.004187543093541535e+04
9.036232020604851641e+03
1.004187543093541535e+04
9.467992480864475510e+03
1.199219710391822809e+04
1.073009479239135180e+04
9.467992480864475510e+03
1.199219710391822809e+04
1.183013823585084356e+04
1.283384825327510953e+04
1.360952766531714042e+04
1.493289558316080002e+04
1.493289558316080002e+04
1.493289558316080002e+04
1.004950546448087516e+04
1.004950546448087516e+04
1.060434883238037946e+04
1.060434883238037946e+04
1.428134542743538805e+04
1.176890193971258122e+04
9.256458451989776222e+03
1.076225840202916879e+04
9.256458451989776222e+03
7.922710653753026236e+03
7.922710653753026236e+03
1.023849384649810054e+04
1.065922502543883093e+04
1.107995620437955949e+04
1.107995620437955949e+04
1.107995620437955949e+04
2.251266166406858974e+04
2.214721413121845762e+04
2.214721413121845762e+04
2.214721413121845762e+04
2.214721413121845762e+04
1.357213286137635805e+04
1.434800993366500916e+04
1.434800993366500916e+04
1.434800993366500916e+04
1.624868008474576345e+04
1.501082075112953316e+04
1.377296141751330470e+04
1.397763902650483033e+04
1.124181461079724068e+04
1.271332935500253916e+04
1.271332935500253916e+04
1.271332935500253916e+04
1.186586150329691372e+04
1.101839365159129011e+04
1.101839365159129011e+04
1.166000003451846715e+04
1.217604040485830046e+04
1.217604040485830046e+04
1.204782227682227676e+04
1.192988314773712409e+04
1.181194401865197142e+04
1.181194401865197142e+04
1.210214025480203782e+04
1.241126209944751645e+04
1.409666117620345176e+04
1.409666117620345176e+04
1.319496325782845452e+04
1.229326533945345909e+04
1.068347149478563188e+04
1.068347149478563188e+04
1.068347149478563188e+04
1.241143686507474376e+04
1.443388851967370465e+04
1.443388851967370465e+04
1.443388851967370465e+04
1.235984128106896060e+04
1.235984128106896060e+04
1.369608378158967207e+04
1.440852677759783910e+04
1.431879591562063979e+04
1.431879591562063979e+04
1.431879591562063979e+04
1.281886515697443247e+04
1.190426055200945666e+04
1.190426055200945666e+04
1.190426055200945666e+04
1.175906013466449986e+04
1.175906013466449986e+04
1.175906013466449986e+04
1.175906013466449986e+04
1.149064056177100611e+04
1.149064056177100611e+04
8.397744793582469356e+03
8.053851607629427235e+03
8.053851607629427235e+03
8.053851607629427235e+03
8.466395420420420123e+03
8.802300325488231465e+03
8.466395420420420123e+03
9.750402683815649652e+03
8.635220049291436226e+03
8.970911061530314328e+03
9.306602073769194249e+03
9.083414410876133843e+03
9.083414410876133843e+03
9.083414410876133843e+03
8.441758790073776254e+03
8.352820194327730860e+03
8.352820194327730860e+03
8.352820194327730860e+03
9.049641055718475400e+03
9.049641055718475400e+03
8.479724976392823010e+03
8.127352660913340515e+03
8.479724976392823010e+03
8.721403360372562020e+03
8.963081744352301030e+03
8.963081744352301030e+03
7.787466149947830672e+03
7.787466149947830672e+03
8.939196262093228142e+03
8.939196262093228142e+03
8.939196262093228142e+03
8.939196262093228142e+03
8.558507392473118671e+03
8.962944629668707421e+03
9.160957073567707994e+03
9.160957073567707994e+03
9.027603384615384130e+03
9.027603384615384130e+03
9.027603384615384130e+03
8.127010082628368764e+03
8.317267658215212577e+03
8.317267658215212577e+03
8.486808309392265073e+03
9.533434021271208621e+03
9.559051863696829969e+03
9.584669706122449497e+03
9.584669706122449497e+03
9.033686681715575105e+03
9.033686681715575105e+03
9.863622013909887755e+03
9.863622013909887755e+03
9.735556139117150451e+03
9.607490264324411328e+03
8.738108323831242160e+03
8.738108323831242160e+03
8.738108323831242160e+03
9.406916316526610899e+03
9.406916316526610899e+03
9.103912295940463082e+03
8.800908275354315265e+03
8.487889158878504531e+03
8.583869582972833086e+03
8.583869582972833086e+03
8.583869582972833086e+03
8.372767218926135683e+03
8.372767218926135683e+03
8.372767218926135683e+03
8.372767218926135683e+03
8.330413349807799023e+03
8.330413349807799023e+03
8.330413349807799023e+03
9.123061516387251686e+03
8.939727983538541594e+03
8.756394450689833320e+03
8.756394450689833320e+03
8.756394450689833320e+03
8.871953861140629670e+03
8.871953861140629670e+03
8.871953861140629670e+03
8.243283198051285581e+03
7.614612534961940582e+03
7.689222359787049754e+03
7.689222359787049754e+03
8.174719306890685402e+03
