1.806562288425704992e+03
1.806562288425704992e+03
1.553175463876468712e+03
1.360398103523870077e+03
1.310711279303014635e+03
1.303699131225650490e+03
1.310711279303014635e+03
1.313405908788956594e+03
1.316100538274898554e+03
1.316100538274898554e+03
1.303307728773955660e+03
1.296099633338521926e+03
1.208287184430921116e+03
1.208287184430921116e+03
1.287045113777883444e+03
1.365803043124845772e+03
1.515545736785196596e+03
1.515545736785196596e+03
1.515545736785196596e+03
1.806105763871400995e+03
1.806105763871400995e+03
1.998981659702178376e+03
2.057760438852856169e+03
2.206865924900796017e+03
2.206865924900796017e+03
2.206865924900796017e+03
2.206865924900796017e+03
2.206865924900796017e+03
2.626294346368715196e+03
2.626294346368715196e+03
2.626294346368715196e+03
2.626294346368715196e+03
3.123380283160140152e+03
3.123380283160140152e+03
3.090055766777240024e+03
3.090055766777240024e+03
3.090055766777240024e+03
3.195069365452409784e+03
3.195069365452409784e+03
2.991539152581382496e+03
2.943345633622528112e+03
2.901563683547065011e+03
2.901563683547065011e+03
2.901563683547065011e+03
3.036040561946068010e+03
3.352439482743401641e+03
3.352439482743401641e+03
3.418693673636736548e+03
3.418693673636736548e+03
3.455324761136155303e+03
3.491955848635574057e+03
3.491955848635574057e+03
3.392622366651725770e+03
3.329871240337316067e+03
3.320190544914134989e+03
3.320190544914134989e+03
3.310343750592579454e+03
3.300496956271023919e+03
3.300496956271023919e+03
3.297359801141932621e+03
3.170756648991260136e+03
3.125773278038582248e+03
2.886814211948076263e+03
2.837479394370998307e+03
2.788144576793920805e+03
2.595312288726907809e+03
2.384625881143126207e+03
2.303866872823999984e+03
2.120742392442426080e+03
2.067295664720413697e+03
2.031545921365913500e+03
1.995796178011413303e+03
1.949128864958514896e+03
1.894900124102505970e+03
1.894900124102505970e+03
1.844589485820970822e+03
1.844589485820970822e+03
1.847556096906741459e+03
1.850522707992512096e+03
1.850522707992512096e+03
1.847741032562125611e+03
1.847741032562125611e+03
1.942715565388265986e+03
1.971745175803160919e+03
1.957230370595713339e+03
1.942715565388265986e+03
1.818462618702540112e+03
1.804069184700211963e+03
1.804069184700211963e+03
1.835641466658155196e+03
1.842331137713316366e+03
1.838986302185735894e+03
1.835641466658155196e+03
1.815965104007006403e+03
1.815965104007006403e+03
1.799556179884402354e+03
1.896548295996542493e+03
1.821044428298830098e+03
1.821044428298830098e+03
1.821044428298830098e+03
1.775467215692955051e+03
1.761774126427467309e+03
1.775467215692955051e+03
1.807818105935644098e+03
1.812563893956134507e+03
1.810190999945889416e+03
1.807818105935644098e+03
1.805814306798492453e+03
1.782987075375302084e+03
1.805814306798492453e+03
1.814301685470275515e+03
1.814301685470275515e+03
1.814110613876769776e+03
1.813919542283264036e+03
1.748213427862061508e+03
1.720103777087181015e+03
1.718938441634715900e+03
1.716010094981021894e+03
1.718938441634715900e+03
1.750633761913777789e+03
1.782329082192839678e+03
1.782329082192839678e+03
1.770457056666009521e+03
1.770457056666009521e+03
1.892808911878288882e+03
2.034118182405944026e+03
2.034118182405944026e+03
2.034118182405944026e+03
1.942483455161127949e+03
1.892829679301265287e+03
1.876613083652084697e+03
1.868190218881675492e+03
1.829430101776896890e+03
1.818094576879624810e+03
1.806759051982352730e+03
1.806759051982352730e+03
1.831441624553523070e+03
1.857532894533202352e+03
1.883613127136684398e+03
1.883613127136684398e+03
1.870766786247985692e+03
1.857920445359286759e+03
1.808105110203616505e+03
1.808105110203616505e+03
1.808105110203616505e+03
1.761373560094060167e+03
1.672837281757032997e+03
1.665677948390946767e+03
1.658518615024860310e+03
1.621464145798927802e+03
1.569535583609664627e+03
1.569535583609664627e+03
1.578671984663552166e+03
1.578671984663552166e+03
1.565158163970343367e+03
1.551644343277134567e+03
1.482909916278068977e+03
1.474477546563002079e+03
1.460176774052913288e+03
1.433275102139891032e+03
1.349278107157539580e+03
1.347025134524574696e+03
1.344772161891610040e+03
1.275136106127172297e+03
1.192231147644719385e+03
1.174659326789712168e+03
1.171823177324549533e+03
1.174659326789712168e+03
1.200220570831393161e+03
1.225781814873073927e+03
1.225781814873073927e+03
1.196970989721184424e+03
1.178143814390339685e+03
1.175144864840546688e+03
1.149137668685333210e+03
1.145857558022080184e+03
1.142577447358827158e+03
1.103518556552381597e+03
1.032977554612872382e+03
1.032977554612872382e+03
1.019092260709034235e+03
9.622220324374732172e+02
9.621513606935324106e+02
9.620806889495916039e+02
9.622220324374732172e+02
1.041840654985119045e+03
1.041840654985119045e+03
9.656827847483499454e+02
9.656827847483499454e+02
9.886470033192163100e+02
1.011611221890082788e+03
1.073261884199170481e+03
1.086888422971115688e+03
1.086888422971115688e+03
1.078033872644003850e+03
9.779279228484456326e+02
9.698360489352918421e+02
9.617441750221380516e+02
8.429624276292659033e+02
8.429624276292659033e+02
8.678616249918968606e+02
1.009403655497039608e+03
1.057969650204804339e+03
1.057969650204804339e+03
1.057969650204804339e+03
9.722226116533255436e+02
8.970325902578730393e+02
8.400570100148316897e+02
7.802249157689401500e+02
7.802249157689401500e+02
8.064414820568163123e+02
8.326580483446923608e+02
8.710054998450322046e+02
1.030350157560096704e+03
1.210191128365954910e+03
1.210191128365954910e+03
1.256253479824341639e+03
1.334305226896859494e+03
1.412356973969377123e+03
1.460300258814277413e+03
1.438449682553539787e+03
1.438449682553539787e+03
1.362262970807067177e+03
1.320299454464414794e+03
1.268419990250280989e+03
1.216540526036147412e+03
1.035946887463931944e+03
8.920404997678974723e+02
8.383703894174060451e+02
8.383703894174060451e+02
9.196881280313933757e+02
9.196881280313933757e+02
9.196881280313933757e+02
8.999312046539398580e+02
8.905109819501419679e+02
8.905109819501419679e+02
8.948697938831570582e+02
1.006665140370007634e+03
1.006665140370007634e+03
1.006665140370007634e+03
9.773896616384438403e+02
9.773896616384438403e+02
9.195484828510924444e+02
8.239923786046864507e+02
8.239923786046864507e+02
8.418902316156636516e+02
8.597880846266408525e+02
8.597880846266408525e+02
8.597075003698911360e+02
8.331787269454745228e+02
8.331787269454745228e+02
8.454967037836105419e+02
8.577780723641898248e+02
8.700594409447691078e+02
8.700594409447691078e+02
8.684226426439300894e+02
8.684226426439300894e+02
8.684226426439300894e+02
8.083002248637694720e+02
8.075843842857971140e+02
8.068685437078247560e+02
8.083002248637694720e+02
8.252855925856229078e+02
8.252855925856229078e+02
7.989821030303031648e+02
7.989821030303031648e+02
9.410375359937916073e+02
9.410375359937916073e+02
9.375626124727567685e+02
9.375626124727567685e+02
9.424296084703402130e+02
9.514504715083068049e+02
9.514504715083068049e+02
8.539862662770144652e+02
8.421206156528647853e+02
8.421206156528647853e+02
8.421206156528647853e+02
8.421206156528647853e+02
8.824074287380420856e+02
8.824074287380420856e+02
8.861106179034429715e+02
8.898138070688437438e+02
9.103651258280951879e+02
9.115166437131275643e+02
9.765702043213179877e+02
9.765702043213179877e+02
9.532337121454705766e+02
9.368742113543107735e+02
9.205147105631508566e+02
9.205147105631508566e+02
9.071426310880932533e+02
9.009090116244342425e+02
9.009090116244342425e+02
9.646296767339807730e+02
9.646296767339807730e+02
9.646296767339807730e+02
9.863445886647627958e+02
1.020723371104491207e+03
1.051739264781198472e+03
1.068216162572946587e+03
1.066791488337162036e+03
1.066791488337162036e+03
1.066791488337162036e+03
1.027767799160800905e+03
9.952350984643179572e+02
9.952350984643179572e+02
1.001372802730671197e+03
1.001372802730671197e+03
1.006827730457681582e+03
1.012282658184691968e+03
1.024208828766472607e+03
1.028434894489328371e+03
1.024208828766472607e+03
1.003297350362789189e+03
1.003297350362789189e+03
1.007706162771389813e+03
1.012114975179990438e+03
1.047839458490070911e+03
1.045210960873882641e+03
1.045210960873882641e+03
9.904246030751603485e+02
9.904246030751603485e+02
9.979314479617007692e+02
1.005438292848241190e+03
1.005438292848241190e+03
9.766943473468012371e+02
9.766943473468012371e+02
1.001299451505764409e+03
1.001299451505764409e+03
9.996170595148483926e+02
9.979346675239323758e+02
9.901302966197183650e+02
9.866746194076515621e+02
9.824605074282071655e+02
9.564408965252836197e+02
9.564408965252836197e+02
9.264545862247930472e+02
8.964682759243024748e+02
8.849307040612916353e+02
8.786686835695996933e+02
8.676594182286933119e+02
8.290030039559279658e+02
8.595566442219152350e+02
8.595566442219152350e+02
8.595566442219152350e+02
8.835049645727948473e+02
8.835049645727948473e+02
8.108674030973837716e+02
8.041648756922350003e+02
8.108674030973837716e+02
8.127473650824219931e+02
8.146273270674601008e+02
8.882349095720447849e+02
8.716949257147792878e+02
8.830993416713179158e+02
8.728219999024754543e+02
8.830993416713179158e+02
8.997648540029409787e+02
9.164303663345640416e+02
9.416932980661699730e+02
9.164303663345640416e+02
9.040192520556607860e+02
8.840735687573458108e+02
8.840735687573458108e+02
8.840735687573458108e+02
1.034736362222096432e+03
1.034736362222096432e+03
1.034736362222096432e+03
1.034736362222096432e+03
1.068137774233492337e+03
1.079050319178081963e+03
1.130253031778927379e+03
1.181455744379772568e+03
1.233690571538166296e+03
1.365246174723354898e+03
1.488061493286350924e+03
1.501253155066745194e+03
1.557309208127222973e+03
1.694300665483956891e+03
1.831292122840691036e+03
1.979213123495552054e+03
2.230952933274384122e+03
2.300386757087141177e+03
2.372726759274944925e+03
2.517495215808633020e+03
2.571292605323386397e+03
2.625089994838139773e+03
2.752691913323812969e+03
2.752691913323812969e+03
2.623153303132938163e+03
2.567575314517616789e+03
2.536439328015109822e+03
2.533062473394157678e+03
2.529685618773205078e+03
2.519522118363564005e+03
2.519522118363564005e+03
2.520040339626070818e+03
2.520040339626070818e+03
2.459873286205848217e+03
2.431733404195535059e+03
2.403593522185221900e+03
2.378430289056304446e+03
2.265689600454293668e+03
2.378430289056304446e+03
2.648014592367755995e+03
2.783463877668782516e+03
2.900128702067077938e+03
2.959857757861464052e+03
3.047219889597401107e+03
3.084609144370740978e+03
3.084609144370740978e+03
3.084609144370740978e+03
3.084609144370740978e+03
3.093879207349019453e+03
3.093879207349019453e+03
3.093879207349019453e+03
3.221427791624365000e+03
3.221427791624365000e+03
3.206063867889488847e+03
3.005369948749811101e+03
2.945072700664642980e+03
2.884775452579474859e+03
2.823454763430755065e+03
2.642288301138244151e+03
2.570931736069408998e+03
2.553087106432102701e+03
2.524033685182670069e+03
2.461199284644011186e+03
2.398364884105352303e+03
2.383838473366802191e+03
2.349980831057018804e+03
2.293541465461073130e+03
2.293541465461073130e+03
2.297542324124181050e+03
2.315656868317158569e+03
2.333771412510136088e+03
2.428393240372980017e+03
2.428393240372980017e+03
2.406583243739324189e+03
2.315571294415009561e+03
2.261053727858062757e+03
2.288312511136536159e+03
2.315571294415009561e+03
2.285663848934062571e+03
2.432320986589201766e+03
2.343470160560680142e+03
2.402928337711965924e+03
2.402928337711965924e+03
2.402928337711965924e+03
2.402928337711965924e+03
2.320119563387203016e+03
2.297713279391552987e+03
2.253277235552478942e+03
2.253277235552478942e+03
2.374896284638465659e+03
2.374896284638465659e+03
2.374896284638465659e+03
2.352909009547214737e+03
2.156276486480146559e+03
2.156276486480146559e+03
2.114431819335772616e+03
2.139476164103364226e+03
2.123266295062813697e+03
2.107056426022262713e+03
2.139476164103364226e+03
2.318459338605231096e+03
2.318459338605231096e+03
2.278824902029854911e+03
2.278824902029854911e+03
2.270899963055857370e+03
2.262975024081859374e+03
2.339528609851627152e+03
2.353722601623055198e+03
2.353722601623055198e+03
2.336882772748316256e+03
2.336882772748316256e+03
2.336882772748316256e+03
2.336882772748316256e+03
2.295765534312628006e+03
2.282566624652722112e+03
2.295765534312628006e+03
2.282566624652722112e+03
2.252608963186109122e+03
2.213298226044082185e+03
2.173987488902055247e+03
2.051118636482915917e+03
2.048773468944044453e+03
2.022380441763749559e+03
1.969801320628892427e+03
1.907885802735335119e+03
1.900965528492800559e+03
1.894045254250265998e+03
1.894045254250265998e+03
1.884762066863268956e+03
1.827541172197579499e+03
1.796973156656539231e+03
1.660079132789418509e+03
1.641780295301671003e+03
1.623481457813923498e+03
1.607265676510544381e+03
1.575918517668315417e+03
1.568781720828445486e+03
1.575918517668315417e+03
1.643340801425350492e+03
1.643340801425350492e+03
1.643340801425350492e+03
1.570612218191541615e+03
1.557349008873409048e+03
1.557349008873409048e+03
1.510492888157436028e+03
1.504861380567095921e+03
1.504617899756549377e+03
1.504374418946003061e+03
1.405656371130472508e+03
1.344742713422029283e+03
1.327393557365453489e+03
1.321925763741107403e+03
1.321925763741107403e+03
1.321925763741107403e+03
1.321925763741107403e+03
1.317338655971141634e+03
1.264114456660964379e+03
1.249870932542782839e+03
1.218236889336010108e+03
1.146606362577468872e+03
1.146064333192029153e+03
1.145522303806589434e+03
1.067990341176961238e+03
1.024547331870717016e+03
1.024547331870717016e+03
1.013924506059429973e+03
1.041049673536593673e+03
1.029123201707403496e+03
1.017196729878213205e+03
1.017196729878213205e+03
9.776983978218210041e+02
9.372307674459611917e+02
9.250206866065008171e+02
9.250206866065008171e+02
9.006821388316004686e+02
8.763435910567001201e+02
8.763435910567001201e+02
8.428759757936207961e+02
8.394792691647012361e+02
7.976201155787174457e+02
7.691939800326365457e+02
7.576152290649114320e+02
7.460364780971863183e+02
7.460364780971863183e+02
8.207536917469828950e+02
8.375384916638990944e+02
8.375384916638990944e+02
8.366217244625989906e+02
8.254883377323744753e+02
8.143549510021498463e+02
8.107527437941345170e+02
8.107527437941345170e+02
8.482354600858647018e+02
9.275667640264483680e+02
1.081040288419657145e+03
1.217613216752649350e+03
1.354186145085641556e+03
1.354186145085641556e+03
1.347786186818266742e+03
1.257084447344288492e+03
1.257084447344288492e+03
1.334092167275829979e+03
1.419623143208226338e+03
1.505154119140622925e+03
1.525920265486975495e+03
1.577450556897651040e+03
1.577450556897651040e+03
1.574453183832721834e+03
1.565528341981034373e+03
1.519015683501581861e+03
1.472503025022129123e+03
1.472503025022129123e+03
1.521313630377087293e+03
1.768611175496792157e+03
2.017134795693913702e+03
2.017134795693913702e+03
1.988348803444378518e+03
1.959562811194843107e+03
1.800749005502556884e+03
1.800749005502556884e+03
1.809111051223954291e+03
1.824206069302712422e+03
1.824206069302712422e+03
1.836555662471699407e+03
1.848905255640686391e+03
1.972459086559267234e+03
1.972459086559267234e+03
1.981073164166816696e+03
1.921929583450435985e+03
1.921929583450435985e+03
1.921929583450435985e+03
1.921929583450435985e+03
1.748498137107603952e+03
1.562820784735359666e+03
1.562820784735359666e+03
1.668727094344751094e+03
1.933227084466433553e+03
1.933227084466433553e+03
1.933227084466433553e+03
1.789822284074074560e+03
1.789822284074074560e+03
1.736793707174159181e+03
1.812890316488711960e+03
1.677365792158673912e+03
1.748587279218284039e+03
1.819808766277894392e+03
1.819808766277894392e+03
1.819808766277894392e+03
1.882950280848560396e+03
1.743061430715156803e+03
1.872513171896867107e+03
1.807787301306012068e+03
1.743061430715156803e+03
1.826973989781864702e+03
1.826973989781864702e+03
1.826973989781864702e+03
1.752138740414210361e+03
1.676610142630744804e+03
1.676610142630744804e+03
1.903188515656019490e+03
1.950531061476960303e+03
2.015272008695651948e+03
2.039595335145399076e+03
2.039595335145399076e+03
1.560356575135519506e+03
1.560356575135519506e+03
1.560356575135519506e+03
1.560356575135519506e+03
1.584787861405313834e+03
1.584787861405313834e+03
1.719300519418481827e+03
1.719300519418481827e+03
1.642886636198271162e+03
1.566472752978060498e+03
1.566472752978060498e+03
1.431368933963907239e+03
1.419371964523977795e+03
1.419371964523977795e+03
1.470290590147536705e+03
1.480943356968471107e+03
1.491596123789405510e+03
1.491596123789405510e+03
1.452316849215922730e+03
1.452316849215922730e+03
1.422314535158325498e+03
1.359705815210260880e+03
1.312667834048499572e+03
1.265629852886738036e+03
1.328238679156064791e+03
1.305397220960726827e+03
1.305397220960726827e+03
1.246358127880704615e+03
1.241266297212552900e+03
1.226232413971486494e+03
1.211198530730420316e+03
1.211198530730420316e+03
1.139994200930379066e+03
1.121578037678823193e+03
1.088082958388908082e+03
1.088082958388908082e+03
1.088082958388908082e+03
1.088082958388908082e+03
1.105631202150111903e+03
1.062259738359031189e+03
1.062259738359031189e+03
1.023057979474139643e+03
1.023057979474139643e+03
1.011480125617672456e+03
9.999022717612053839e+02
1.003735402851201570e+03
1.003735402851201570e+03
1.083451982570489008e+03
1.083451982570489008e+03
1.058516937569807624e+03
1.049893730249566943e+03
1.041270522929326035e+03
1.032100916764821250e+03
1.017471611601838390e+03
1.015317068075850443e+03
9.961048643659238451e+02
1.015317068075850443e+03
1.043413609361858107e+03
1.071510150647865657e+03
1.084731835684330918e+03
1.105614578580275065e+03
1.151306429817052049e+03
1.151306429817052049e+03
1.151306429817052049e+03
1.231101530540314343e+03
1.310896631263576865e+03
1.564591056684551404e+03
1.584106454021762374e+03
1.610382084730645829e+03
1.610382084730645829e+03
1.688836494054381546e+03
1.716623391500225807e+03
1.744410288946070295e+03
1.822412533639667117e+03
2.098189783548416472e+03
2.110300250704722202e+03
2.159453323539446956e+03
2.176910302441006479e+03
2.214669005974638367e+03
2.252427709508270254e+03
2.289614829381144773e+03
2.327708286882038465e+03
2.348357539316877137e+03
2.397100483174540841e+03
2.423088131518251430e+03
2.451722857243372346e+03
2.480357582968492807e+03
2.486040055437493720e+03
2.632454012195122232e+03
2.715311956981740877e+03
2.994873091927120186e+03
3.056179868993437140e+03
3.065089917786089245e+03
3.073999966578741805e+03
3.073999966578741805e+03
2.939434809771078108e+03
2.887202553620837080e+03
2.787533843869459815e+03
2.787533843869459815e+03
2.917314834201680242e+03
3.047095824533900668e+03
3.109248892207759582e+03
3.171401959881618495e+03
3.171401959881618495e+03
3.213627214117958829e+03
3.213627214117958829e+03
3.213627214117958829e+03
3.213627214117958829e+03
3.360135289613728673e+03
3.249517515773613013e+03
3.249517515773613013e+03
3.249517515773613013e+03
3.466750514743921030e+03
3.546963785179446859e+03
3.627177055614973142e+03
3.691238349203314101e+03
3.691238349203314101e+03
3.369268697597912706e+03
3.369268697597912706e+03
3.342946783685170431e+03
3.314240702605147817e+03
3.285534621525125203e+03
3.111802326566801639e+03
3.037969421334240906e+03
2.950748628133009788e+03
2.950748628133009788e+03
3.057262945328342084e+03
3.087204550916008884e+03
3.117146156503675229e+03
3.117146156503675229e+03
3.166044067457594338e+03
3.204252253805159853e+03
3.204252253805159853e+03
3.034905237017868330e+03
3.034905237017868330e+03
3.033727044609665427e+03
3.033727044609665427e+03
3.036277081206844741e+03
3.036277081206844741e+03
3.036277081206844741e+03
3.036277081206844741e+03
2.952872203088667447e+03
2.869467324970490608e+03
2.800475776099745417e+03
2.671933028391487824e+03
2.371002668727135188e+03
2.355260568281718861e+03
2.159414088372735023e+03
2.123560385326681171e+03
2.087706682280626865e+03
1.904263357671246013e+03
1.904263357671246013e+03
1.909976170340903991e+03
1.909976170340903991e+03
1.866661175412107923e+03
1.866661175412107923e+03
1.866661175412107923e+03
1.882248386562132737e+03
1.928536327827996729e+03
1.928536327827996729e+03
1.961083819534062513e+03
1.978035678018745102e+03
1.978035678018745102e+03
1.978035678018745102e+03
1.976226831854691909e+03
1.973279274354923928e+03
1.976226831854691909e+03
2.022358029028465580e+03
2.061286310699889327e+03
2.104169752301731933e+03
2.147053193903574083e+03
2.155514697095325118e+03
2.155514697095325118e+03
2.155514697095325118e+03
2.169726065258386370e+03
2.224555713088901939e+03
2.226211550319782873e+03
2.227867387550663807e+03
2.313884400961455867e+03
2.345287522287922457e+03
2.418729275133458486e+03
2.424388679345799119e+03
2.542292135069190863e+03
2.542292135069190863e+03
2.542292135069190863e+03
2.390802919606602245e+03
2.390802919606602245e+03
2.390802919606602245e+03
2.347259214424660058e+03
2.325042393924523822e+03
2.314388702110305985e+03
2.303735010296088149e+03
2.298159588581236676e+03
2.303735010296088149e+03
2.284928698332062140e+03
2.334916343040089032e+03
2.416616253162076191e+03
2.416616253162076191e+03
2.416616253162076191e+03
2.405575518923601066e+03
2.326948782017014310e+03
2.326864381243712160e+03
2.326767717500392337e+03
2.326767717500392337e+03
2.339463812191747365e+03
2.352159906883102394e+03
2.374645915677418088e+03
2.408427069317917812e+03
2.414084921861404382e+03
2.414084921861404382e+03
2.337692617626253650e+03
2.320612012367128045e+03
2.303531407108002441e+03
2.130157392953274666e+03
2.086957102818644216e+03
2.020202261801731538e+03
1.985607571735199144e+03
1.985607571735199144e+03
1.970543662600726748e+03
1.955479753466254351e+03
1.954316588204959999e+03
1.938031484856343923e+03
1.954316588204959999e+03
1.897303931190449021e+03
1.954993912052702854e+03
1.935363570698173589e+03
1.915733229343644325e+03
1.915733229343644325e+03
1.807374501176428794e+03
1.775685110880823231e+03
1.731166977988837061e+03
1.731166977988837061e+03
1.727613563886551674e+03
1.724060149784266287e+03
1.736739313736340591e+03
1.746105414460376551e+03
1.756768159001705044e+03
1.756768159001705044e+03
1.749415580310676205e+03
1.748561319696169903e+03
1.747707059081663601e+03
1.679736963515884327e+03
1.661309868453052331e+03
1.660951737454161503e+03
1.637409350397394292e+03
1.656110731800041549e+03
1.646760041098717920e+03
1.637409350397394292e+03
1.565681368560761712e+03
1.505989311717951068e+03
1.452509698115766923e+03
1.440278072377000399e+03
1.430340431644089904e+03
1.411042470905571008e+03
1.391744510167052113e+03
1.327169982735707663e+03
1.293787687391503823e+03
1.244334697362375891e+03
1.244334697362375891e+03
1.268450862197097194e+03
1.268450862197097194e+03
1.268450862197097194e+03
1.204056260923792706e+03
1.145068121795133038e+03
1.118709491101538333e+03
1.110320329130916889e+03
1.110410016344039377e+03
1.080022857108070866e+03
1.049635697872102355e+03
1.049635697872102355e+03
1.027940113932069153e+03
1.013181135822874353e+03
1.013181135822874353e+03
1.030651414305713843e+03
1.030651414305713843e+03
1.030651414305713843e+03
1.013923134793024815e+03
9.550703063410708182e+02
9.492713792085592104e+02
9.284132005272662127e+02
9.492713792085592104e+02
9.979393717918389939e+02
1.046607364375118777e+03
1.046804050562419434e+03
1.046804050562419434e+03
1.073913198254314921e+03
1.095821112706121767e+03
1.183193822013433646e+03
1.233095751475994803e+03
1.282997680938556186e+03
1.282997680938556186e+03
1.262281858991897252e+03
1.248602948734354413e+03
1.242278986071794634e+03
1.155395626806993505e+03
1.136023578366820402e+03
1.116651529926647299e+03
9.772527699499876235e+02
8.732023022630086189e+02
8.732023022630086189e+02
9.017915811732841576e+02
9.216356466911515781e+02
9.130610186504254671e+02
9.044863906096992423e+02
9.044863906096992423e+02
7.746338484017360315e+02
6.997505725237923571e+02
6.997505725237923571e+02
7.345297513381462977e+02
7.864728605422803867e+02
8.384159697464143619e+02
8.636505090617285987e+02
8.650861934834925933e+02
8.653181765431577332e+02
9.233594263463510288e+02
9.239963718484664241e+02
9.344650827717648554e+02
9.449337936950631729e+02
9.449337936950631729e+02
9.449337936950631729e+02
9.767996288860704226e+02
9.940985543318829514e+02
1.022426991529853581e+03
1.026505668629021557e+03
1.030584345728189646e+03
1.041454548453964890e+03
1.041454548453964890e+03
1.122695341097717119e+03
1.143332151860912973e+03
1.258891720193037600e+03
1.258891720193037600e+03
1.258891720193037600e+03
1.080614030763472783e+03
9.659175249220679689e+02
9.589730123483137731e+02
9.589730123483137731e+02
1.017172582510381176e+03
1.073647116520758118e+03
1.130121650531134947e+03
1.130121650531134947e+03
1.124433316564886354e+03
1.117542172259855533e+03
1.052186766443162242e+03
9.362523241604524173e+02
9.362523241604524173e+02
8.128752153990764100e+02
8.724001508860367267e+02
8.128752153990764100e+02
8.724001508860367267e+02
9.471230154669150352e+02
9.893325294934611520e+02
1.055820033012379554e+03
1.108217280709496890e+03
1.108217280709496890e+03
1.130141248942434231e+03
1.102055347074050815e+03
1.102055347074050815e+03
1.102055347074050815e+03
1.240201918530611692e+03
1.240201918530611692e+03
1.233339338445494832e+03
1.233339338445494832e+03
1.174027152294853522e+03
1.171405008708537707e+03
1.171405008708537707e+03
1.234828869054867710e+03
1.298252729401197712e+03
1.298478557838293227e+03
1.299361433966739241e+03
1.299361433966739241e+03
1.292641963059960290e+03
1.292641963059960290e+03
1.307275445333104017e+03
1.321908927606247971e+03
1.562588456249000728e+03
1.777285621473014317e+03
1.984103160205912900e+03
2.042676250219080430e+03
2.042676250219080430e+03
2.160011406336662731e+03
2.277346562454244577e+03
2.277346562454244577e+03
2.132379784203103100e+03
1.980373767031940815e+03
1.951663043181157036e+03
1.878032743421662417e+03
1.866159239121245719e+03
1.854285734820828793e+03
1.763638842960288912e+03
1.711080630501036239e+03
1.521720781796329220e+03
1.521720781796329220e+03
1.592124708292646346e+03
1.604540574055981324e+03
1.616956439819316302e+03
1.616956439819316302e+03
1.616956439819316302e+03
1.597125550648556100e+03
1.584535019159011426e+03
1.597125550648556100e+03
1.604817678373145554e+03
1.612509806097735009e+03
1.683961127825820995e+03
1.612509806097735009e+03
1.689783000770130457e+03
1.629473498563218300e+03
1.724303573359601842e+03
1.828157842685835476e+03
1.932012112012068883e+03
1.955571519764795994e+03
1.955571519764795994e+03
1.976914960616818689e+03
2.052815118181135858e+03
2.052815118181135858e+03
2.141419375230070273e+03
2.230023632279004687e+03
2.405815820066445667e+03
2.405815820066445667e+03
2.204823700278538126e+03
2.204823700278538126e+03
2.468233246365701689e+03
2.621304197420046876e+03
2.774375148474392063e+03
2.776201126886417569e+03
2.774375148474392063e+03
2.703563961236176965e+03
2.667335151074899841e+03
2.654689572473817861e+03
2.654689572473817861e+03
2.654689572473817861e+03
2.690951262608867182e+03
2.726801092393417093e+03
2.744374052812859190e+03
2.726801092393417093e+03
2.744374052812859190e+03
2.664657551337069890e+03
2.584941049861280135e+03
2.660834306626584748e+03
2.623856525396472080e+03
2.623856525396472080e+03
2.577539920653607169e+03
2.577539920653607169e+03
2.577539920653607169e+03
2.577539920653607169e+03
2.584260137218455839e+03
2.584260137218455839e+03
2.599294854913769086e+03
2.701030866669175794e+03
2.764028369823002322e+03
2.732529618246088830e+03
2.701030866669175794e+03
2.772681414521052830e+03
2.798942961605864184e+03
2.815233202956188961e+03
2.916701951988889050e+03
2.815233202956188961e+03
2.783301155437350644e+03
2.751369107918511872e+03
2.619424401510590542e+03
2.574841801113047495e+03
2.485397129382413368e+03
2.430832161595990783e+03
2.411913559076123420e+03
2.411913559076123420e+03
2.411913559076123420e+03
2.413877517356954286e+03
2.435678431229515354e+03
2.457479345102076422e+03
2.457479345102076422e+03
2.301100133446905602e+03
2.297705440959124644e+03
2.294310748471344141e+03
2.301091641826586056e+03
2.297122428560770004e+03
2.297122428560770004e+03
2.154046785868446477e+03
2.154046785868446477e+03
2.216351779339653149e+03
2.278656772810859820e+03
2.324506160387273667e+03
2.324506160387273667e+03
2.339111390066225340e+03
2.566369713072069317e+03
2.566369713072069317e+03
2.566369713072069317e+03
2.814058038495863457e+03
2.829399426094339105e+03
2.879638563315184001e+03
2.891570862567065888e+03
2.879638563315184001e+03
2.879638563315184001e+03
2.879638563315184001e+03
2.800955002768749182e+03
2.800955002768749182e+03
2.799587802224633379e+03
2.799587802224633379e+03
2.822234457002916770e+03
2.844222027110378349e+03
2.844222027110378349e+03
2.844222027110378349e+03
2.723455573786061905e+03
2.706272037226854991e+03
2.449802905838041625e+03
2.357703899728464421e+03
2.221927679072476167e+03
2.221927679072476167e+03
2.221927679072476167e+03
2.410006699312662477e+03
2.429934474601047441e+03
2.424509654103096636e+03
2.424509654103096636e+03
2.424509654103096636e+03
2.433039293546495628e+03
2.441568932989894620e+03
2.518134631742163947e+03
2.497375944770104979e+03
2.632409993547162685e+03
2.682421475701245072e+03
2.682421475701245072e+03
2.644589781605004646e+03
2.606758087508764220e+03
2.602249230214997624e+03
2.520959088491437342e+03
2.602249230214997624e+03
2.445775337997165934e+03
2.440493055884765909e+03
2.420390228023882628e+03
2.400287400162998892e+03
2.306067211079526260e+03
2.298367322809786856e+03
2.188379792070906660e+03
2.093984508342730805e+03
2.093984508342730805e+03
2.119777388414100187e+03
2.145570268485469569e+03
2.191168111768416111e+03
2.376345527485731964e+03
2.376345527485731964e+03
2.272140297630416171e+03
2.272140297630416171e+03
2.321864416904693826e+03
2.371588536178971481e+03
2.371588536178971481e+03
2.365729488389182279e+03
2.255040049346097021e+03
2.255040049346097021e+03
2.255255132564928317e+03
2.342504349740941507e+03
2.429753566916954242e+03
2.429753566916954242e+03
2.392847386790936980e+03
2.386901558792825199e+03
2.392847386790936980e+03
2.410215167959319842e+03
2.436821944781156162e+03
2.463428721602992027e+03
2.525575191027056917e+03
2.525575191027056917e+03
2.525575191027056917e+03
2.605391035170129726e+03
2.613972804795494540e+03
2.643066842962683950e+03
2.672160881129872905e+03
2.672160881129872905e+03
2.622862759344117876e+03
2.567146007605882005e+03
2.531797489416156168e+03
2.467170343202770709e+03
2.451158013508149452e+03
2.435145683813528194e+03
2.467170343202770709e+03
2.471383976347062799e+03
2.511829566104708192e+03
2.511829566104708192e+03
2.502861508844048785e+03
2.449565835719668485e+03
2.396270162595288184e+03
2.204322627748956165e+03
2.095463917772164223e+03
2.005547766313243528e+03
1.995221836055546419e+03
1.994569257822198324e+03
1.978487235385880695e+03
1.962405212949563065e+03
1.957912384419432783e+03
1.936187056667444040e+03
1.896755855116088014e+03
1.896755855116088014e+03
1.945451560755750506e+03
1.945451560755750506e+03
1.945451560755750506e+03
1.877718076430696101e+03
1.756605335480224312e+03
1.659044880704300795e+03
1.585423684199595755e+03
1.585423684199595755e+03
1.585423684199595755e+03
1.585423684199595755e+03
1.570158211042519270e+03
1.503272492384040333e+03
1.390102741513515411e+03
1.390102741513515411e+03
1.404043421888897228e+03
1.466910129415469328e+03
1.529776836942041427e+03
1.529776836942041427e+03
1.454817666332268345e+03
1.452287754328253413e+03
1.452158582830717023e+03
1.452158582830717023e+03
1.452158582830717023e+03
1.452158582830717023e+03
1.401038838903503574e+03
1.361423816808761785e+03
1.293627846378713912e+03
1.259300730493974243e+03
1.259300730493974243e+03
1.265910912038386869e+03
1.272521093582799494e+03
1.272521093582799494e+03
1.250823826679494687e+03
1.246945893151643531e+03
1.246945893151643531e+03
1.248793166167512709e+03
1.262448752030144988e+03
1.276104337892777494e+03
1.276104337892777494e+03
1.269486774475244829e+03
1.269486774475244829e+03
1.271984061322956904e+03
1.295387615816945299e+03
1.342344962998166920e+03
1.389302310179388314e+03
1.415257888304488915e+03
1.415257888304488915e+03
1.342227721665281933e+03
1.342227721665281933e+03
1.387494933984065256e+03
1.410482961305516255e+03
1.433470988626967028e+03
1.433470988626967028e+03
1.429677252696893220e+03
1.429677252696893220e+03
1.492535627447308798e+03
1.516965151800505964e+03
1.516965151800505964e+03
1.516965151800505964e+03
1.500405476441606879e+03
1.500405476441606879e+03
1.513850071762240759e+03
1.513850071762240759e+03
1.447814030160946459e+03
1.432329085126839800e+03
1.416844140092733142e+03
1.372237539395712020e+03
1.369209789653298458e+03
1.329901116757174805e+03
1.317668540502649648e+03
1.316293793986828405e+03
1.311561621537739711e+03
1.306829449088651018e+03
1.302684518926269902e+03
1.302684518926269902e+03
1.122071879883749034e+03
9.709194549585452023e+02
7.937183672304452102e+02
7.857795789673498348e+02
7.778407907042544593e+02
7.557345836197582685e+02
7.383312657046674303e+02
6.460207705134560001e+02
6.460207705134560001e+02
6.564975116395345367e+02
7.769507037791770472e+02
8.974038959188194440e+02
8.974038959188194440e+02
8.659079819208567415e+02
8.059634583662282239e+02
8.059634583662282239e+02
9.055335445148624558e+02
9.055335445148624558e+02
9.055335445148624558e+02
7.989653176269122241e+02
7.138132692941915138e+02
7.138132692941915138e+02
7.624899719266293232e+02
7.674874016399418224e+02
7.925536748477882156e+02
8.176199480556344952e+02
8.176199480556344952e+02
8.526608838089920255e+02
8.711760784267295321e+02
1.039219483864397034e+03
1.314637193076604490e+03
1.413655321273149411e+03
1.512673449469694333e+03
1.566595071560124552e+03
1.642182774597095658e+03
1.777313610423948603e+03
1.916487567759710373e+03
1.991265231047492080e+03
1.991265231047492080e+03
1.991265231047492080e+03
2.003993694765020336e+03
2.020827171899868063e+03
2.202188896947600369e+03
2.343926173661594021e+03
2.402752219868198154e+03
2.418367702606750299e+03
2.433983185345302445e+03
2.402752219868198154e+03
2.365247883671643194e+03
2.357450047311941944e+03
2.357450047311941944e+03
2.357450047311941944e+03
2.382712861191763295e+03
2.407975675071584192e+03
2.407975675071584192e+03
2.182605033018868198e+03
2.044892206863049296e+03
2.044892206863049296e+03
2.044892206863049296e+03
2.029095982813603996e+03
2.013299758764158696e+03
1.882482746757792029e+03
1.842717259572244075e+03
1.842717259572244075e+03
1.703016666205662887e+03
1.636515176506369244e+03
1.600315950920245314e+03
1.553044203022731381e+03
1.483467342970310710e+03
1.448940460960124938e+03
1.448940460960124938e+03
1.418540482169723191e+03
1.348275779055633620e+03
1.280610230131000208e+03
1.264864107173724960e+03
1.156938121731135197e+03
9.553725584819840151e+02
9.553725584819840151e+02
9.553725584819840151e+02
9.553725584819840151e+02
9.553725584819840151e+02
9.553725584819840151e+02
1.034409328591696976e+03
1.034409328591696976e+03
9.756065975788756077e+02
9.650879749575142341e+02
9.135102120073671585e+02
9.101433590235619704e+02
9.067765060397567822e+02
9.135102120073671585e+02
9.007041795313223247e+02
8.363057380515011801e+02
8.297519552378507797e+02
8.154641967341295867e+02
8.114678245238745831e+02
8.074714523136195794e+02
8.129651115083910327e+02
8.114349091121789570e+02
8.129651115083910327e+02
8.114349091121789570e+02
8.283389678836996382e+02
8.860772166162439589e+02
9.438154653487883934e+02
9.529292176164592547e+02
9.791608732016563863e+02
9.791608732016563863e+02
9.534150478843040446e+02
9.534150478843040446e+02
9.534150478843040446e+02
9.534150478843040446e+02
9.680789588981793941e+02
9.296683891312871992e+02
9.430571675124348303e+02
9.430571675124348303e+02
9.729448141014038356e+02
9.796540740983705291e+02
9.863633340953372226e+02
9.873424023383388430e+02
9.919119426968292146e+02
1.010917039665933999e+03
1.029011907573669987e+03
1.078400840261584108e+03
1.159296056807046170e+03
1.240191273352508233e+03
1.269874274208453016e+03
1.270926775950344108e+03
1.287152024684218077e+03
1.411414140975987493e+03
1.411414140975987493e+03
1.398526221334851016e+03
1.385638301693714311e+03
1.371274622965798017e+03
1.211504559294065757e+03
1.181391051049894486e+03
1.058198467037404953e+03
1.058198467037404953e+03
1.042934696240534777e+03
1.027670925443664601e+03
9.941303669724771908e+02
9.825755392990328119e+02
9.308870653839882152e+02
9.080680751098039991e+02
9.080680751098039991e+02
9.298746715410295565e+02
9.516812679722552275e+02
9.516812679722552275e+02
9.432378188627742475e+02
9.068433722619879518e+02
8.919116803489849872e+02
8.919116803489849872e+02
8.919116803489849872e+02
8.919116803489849872e+02
8.639639652014652711e+02
7.944528011676820825e+02
8.114765901621872217e+02
8.114765901621872217e+02
8.531349210944730430e+02
8.531349210944730430e+02
8.531349210944730430e+02
8.473007433211238322e+02
8.418365191297824595e+02
8.418365191297824595e+02
8.418365191297824595e+02
8.443519483461710706e+02
8.512230057120884794e+02
8.580940630780060019e+02
8.580940630780060019e+02
8.512979142009512543e+02
8.510696803816191505e+02
