4.149647413793103624e+03
4.149647413793103624e+03
4.149647413793103624e+03
4.149647413793103624e+03
3.805349811320753815e+03
3.805349811320753815e+03
4.089475789473684927e+03
4.089475789473684927e+03
4.089475789473684927e+03
3.701042142377434175e+03
3.701042142377434175e+03
3.985116743119266175e+03
4.068740542372881009e+03
4.068740542372881009e+03
3.873902638713614579e+03
3.679064735054348148e+03
3.433063345319568725e+03
3.433063345319568725e+03
3.433063345319568725e+03
3.696541333819684951e+03
3.696541333819684951e+03
3.844154425759538753e+03
3.991767517699393011e+03
4.136260261312938383e+03
4.136260261312938383e+03
4.136260261312938383e+03
4.136260261312938383e+03
4.136260261312938383e+03
5.696581565396499172e+03
5.696581565396499172e+03
5.696581565396499172e+03
5.696581565396499172e+03
5.808288074712643720e+03
5.700841739565108583e+03
5.808288074712643720e+03
5.844711980636222506e+03
5.881135886559802202e+03
5.881135886559802202e+03
5.825532149088026017e+03
5.825532149088026017e+03
5.885196035517304153e+03
5.907744617478076179e+03
5.907744617478076179e+03
5.907744617478076179e+03
5.608563992300944847e+03
5.548404977106013575e+03
5.244523226297035762e+03
5.190622025587077587e+03
4.995114417893710197e+03
4.940211296351108103e+03
4.885308174808506919e+03
4.596078669153250303e+03
4.515413377462602512e+03
4.515413377462602512e+03
4.663666556946929632e+03
4.674675605411292054e+03
4.712351451518792601e+03
4.750027297626293148e+03
4.799594791147662363e+03
4.853683379806929224e+03
4.853683379806929224e+03
4.852051959583064672e+03
4.630779778999445625e+03
4.524753046663548957e+03
4.418726314327652290e+03
4.201989885302188668e+03
4.170595620973203040e+03
4.157866974589800520e+03
4.157866974589800520e+03
4.233697532621142273e+03
4.297729258613817365e+03
4.361760984606493366e+03
4.379337008595241969e+03
4.361760984606493366e+03
4.249017622835302973e+03
4.249017622835302973e+03
4.244645465081362090e+03
4.236480999838947355e+03
4.228316534596532620e+03
4.162705559840031128e+03
4.039726596712914215e+03
4.032783788581481531e+03
4.032783788581481531e+03
4.092081671217094026e+03
4.092081671217094026e+03
4.092081671217094026e+03
3.983254198923903914e+03
3.963680728984607867e+03
3.963680728984607867e+03
3.984610156552106218e+03
3.984610156552106218e+03
3.906354220448029992e+03
3.828098284343954219e+03
3.630139890244744947e+03
3.492330436531181022e+03
3.492330436531181022e+03
3.511588365004005027e+03
3.514393571057888039e+03
3.514393571057888039e+03
3.514393571057888039e+03
3.510867661585424685e+03
3.486905757488274958e+03
3.446483168476650008e+03
3.446483168476650008e+03
3.482157691877807792e+03
3.496372987155020382e+03
3.510588282432233427e+03
3.482157691877807792e+03
3.321301656201844253e+03
3.321301656201844253e+03
3.447977835979851534e+03
3.596653688076881735e+03
3.653367879142761467e+03
3.710082070208641198e+03
3.801901834406715807e+03
3.919861974315201678e+03
3.933609148105742406e+03
3.933609148105742406e+03
3.940352093028872787e+03
3.920602276494776561e+03
3.900852459960680790e+03
3.882644250547044066e+03
3.634558041943585977e+03
3.634558041943585977e+03
3.868729970775625588e+03
3.868729970775625588e+03
3.815980073091633130e+03
3.763230175407640218e+03
3.759295437700848197e+03
3.759295437700848197e+03
3.759295437700848197e+03
3.755437543621359964e+03
3.746282682760096577e+03
3.682028443327774312e+03
3.617774203895452047e+03
3.483672445498692014e+03
3.330571731670754616e+03
3.171404941208094442e+03
3.138791972392846219e+03
3.113976842383582607e+03
3.036402585316379827e+03
2.958828328249177048e+03
2.719651482324958579e+03
2.468192365515226811e+03
2.357575179738411407e+03
2.357575179738411407e+03
2.326804924793927967e+03
2.323540301188327703e+03
2.320275677582727440e+03
2.226813331731754715e+03
2.103312346444040941e+03
2.017849820120963159e+03
1.940381192695706886e+03
1.881109564625702887e+03
1.877185876165005993e+03
1.873262187704308872e+03
1.745348588255817504e+03
1.720621447228099896e+03
1.720621447228099896e+03
1.803992425590163975e+03
1.975633948055700102e+03
2.033717663091355007e+03
2.091801378127010139e+03
2.175884320582545570e+03
2.175884320582545570e+03
2.175884320582545570e+03
2.231873257708989968e+03
2.231873257708989968e+03
2.217036436179767406e+03
2.202199614650545300e+03
2.047320912267980020e+03
1.862088803708302294e+03
1.737393217452371118e+03
1.658375611326578110e+03
1.653009791227405231e+03
1.595552691161853772e+03
1.538095591096302314e+03
1.316703761420729506e+03
1.227422447631981186e+03
1.087232237817152736e+03
1.069711869153016323e+03
9.928744649180644046e+02
9.798543089367244647e+02
9.668341529553844111e+02
8.887295222232779679e+02
8.887295222232779679e+02
8.887295222232779679e+02
8.801013891083238150e+02
8.801013891083238150e+02
8.993387815243045225e+02
9.185761739402852299e+02
9.185761739402852299e+02
9.169145791913027779e+02
9.169145791913027779e+02
9.905315327499564546e+02
1.080690601958420757e+03
1.080690601958420757e+03
1.080690601958420757e+03
9.930204314787349631e+02
9.930204314787349631e+02
1.000843285435476446e+03
1.202386107667710803e+03
1.368392557642793918e+03
1.473110299296697804e+03
1.577828040950601689e+03
1.577828040950601689e+03
1.513284334595071641e+03
1.513284334595071641e+03
1.591589404154324711e+03
1.790684029517481804e+03
1.879428378092074354e+03
1.968172726666666904e+03
2.004449752155516080e+03
2.004449752155516080e+03
2.171883723370840016e+03
2.171883723370840016e+03
2.114866111451520283e+03
2.014109231756634017e+03
1.913352352061747979e+03
1.913352352061747979e+03
1.822853206205530341e+03
1.599767903809059817e+03
1.558935056802841018e+03
1.558935056802841018e+03
1.599617618388002938e+03
1.640300179973164859e+03
1.640300179973164859e+03
1.582179968897030903e+03
1.582179968897030903e+03
1.493787590557390331e+03
1.445789869344146382e+03
1.430555709696710437e+03
1.415321550049274492e+03
1.247782025639215362e+03
1.154544060417592391e+03
1.154544060417592391e+03
1.164816446822205762e+03
1.195672630685285185e+03
1.264541440368080202e+03
1.333410250050874993e+03
1.349995196687465977e+03
1.402938452752465309e+03
1.418837978470457301e+03
1.441546251382752416e+03
1.482689838354005133e+03
1.554778250783439489e+03
1.626866663212873846e+03
1.714961514013291435e+03
1.674368134838001652e+03
1.714961514013291435e+03
1.718277595078299555e+03
1.744455225959721702e+03
1.797149828048284689e+03
1.849844430136847905e+03
1.876892914266576781e+03
1.876892914266576781e+03
1.850220379275046753e+03
1.837623624139240292e+03
1.820799400485397655e+03
1.785403067829123984e+03
1.750006735172850313e+03
1.664742636991331892e+03
1.489297674296900823e+03
1.460282269483438085e+03
1.460282269483438085e+03
1.460282269483438085e+03
1.445327209230589006e+03
1.430372148977739926e+03
1.453327017742167754e+03
1.430372148977739926e+03
1.453327017742167754e+03
1.434186275583384031e+03
1.492871157073368067e+03
1.666194689745264441e+03
1.744564046024084291e+03
1.744564046024084291e+03
1.744564046024084291e+03
1.744564046024084291e+03
1.428151338028168993e+03
1.428151338028168993e+03
1.332915752276438980e+03
1.237680166524709193e+03
1.221395084094425101e+03
1.202811314125874105e+03
1.133939853896103614e+03
1.133939853896103614e+03
1.131102820411043695e+03
1.176068248176796715e+03
1.221033675942549507e+03
1.199729784240149911e+03
1.221033675942549507e+03
1.252068256972111612e+03
1.252068256972111612e+03
1.165141453915453894e+03
1.165141453915453894e+03
1.165141453915453894e+03
1.006395363188343595e+03
9.791389752446748389e+02
9.791389752446748389e+02
1.040047629310344746e+03
1.040047629310344746e+03
8.811717391834743012e+02
7.222958490566037426e+02
7.222958490566037426e+02
8.146844999999999573e+02
8.146844999999999573e+02
8.146844999999999573e+02
8.146844999999999573e+02
8.146844999999999573e+02
8.146844999999999573e+02
8.146844999999999573e+02
8.146844999999999573e+02
8.146844999999999573e+02
8.146844999999999573e+02
8.146844999999999573e+02
8.146844999999999573e+02
8.146844999999999573e+02
8.146844999999999573e+02
8.146844999999999573e+02
8.146844999999999573e+02
1.475472203389830383e+03
1.475472203389830383e+03
1.475472203389830383e+03
1.475472203389830383e+03
1.475472203389830383e+03
1.475472203389830383e+03
1.475472203389830383e+03
1.475472203389830383e+03
1.475472203389830383e+03
1.475472203389830383e+03
1.475472203389830383e+03
1.475472203389830383e+03
1.475472203389830383e+03
1.475472203389830383e+03
2.802800000000000182e+03
2.802800000000000182e+03
2.802800000000000182e+03
2.802800000000000182e+03
3.399400000000000091e+03
3.996000000000000000e+03
4.837416346153847371e+03
4.983550000000000182e+03
4.983550000000000182e+03
4.837416346153847371e+03
4.837416346153847371e+03
4.673089473684210134e+03
4.673089473684210134e+03
3.303300000000000182e+03
3.303300000000000182e+03
3.303300000000000182e+03
3.303300000000000182e+03
3.057955932203389693e+03
3.057955932203389693e+03
3.057955932203389693e+03
3.057955932203389693e+03
3.057955932203389693e+03
2.760570000000000164e+03
2.760570000000000164e+03
2.760570000000000164e+03
3.208249660936007785e+03
3.655929321872015862e+03
5.807208746957512631e+03
7.958488172043010309e+03
6.487000000000000000e+03
6.487000000000000000e+03
6.487000000000000000e+03
6.487000000000000000e+03
6.487000000000000000e+03
6.487000000000000000e+03
5.835945348837209167e+03
5.835945348837209167e+03
5.059183299418604292e+03
4.282421250000000327e+03
4.282421250000000327e+03
4.381883047619047829e+03
4.805651076923077198e+03
4.381883047619047829e+03
4.805651076923077198e+03
4.934631810137838329e+03
5.063612543352600369e+03
5.415555316455696811e+03
5.063612543352600369e+03
5.679871830985915039e+03
5.735925000000000182e+03
5.735925000000000182e+03
5.735925000000000182e+03
5.735925000000000182e+03
4.624330142857143073e+03
5.826943883040935361e+03
5.018509186351706376e+03
5.448358827906977240e+03
5.420820706521739339e+03
5.420820706521739339e+03
5.420820706521739339e+03
4.901342756640344305e+03
4.901342756640344305e+03
4.901342756640344305e+03
4.796158766644474781e+03
4.728874894768490776e+03
4.762516830706483233e+03
4.796158766644474781e+03
4.575258793589655397e+03
4.850744098302896418e+03
4.575258793589655397e+03
4.850744098302896418e+03
4.555158710456573317e+03
4.276771213494729636e+03
4.232640668523677050e+03
3.759533091405883170e+03
3.432872458635875773e+03
3.432872458635875773e+03
3.432872458635875773e+03
3.432872458635875773e+03
3.860525420598215987e+03
3.860525420598215987e+03
3.877759785193015887e+03
3.877759785193015887e+03
4.094538131306033392e+03
4.299124208579510196e+03
4.299124208579510196e+03
4.260487575820803613e+03
4.221850943062096121e+03
4.002945114595406267e+03
4.002945114595406267e+03
4.122676189858235375e+03
4.177105233655905977e+03
4.214020790647696231e+03
4.222404168091072279e+03
4.230787545534447418e+03
4.214020790647696231e+03
4.210652174753166946e+03
4.210652174753166946e+03
4.498899898374407712e+03
4.682088214733913446e+03
4.764360453452889487e+03
4.846632692171865529e+03
5.153861132284800988e+03
5.179904428803306473e+03
5.293910215949632402e+03
5.252625487546981276e+03
5.252625487546981276e+03
5.161168896761480937e+03
5.069712305975981508e+03
5.069712305975981508e+03
5.141045536425082901e+03
5.432114969378159913e+03
5.819332588765862965e+03
5.819332588765862965e+03
5.767433807041225919e+03
5.715535025316588872e+03
5.653549184788409548e+03
5.438315590173613600e+03
5.282660057187538769e+03
5.266365597424569387e+03
5.154251933797032507e+03
5.136917476783099119e+03
5.119583019769164821e+03
5.154251933797032507e+03
5.234171441231633253e+03
5.407758944057934059e+03
5.407758944057934059e+03
5.168702728356911393e+03
5.168702728356911393e+03
5.168702728356911393e+03
5.201235513357686614e+03
5.232434429397338135e+03
5.201235513357686614e+03
4.938633617398962087e+03
4.576711585327461762e+03
4.472722099525423801e+03
4.368732613723385839e+03
4.215820660572117049e+03
4.215820660572117049e+03
4.242838504978850324e+03
4.293264858997564261e+03
4.293264858997564261e+03
4.225832451597067120e+03
4.158400044196569070e+03
3.764613892808233686e+03
3.433328016175809353e+03
3.433328016175809353e+03
3.474532552421047512e+03
3.803448248533205060e+03
3.834001879452584490e+03
3.864555510371963919e+03
3.895806570735696823e+03
3.895806570735696823e+03
3.857850280312246923e+03
3.632232407555584814e+03
3.459005531457435154e+03
3.440721163449731648e+03
3.422436795442028142e+03
3.368120373164899775e+03
3.115741203137470620e+03
2.944561303263712944e+03
2.643853558894913022e+03
2.108527494863831180e+03
2.041180472763996022e+03
1.973833450664160864e+03
1.790708365472911282e+03
1.628271260585469918e+03
1.628271260585469918e+03
1.752085299307781270e+03
1.949462366015972975e+03
1.949462366015972975e+03
1.949462366015972975e+03
1.932053829646129998e+03
1.932053829646129998e+03
2.103212415750000218e+03
2.255088194590402509e+03
2.317181250444528814e+03
2.317181250444528814e+03
2.317181250444528814e+03
2.135137741432505663e+03
2.061376697677730135e+03
2.061376697677730135e+03
2.276176486234872300e+03
2.754129774203838679e+03
2.764327926447888785e+03
2.774526078691938437e+03
2.845096497348577032e+03
2.922370784332678795e+03
3.082946154622527047e+03
3.345799302079301015e+03
3.598358553739366926e+03
3.598358553739366926e+03
3.598358553739366926e+03
3.315269411404034599e+03
3.315269411404034599e+03
3.393292109359034839e+03
3.423230608752572152e+03
3.423230608752572152e+03
3.189333633584523341e+03
2.955436658416474529e+03
2.445023943414155838e+03
2.056297928859140484e+03
1.863601968093463938e+03
1.833321462005834292e+03
1.729140587688991900e+03
1.605323805421318866e+03
1.481507023153645605e+03
1.248569345662001297e+03
1.248569345662001297e+03
1.194407984813927897e+03
1.194407984813927897e+03
1.002481359151884021e+03
1.002481359151884021e+03
1.002481359151884021e+03
1.035821909576301096e+03
1.042244618534785559e+03
1.042244618534785559e+03
9.317872252359708227e+02
9.253516126438009906e+02
9.126874002261973828e+02
9.000231878085937751e+02
9.253516126438009906e+02
9.348759733225480204e+02
9.531996572733405628e+02
9.975423263686774362e+02
1.108239444434986353e+03
1.109032135937818339e+03
1.109824827440650324e+03
1.109824827440650324e+03
1.109824827440650324e+03
1.127132697560779206e+03
1.295196645759237754e+03
1.592213674300080811e+03
1.760250761182558790e+03
1.928287848065036769e+03
2.021331065738354482e+03
2.021331065738354482e+03
2.021331065738354482e+03
2.158819187204378977e+03
2.270433133018572789e+03
2.270433133018572789e+03
2.270433133018572789e+03
2.235731480776913031e+03
1.999777359892596905e+03
1.999777359892596905e+03
1.999777359892596905e+03
2.095875959906191838e+03
2.092565535817192540e+03
2.089255111728193697e+03
2.089255111728193697e+03
2.055325655927609660e+03
2.055325655927609660e+03
2.124461217765705896e+03
2.159037102431980202e+03
2.141749160098843277e+03
2.124461217765705896e+03
1.995801260754170698e+03
1.880124034548726513e+03
1.806401518131206331e+03
1.708793883745708399e+03
1.708793883745708399e+03
1.668630705542910391e+03
1.668630705542910391e+03
1.554495139097294896e+03
1.480899763110197227e+03
1.480899763110197227e+03
1.612880585856551079e+03
1.612880585856551079e+03
1.497019166379845728e+03
1.381157746903140378e+03
1.172605204141077365e+03
1.093051424112347149e+03
1.093051424112347149e+03
1.135340417085224090e+03
1.196527261411829386e+03
1.239882484892199273e+03
1.283237708372569159e+03
1.306956561896057792e+03
1.353412722241771235e+03
1.414475393859213909e+03
1.414475393859213909e+03
1.444044276088967308e+03
1.461688414202064905e+03
1.479332552315162502e+03
1.490966940943757891e+03
1.510619796335282899e+03
1.542590737496029305e+03
1.628360692118636962e+03
1.710734427265170552e+03
1.739660821324535846e+03
1.768587215383900912e+03
1.832774052886185927e+03
1.832774052886185927e+03
1.878919937236724763e+03
2.044604858556886938e+03
2.205192666242153791e+03
2.205192666242153791e+03
2.205192666242153791e+03
2.205192666242153791e+03
2.048875818756585886e+03
2.048875818756585886e+03
1.669853235290010844e+03
1.669853235290010844e+03
1.669853235290010844e+03
1.669853235290010844e+03
1.569945971860343889e+03
1.569945971860343889e+03
1.526310521676678036e+03
1.526310521676678036e+03
1.483414258740803689e+03
1.432207274713025754e+03
1.381000290685247819e+03
1.379239256594724111e+03
1.379239256594724111e+03
1.398407030435227171e+03
1.398407030435227171e+03
1.530236375374251566e+03
1.495112527850157221e+03
1.459988680326062877e+03
1.512411140661938589e+03
1.512411140661938589e+03
1.512411140661938589e+03
1.547829677060133918e+03
1.547829677060133918e+03
1.632439910300401834e+03
1.717050143540669751e+03
1.717050143540669751e+03
1.717050143540669751e+03
1.505469679849340764e+03
1.523996701030928079e+03
1.330915695067264551e+03
1.368989601919597135e+03
1.407063508771929946e+03
1.330915695067264551e+03
1.407063508771929946e+03
1.816931711409396030e+03
2.264082933333333131e+03
1.816931711409396030e+03
1.699503695120756447e+03
1.582075678832116864e+03
1.465263604060913622e+03
1.465263604060913622e+03
1.465263604060913622e+03
1.024101481481481642e+03
1.024101481481481642e+03
1.024101481481481642e+03
1.024101481481481642e+03
1.699088695652174010e+03
2.010013953488371953e+03
1.699088695652174010e+03
1.919755117056856307e+03
2.140421538461538603e+03
2.140421538461538603e+03
2.140421538461538603e+03
2.140421538461538603e+03
2.140421538461538603e+03
2.293547611336032787e+03
2.446673684210526517e+03
2.446673684210526517e+03
2.446673684210526517e+03
2.446673684210526517e+03
1.998000000000000000e+03
1.998000000000000000e+03
1.998000000000000000e+03
1.998000000000000000e+03
1.998000000000000000e+03
1.998000000000000000e+03
1.998000000000000000e+03
1.998000000000000000e+03
1.998000000000000000e+03
3.639004411764705765e+03
3.639004411764705765e+03
1.286212500000000091e+03
1.544776249999999891e+03
1.803339999999999918e+03
1.803339999999999918e+03
1.803339999999999918e+03
1.803339999999999918e+03
1.803339999999999918e+03
1.803339999999999918e+03
1.803339999999999918e+03
1.803339999999999918e+03
9.839207547169811733e+03
9.839207547169811733e+03
9.839207547169811733e+03
9.839207547169811733e+03
9.839207547169811733e+03
9.839207547169811733e+03
9.839207547169811733e+03
9.839207547169811733e+03
9.839207547169811733e+03
9.839207547169811733e+03
9.655712121212121929e+03
9.655712121212121929e+03
9.655712121212121929e+03
9.655712121212121929e+03
9.655712121212121929e+03
9.581217987804875520e+03
9.581217987804875520e+03
9.125332431402437578e+03
8.669446874999999636e+03
8.485568437500000073e+03
8.301690000000000509e+03
6.905596999999999753e+03
5.509503999999999905e+03
5.509503999999999905e+03
6.528758823529412439e+03
6.528758823529412439e+03
5.700222415879932669e+03
4.871686008230452899e+03
4.535800568181818562e+03
4.535800568181818562e+03
5.507436690647482465e+03
5.507436690647482465e+03
5.507436690647482465e+03
5.536956205788857915e+03
5.566475720930232455e+03
5.566475720930232455e+03
5.566475720930232455e+03
5.346056777041942041e+03
4.875037080704084474e+03
4.811894959565747740e+03
4.811894959565747740e+03
4.811894959565747740e+03
4.474765425846205289e+03
4.474765425846205289e+03
4.721697779554540830e+03
5.019912792355412421e+03
5.112115459502860176e+03
5.848113807785887730e+03
5.848113807785887730e+03
5.848113807785887730e+03
5.132130000000000109e+03
5.132130000000000109e+03
5.109810447761194155e+03
5.132130000000000109e+03
5.385316840719953689e+03
5.638503681439907268e+03
5.638503681439907268e+03
5.586811221320154800e+03
5.586811221320154800e+03
5.655638657760479873e+03
5.655638657760479873e+03
5.610365731449142004e+03
5.565092805137804135e+03
5.282853505864516592e+03
5.282814323924672863e+03
5.282814323924672863e+03
5.226412735773113127e+03
5.131006333808569252e+03
5.019230622548817337e+03
4.907454911289066331e+03
4.735026868505481616e+03
4.711019860551940837e+03
4.711019860551940837e+03
4.900777289839584228e+03
5.084456903244407840e+03
5.084456903244407840e+03
5.084456903244407840e+03
4.969214729956910560e+03
4.967232153845198809e+03
4.958377170457592001e+03
4.952191469660280745e+03
4.958377170457592001e+03
4.912731778135065724e+03
4.867086385812539447e+03
4.867086385812539447e+03
4.789466447901431820e+03
4.640839081652564346e+03
4.613113653817065824e+03
4.599526857371666665e+03
4.588236906742784413e+03
4.576946956113903070e+03
4.377950783367336044e+03
4.318310688116274832e+03
4.265479974470278648e+03
4.210227701103613981e+03
4.112874723008148067e+03
4.088027444567094790e+03
4.063180166126041513e+03
4.056616140060796170e+03
4.056616140060796170e+03
4.153231258338233602e+03
4.222137671943030000e+03
4.322295628296209543e+03
4.358204390307191716e+03
4.394113152318173888e+03
4.550767717934376378e+03
4.742487317546977465e+03
5.007821249816874115e+03
5.338448502180198375e+03
5.338448502180198375e+03
5.297095776660141382e+03
5.255743051140084390e+03
5.014199940961389075e+03
4.673230025294401457e+03
4.612123459299911701e+03
4.612123459299911701e+03
4.847313564088875864e+03
4.850598145033874971e+03
4.853882725978874987e+03
4.853882725978874987e+03
4.768649869205654795e+03
4.702809056625244011e+03
4.488704624032488937e+03
3.911963216161975197e+03
3.793780108341354207e+03
3.675597000520732763e+03
3.208324684753954443e+03
3.016505292121917591e+03
3.016505292121917591e+03
3.016505292121917591e+03
3.039119510176679796e+03
3.109450595272701321e+03
3.179781680368722391e+03
3.347853043036716372e+03
3.724710788741249416e+03
4.007064204734725081e+03
4.007064204734725081e+03
3.745719216067514481e+03
3.600518628397702741e+03
3.455318040727891002e+03
3.096296023861055801e+03
2.761745578096652025e+03
2.761745578096652025e+03
2.716377146234343400e+03
2.606076913896425594e+03
2.600400755015008144e+03
2.594724596133590694e+03
2.423849334853438449e+03
2.206228402526775881e+03
2.119989902153412459e+03
2.119989902153412459e+03
2.146598450704773313e+03
2.220201096296702417e+03
2.293803741888631521e+03
2.420340522465788126e+03
2.523130822374898798e+03
2.709526989444368155e+03
2.952522794902502483e+03
3.093056398021730729e+03
3.093056398021730729e+03
3.093056398021730729e+03
2.775872894028246264e+03
2.585457017596404057e+03
2.544548103665620147e+03
2.544548103665620147e+03
2.664273435336316652e+03
2.664273435336316652e+03
2.664273435336316652e+03
2.605740721921482418e+03
2.482761179355708464e+03
2.327814700486856964e+03
2.327814700486856964e+03
2.331157115849479396e+03
2.331157115849479396e+03
2.331157115849479396e+03
2.274382492729510886e+03
2.220117956137757119e+03
2.220117956137757119e+03
2.280172141647469289e+03
2.280172141647469289e+03
2.210648685387823207e+03
2.141125229128177580e+03
1.842721047799853295e+03
1.534501636036373611e+03
1.303111522249577774e+03
1.222844279348189957e+03
1.222844279348189957e+03
1.219162971274382699e+03
1.215481663200575440e+03
1.165292488147103768e+03
1.107401759509301655e+03
1.107401759509301655e+03
1.186492363494124902e+03
1.277563343545686394e+03
1.277563343545686394e+03
1.277563343545686394e+03
1.219601257682526466e+03
1.081834778701193045e+03
9.998727311468734342e+02
9.998727311468734342e+02
1.072391212707568911e+03
1.083772053043104052e+03
1.095152893378639192e+03
1.095152893378639192e+03
1.004532478363055247e+03
1.004532478363055247e+03
1.065711646878033662e+03
1.078420862184399084e+03
1.078420862184399084e+03
1.078420862184399084e+03
9.612588949446871993e+02
8.710032216819259929e+02
8.710032216819259929e+02
9.307142123497519606e+02
9.862684456190246465e+02
1.034964555277794943e+03
1.083660664936565126e+03
1.083660664936565126e+03
1.008423842210648786e+03
1.008423842210648786e+03
1.030605196798873976e+03
1.070866842190849184e+03
1.173596073745879494e+03
1.276325305300909804e+03
1.283446693128761581e+03
1.282002640596085257e+03
1.342996051705379159e+03
1.282002640596085257e+03
1.286382904135639819e+03
1.239203559180068623e+03
1.192024214224497200e+03
1.286382904135639819e+03
1.314703543248364213e+03
1.362641080020387108e+03
1.442129329691877956e+03
1.451353579737763994e+03
1.540256547063262133e+03
1.629159514388760499e+03
1.729701174646755589e+03
1.815019450999916899e+03
1.983211599456680005e+03
2.139773770288889409e+03
2.231927192642956470e+03
2.265204788107996137e+03
2.298482383573036259e+03
2.301101709557267441e+03
2.389551652215227023e+03
2.389551652215227023e+03
2.231981128825722408e+03
2.069214234312833014e+03
2.045459931426333242e+03
2.021705628539833697e+03
1.963734715380654961e+03
1.908642385389442325e+03
1.781566538255120349e+03
1.578832341300276312e+03
1.578832341300276312e+03
1.540549244854275912e+03
1.502266148408275512e+03
1.436766340811632745e+03
1.288287097610574619e+03
1.288287097610574619e+03
1.315892893379791076e+03
1.326435960536803577e+03
1.315892893379791076e+03
1.233722095213659713e+03
1.009164895564510743e+03
9.417183573068701889e+02
9.417183573068701889e+02
9.417183573068701889e+02
9.417183573068701889e+02
8.945630945492854380e+02
8.945630945492854380e+02
9.358895457768510369e+02
9.159753134734291962e+02
9.159753134734291962e+02
8.840519605958129432e+02
8.840519605958129432e+02
1.058503660362868004e+03
1.232955360129923065e+03
1.232955360129923065e+03
1.221032168539325767e+03
1.198811351114056379e+03
1.198811351114056379e+03
1.253570686456400836e+03
1.254977478059661280e+03
1.256384269662921497e+03
1.339201671169876363e+03
1.365116777133388496e+03
1.476784244482173108e+03
1.770843886771910775e+03
1.574026962216624725e+03
1.673000435768261923e+03
1.771973909319899121e+03
1.574026962216624725e+03
1.784302140653917377e+03
1.527388512396694296e+03
1.864724421052631897e+03
1.753076394557823050e+03
1.891477243600437532e+03
2.029878092643052014e+03
1.753076394557823050e+03
1.752105023696682565e+03
1.752105023696682565e+03
1.790399180327868862e+03
1.935260155555555912e+03
2.165822770085470438e+03
2.396385384615384737e+03
2.396385384615384737e+03
1.838200000000000045e+03
1.838200000000000045e+03
1.888902439024390333e+03
1.888902439024390333e+03
1.939158641387195075e+03
1.989414843750000045e+03
1.534141304347826008e+03
1.534141304347826008e+03
1.797421153846154084e+03
1.797421153846154084e+03
1.277604181818181814e+03
1.189352090909090748e+03
1.101099999999999909e+03
1.101099999999999909e+03
1.101099999999999909e+03
1.576575000000000045e+03
1.576575000000000045e+03
1.200391836734693925e+03
1.200391836734693925e+03
1.200391836734693925e+03
1.352702702702702709e+03
1.352702702702702709e+03
1.352702702702702709e+03
1.352702702702702709e+03
1.352702702702702709e+03
1.352702702702702709e+03
1.352702702702702709e+03
1.352702702702702709e+03
1.352702702702702709e+03
1.715615999999999985e+03
1.715615999999999985e+03
1.715615999999999985e+03
1.715615999999999985e+03
1.715615999999999985e+03
1.716208000000000084e+03
1.716799999999999955e+03
1.716799999999999955e+03
1.716799999999999955e+03
1.716799999999999955e+03
2.266961538461538566e+03
2.266961538461538566e+03
2.266961538461538566e+03
2.266961538461538566e+03
2.459147216599190415e+03
2.651332894736842263e+03
7.231916049382715755e+03
6.264983766626841316e+03
5.298051483870967786e+03
6.913289361702127280e+03
5.298051483870967786e+03
5.444550000000000182e+03
5.444550000000000182e+03
5.444550000000000182e+03
5.333554545454545405e+03
5.222559090909090628e+03
4.817529277566540259e+03
4.779173999999999978e+03
4.779173999999999978e+03
5.089319607843137419e+03
5.089319607843137419e+03
4.802876029087131428e+03
4.516432450331125438e+03
4.299469255663429976e+03
3.570233333333333121e+03
3.570233333333333121e+03
3.212976185185185386e+03
5.806296948356807661e+03
4.509636566770996069e+03
3.212976185185185386e+03
2.937461397058823422e+03
2.937461397058823422e+03
2.822869275000000016e+03
2.708277152941176610e+03
2.708277152941176610e+03
2.708277152941176610e+03
2.708277152941176610e+03
3.780554285714285470e+03
3.780554285714285470e+03
3.615063297235679329e+03
3.615063297235679329e+03
3.958524268724337617e+03
3.958524268724337617e+03
3.958524268724337617e+03
4.105922829916718911e+03
4.105922829916718911e+03
4.105922829916718911e+03
3.771021444728201459e+03
3.665112208478289176e+03
3.665112208478289176e+03
3.905050601712088792e+03
4.215615358917610138e+03
5.098916316728420497e+03
5.098916316728420497e+03
5.098916316728420497e+03
5.098916316728420497e+03
5.098916316728420497e+03
5.031898721893491711e+03
5.031898721893491711e+03
5.031898721893491711e+03
5.031898721893491711e+03
4.921148677871748077e+03
4.921148677871748077e+03
4.921148677871748077e+03
4.921148677871748077e+03
5.664592736000000514e+03
5.664592736000000514e+03
5.182639876106194606e+03
5.079179964114831819e+03
4.788463475116123846e+03
4.788463475116123846e+03
4.788463475116123846e+03
4.836976784648288231e+03
5.021645725592623421e+03
5.021645725592623421e+03
5.149922746108411957e+03
5.149922746108411957e+03
5.103930948206319954e+03
5.057939150304227041e+03
4.818610748756057546e+03
4.798834801556627099e+03
4.798834801556627099e+03
4.732412311216343369e+03
4.709959151418982401e+03
4.666180287737094659e+03
4.622401424055206917e+03
4.622401424055206917e+03
4.689212896400110367e+03
5.102755400783376899e+03
5.191254738830932183e+03
5.317647036832771846e+03
5.342351931780367522e+03
5.367056826727964108e+03
5.367056826727964108e+03
5.367056826727964108e+03
5.275087998715066533e+03
5.077377969046237922e+03
4.808243360483388642e+03
4.709129097736316908e+03
4.610014834989246083e+03
4.602193737700036763e+03
4.490783996050281530e+03
4.490783996050281530e+03
4.650286272023437050e+03
4.976350649162303853e+03
5.009355102322051607e+03
5.042359555481799362e+03
5.217365916447932250e+03
5.491520736925665915e+03
5.736286655204367889e+03
5.908250075722223301e+03
6.381984353697952429e+03
6.393229859218581623e+03
6.404475364739210818e+03
6.404475364739210818e+03
6.289145552727272843e+03
6.289145552727272843e+03
6.277963654031485930e+03
6.277963654031485930e+03
5.963819028708669066e+03
5.649674403385853111e+03
5.287539966831670426e+03
5.239617635345997769e+03
5.213711768802540973e+03
5.055143460426699676e+03
4.797243524194974270e+03
4.698484600227786359e+03
4.599725676260598448e+03
4.364815622019514194e+03
4.097069627286706236e+03
4.066825288479666142e+03
4.058264338709018830e+03
4.031067170108996834e+03
4.023598907234209037e+03
4.016130644359421694e+03
4.016130644359421694e+03
4.255865914879587763e+03
4.595126712891811621e+03
4.595126712891811621e+03
4.593692926097701275e+03
4.359664475084189689e+03
4.125636024070679014e+03
3.997918212378219323e+03
3.801226414077043955e+03
3.772945018688287291e+03
3.772945018688287291e+03
3.829799931443483274e+03
3.874552179119001266e+03
3.919304426794519259e+03
3.919304426794519259e+03
3.863159847172836180e+03
3.625586387988882962e+03
3.549391555564610826e+03
3.460064542798221737e+03
3.163774090065971905e+03
2.867483637333722527e+03
2.470255746231319790e+03
2.185606777126898578e+03
2.064292831073925754e+03
2.064292831073925754e+03
2.175466867337705025e+03
2.190273210859382743e+03
2.205079554381060007e+03
2.205079554381060007e+03
2.171418383773661390e+03
2.075696048135666388e+03
1.990724662037468761e+03
1.990724662037468761e+03
1.971945501909639006e+03
1.953166341781809251e+03
1.931576173882582907e+03
1.931576173882582907e+03
1.955497504922107510e+03
2.134296084838219031e+03
2.505750447451269793e+03
2.622833615969573202e+03
2.739916784487876612e+03
2.808195290841052611e+03
2.934579697934064370e+03
3.029415548607823894e+03
3.298543666522380136e+03
3.336294496305536086e+03
3.404856668487432216e+03
3.473418840669327892e+03
3.540966661261854370e+03
3.540966661261854370e+03
3.540966661261854370e+03
3.566267772491093638e+03
3.566267772491093638e+03
3.551895883462962047e+03
3.537523994434830456e+03
3.071254470009218494e+03
2.662345191605231776e+03
2.471763548128179082e+03
2.471371504134211136e+03
2.355433529426019959e+03
2.350037560512047548e+03
2.344641591598075138e+03
2.070085808291215926e+03
1.952351795990932033e+03
1.833075710311303965e+03
1.805561548209285093e+03
1.700400648966001427e+03
1.694737320808282675e+03
1.689073992650563696e+03
1.473123567495196085e+03
1.286972871313765609e+03
1.222599595176295679e+03
1.202560124759969312e+03
1.202560124759969312e+03
1.204647003314431686e+03
1.206733881868894059e+03
1.206733881868894059e+03
1.175839086117200395e+03
1.161840421369749492e+03
1.161552946816404301e+03
1.161840421369749492e+03
1.184800667925780544e+03
1.207760914481811369e+03
1.232735475375474834e+03
1.257555841573826456e+03
1.313516102804659795e+03
1.356600316321789933e+03
1.501987298409449522e+03
1.512962714883407898e+03
1.523938131357366501e+03
1.523581494956708639e+03
1.523581494956708639e+03
1.458965785240905689e+03
1.458965785240905689e+03
1.524373061641255845e+03
1.524373061641255845e+03
1.524373061641255845e+03
1.420698129413392053e+03
1.265510142650652597e+03
1.137983743567885767e+03
1.137983743567885767e+03
1.196751376651388455e+03
1.370046732976382373e+03
1.543342089301376291e+03
1.638585006139217512e+03
1.638585006139217512e+03
1.581835171978104881e+03
1.453739912684232877e+03
1.581835171978104881e+03
1.567187499736978680e+03
1.552539827495852478e+03
1.600601241960475818e+03
1.560099656836913709e+03
1.645436959268865849e+03
1.716205135293782178e+03
1.958106149169506352e+03
2.063378490530059480e+03
2.168650831890612608e+03
2.397949760796978808e+03
2.397949760796978808e+03
2.397949760796978808e+03
2.475281922526151902e+03
2.659686527906668289e+03
2.795730800344969794e+03
2.931775072783270844e+03
3.059744711947484120e+03
3.059744711947484120e+03
3.307595438285903128e+03
3.334786124930386904e+03
3.340588832410220220e+03
3.340588832410220220e+03
3.340588832410220220e+03
3.416240500516173597e+03
3.452102236782648106e+03
3.555455496347558892e+03
3.555455496347558892e+03
3.204647403810868127e+03
3.201795614336834205e+03
3.198943824862800284e+03
3.185316313511830231e+03
3.185316313511830231e+03
3.206960741203849011e+03
3.206960741203849011e+03
3.077391253279674402e+03
3.058059887447662732e+03
3.038728521615651516e+03
2.854224087713025710e+03
2.714298997334869000e+03
2.432526504968664540e+03
2.277885409930242076e+03
2.215379622710473996e+03
2.182306340629465012e+03
2.149233058548456484e+03
2.161738015344467385e+03
2.138866274085544319e+03
2.016481798654446038e+03
1.918059821122456697e+03
1.882775828555708358e+03
1.882775828555708358e+03
1.882775828555708358e+03
1.927135370713822795e+03
2.013498900743614513e+03
2.082759854609283138e+03
2.117662937451736980e+03
2.325607143577769421e+03
2.302533760989718758e+03
2.520180668351448730e+03
2.302533760989718758e+03
1.851150122976878947e+03
1.851150122976878947e+03
1.851150122976878947e+03
1.803743345692852017e+03
1.803743345692852017e+03
1.803743345692852017e+03
1.698500802504856210e+03
1.698500802504856210e+03
1.761209155716162968e+03
1.783734520727511608e+03
1.783734520727511608e+03
1.833152417240377872e+03
1.882570313753243909e+03
1.756900893679749515e+03
1.896574614275909653e+03
1.755307536231884342e+03
1.755307536231884342e+03
1.727231701534170497e+03
1.727231701534170497e+03
1.727231701534170497e+03
1.494759837593984912e+03
1.784603384792626912e+03
1.784603384792626912e+03
1.827629441509433263e+03
1.879779622641509604e+03
1.906648796976492577e+03
1.933517971311475549e+03
1.933517971311475549e+03
1.794617799145299387e+03
1.764897476635514067e+03
1.764897476635514067e+03
1.753769866666666303e+03
1.753769866666666303e+03
1.753769866666666303e+03
1.737147678832116753e+03
1.737147678832116753e+03
1.444908508634222699e+03
1.984591304347826053e+03
1.724733645161290042e+03
1.724733645161290042e+03
1.724733645161290042e+03
1.724733645161290042e+03
2.704487462686567142e+03
3.194099999999999909e+03
3.328592387096774473e+03
3.328592387096774473e+03
3.328592387096774473e+03
3.328592387096774473e+03
2.953083693548387146e+03
2.577574999999999818e+03
3.959964238683127860e+03
3.772503547912992417e+03
3.585042857142856974e+03
3.772503547912992417e+03
3.959964238683127860e+03
3.585042857142856974e+03
3.001565050632912062e+03
3.001565050632912062e+03
3.001565050632912062e+03
2.953293749999999818e+03
2.763593933823529369e+03
2.573894117647058920e+03
2.763593933823529369e+03
2.953293749999999818e+03
2.781805806451613080e+03
2.781805806451613080e+03
2.781805806451613080e+03
2.993456236559140052e+03
3.205106666666667024e+03
3.811681889763779964e+03
4.258277011494253202e+03
4.034979450629016355e+03
3.811681889763779964e+03
4.258277011494253202e+03
3.516938505747126328e+03
2.775599999999999909e+03
5.172804838709677824e+03
5.172804838709677824e+03
5.172804838709677824e+03
4.930701161290322489e+03
4.257541372912801307e+03
4.594121267101561898e+03
4.930701161290322489e+03
4.996753018867924766e+03
4.996753018867924766e+03
3.956777493902438891e+03
3.956777493902438891e+03
4.102802181818181452e+03
4.102802181818181452e+03
4.102802181818181452e+03
4.105747241252302956e+03
5.858737612612612793e+03
5.858737612612612793e+03
