3.166160105364528135e+03
3.166160105364528135e+03
3.095195772192872028e+03
3.095195772192872028e+03
3.035716086559391897e+03
3.035716086559391897e+03
3.035716086559391897e+03
3.039702347179671960e+03
3.043688607799952024e+03
3.043688607799952024e+03
2.958565636750980957e+03
2.854488773584292630e+03
2.667731482526088712e+03
2.691361141627395227e+03
2.679546312076741742e+03
2.667731482526088712e+03
2.641749853164064916e+03
2.641749853164064916e+03
2.685855452578945915e+03
2.685855452578945915e+03
2.569902050742830852e+03
2.569902050742830852e+03
2.600731041355952584e+03
2.600731041355952584e+03
2.600731041355952584e+03
2.600731041355952584e+03
2.600731041355952584e+03
2.600731041355952584e+03
2.554415166297850192e+03
2.554415166297850192e+03
2.554415166297850192e+03
2.554415166297850192e+03
2.554415166297850192e+03
2.691286284756554778e+03
2.720634287942204992e+03
2.785220607997643128e+03
2.849806928053080810e+03
2.918828904149355822e+03
2.918828904149355822e+03
2.960744455736384225e+03
2.960744455736384225e+03
2.960744455736384225e+03
2.940852424948103362e+03
2.920960394159822954e+03
2.971603280765426916e+03
2.971603280765426916e+03
2.995376817420195493e+03
3.007584025040462620e+03
3.007584025040462620e+03
3.007584025040462620e+03
3.007584025040462620e+03
2.790060678251300487e+03
2.790060678251300487e+03
2.789084777646249222e+03
2.747483404123671789e+03
2.747483404123671789e+03
2.747483404123671789e+03
2.747483404123671789e+03
2.871618721580878173e+03
2.877886645609125026e+03
2.877886645609125026e+03
2.833877257318710690e+03
2.833877257318710690e+03
2.831568350924176229e+03
2.829259444529641769e+03
2.717322957902627422e+03
2.717322957902627422e+03
2.717322957902627422e+03
2.575926096967765261e+03
2.575926096967765261e+03
2.575564247943296323e+03
2.575202398918827839e+03
2.547303652383563531e+03
2.547303652383563531e+03
2.547303652383563531e+03
2.474624708817923874e+03
2.474624708817923874e+03
2.474624708817923874e+03
2.474624708817923874e+03
2.481599465952035189e+03
2.481599465952035189e+03
2.567371364358589290e+03
2.604458152648319810e+03
2.633054152360084117e+03
2.633054152360084117e+03
2.633054152360084117e+03
2.632496857950340200e+03
2.632496857950340200e+03
2.656291747855691483e+03
2.693796471964100874e+03
2.855089642132597419e+03
2.855089642132597419e+03
2.855089642132597419e+03
2.715387342316296326e+03
2.651068605519565153e+03
2.614022340593126046e+03
2.531457368375142778e+03
2.515634976909829675e+03
2.411239049951102061e+03
2.306843122992374447e+03
2.157005782559773706e+03
2.040985922568489286e+03
1.960722617769540875e+03
1.715582442743124602e+03
1.567098298097676889e+03
1.530874159222172693e+03
1.494650020346668498e+03
1.494650020346668498e+03
1.522051447737859689e+03
1.579441283563911384e+03
1.592158234089660482e+03
1.612646070473167356e+03
1.612646070473167356e+03
1.612646070473167356e+03
1.618230960423959004e+03
1.692969785303207118e+03
1.784683390694211994e+03
1.796468654488567608e+03
1.808631662010598347e+03
1.832646184379663964e+03
1.856660706748729581e+03
1.890056646521602488e+03
1.890056646521602488e+03
1.839816482853738307e+03
1.758816854252899930e+03
1.721308816802762067e+03
1.669357749964547565e+03
1.617406683126332837e+03
1.593553413286738078e+03
1.593553413286738078e+03
1.656194120321758419e+03
1.702474975419423572e+03
1.722097369244826041e+03
1.731498977345059529e+03
1.740900585445293018e+03
1.793577475200528625e+03
1.865422682484700772e+03
1.920325206750696907e+03
1.930827939795594830e+03
1.930827939795594830e+03
1.929275796018099300e+03
1.927723652240603997e+03
1.886740961553020043e+03
1.828560158098931197e+03
1.777333829913272439e+03
1.696042274965772322e+03
1.564233796719321163e+03
1.510347514776288563e+03
1.456461232833255963e+03
1.385814500036437039e+03
1.373858083481311951e+03
1.373858083481311951e+03
1.322395015874850969e+03
1.317221128397220355e+03
1.297167441229775022e+03
1.277113754062329690e+03
1.264911580510090971e+03
1.257490958781379277e+03
1.264911580510090971e+03
1.257490958781379277e+03
1.255263903000738082e+03
1.255263903000738082e+03
1.255263903000738082e+03
1.280712929601739916e+03
1.336757107429957159e+03
1.388249092172494102e+03
1.452422960744013835e+03
1.466921223269654092e+03
1.474307738736694091e+03
1.481694254203734090e+03
1.481694254203734090e+03
1.499308223098551252e+03
1.499308223098551252e+03
1.495811840726536047e+03
1.401115243185990494e+03
1.331556889329769547e+03
1.261998535473548827e+03
1.101132863369783763e+03
9.734455499588791554e+02
9.061755400844325550e+02
8.641585075933503504e+02
7.721582864146685097e+02
7.644017302238810316e+02
7.566451740330934399e+02
7.721582864146685097e+02
7.894465497126656146e+02
8.780694158370124569e+02
8.780694158370124569e+02
8.388796940596361082e+02
8.312436927935157200e+02
8.236076915273952181e+02
8.236076915273952181e+02
8.800550515273065457e+02
8.826387037925735513e+02
9.575219623822675885e+02
9.959568418978200270e+02
1.007766521774114608e+03
1.019576201650409189e+03
1.045715068773705752e+03
1.113506414941049115e+03
1.125338217058487771e+03
1.175196110168828454e+03
1.185390877807768902e+03
1.227704824045999430e+03
1.270018770284229959e+03
1.280458693049242356e+03
1.270018770284229959e+03
1.281190928211349501e+03
1.314596912288553312e+03
1.383901755964652239e+03
1.437030506825799421e+03
1.490159257686946603e+03
1.579372679114677112e+03
1.732602247164112896e+03
2.183632312324805298e+03
2.183632312324805298e+03
2.503215032456535482e+03
2.503215032456535482e+03
2.503215032456535482e+03
2.503215032456535482e+03
2.485837188182607406e+03
2.453402604486795099e+03
2.304890497123946716e+03
2.055837043256321067e+03
2.025583762237956080e+03
1.995330481219591093e+03
1.941379679003852743e+03
1.941379679003852743e+03
2.043102887316716078e+03
2.118670986188123152e+03
2.157112168526188270e+03
2.198787759557407298e+03
2.240463350588626326e+03
2.266600805683722683e+03
2.309111564794796777e+03
2.392879733138358461e+03
2.392879733138358461e+03
2.317040153321334856e+03
2.317040153321334856e+03
2.317040153321334856e+03
2.336858243909520752e+03
2.371423238177136682e+03
2.381377817571886226e+03
2.613339048829031526e+03
2.788106381717020213e+03
2.861005443870903036e+03
2.933904506024785860e+03
3.213160775678571099e+03
3.510120840554403458e+03
4.061148776598097811e+03
4.266749817186072505e+03
4.266749817186072505e+03
4.116308013656972435e+03
3.965866210127872819e+03
3.772319714051199298e+03
3.376110562655383092e+03
3.335778132334248767e+03
3.156134112759663822e+03
2.761031389690236210e+03
2.670032533883731048e+03
2.579033678077226341e+03
2.401661944583892364e+03
2.247627022456437771e+03
2.240154260116264140e+03
2.199777350094906069e+03
2.008529294462040752e+03
1.972225418412336239e+03
1.935921542362631499e+03
1.928741450416496036e+03
1.928741450416496036e+03
1.946744352519935546e+03
1.959033748397693898e+03
2.040273368720736698e+03
2.040273368720736698e+03
1.791759313812705841e+03
1.409725664135786246e+03
1.409725664135786246e+03
1.409725664135786246e+03
1.409725664135786246e+03
1.409725664135786246e+03
1.508980989599458553e+03
1.608236315063131087e+03
1.608236315063131087e+03
1.608236315063131087e+03
1.731952026640334907e+03
1.751133602179890204e+03
1.807006606760492787e+03
1.826015993720026472e+03
1.845025380679559930e+03
1.885778571287231898e+03
1.876214306636067022e+03
1.885778571287231898e+03
1.876214306636067022e+03
1.719654701499127441e+03
1.697144086582521140e+03
1.674633471665914612e+03
1.634396252457646369e+03
1.551833898395957704e+03
1.505879978277733926e+03
1.497186330701824090e+03
1.489729634250488061e+03
1.459368933090309383e+03
1.429008231930130478e+03
1.394141300367040230e+03
1.394141300367040230e+03
1.396176846588041826e+03
1.396176846588041826e+03
1.382441802937078592e+03
1.369573261680587621e+03
1.356704720424096877e+03
1.372595752674688356e+03
1.372595752674688356e+03
1.396657240137891904e+03
1.396657240137891904e+03
1.379334404036571641e+03
1.372309188674483266e+03
1.365283973312394892e+03
1.365283973312394892e+03
1.365283973312394892e+03
1.427347155623563367e+03
1.508291211831890450e+03
1.511667856281167133e+03
1.509979534056528792e+03
1.508291211831890450e+03
1.515611751954928195e+03
1.515611751954928195e+03
1.597472154596274322e+03
1.597472154596274322e+03
1.614296737696909076e+03
1.588661633861162500e+03
1.563026530025415695e+03
1.614296737696909076e+03
1.616389424252559138e+03
1.616389424252559138e+03
1.564918334398048501e+03
1.554987024042851090e+03
1.539168629462420540e+03
1.523350234881990218e+03
1.523350234881990218e+03
1.497536592107048818e+03
1.487106182284792112e+03
1.470167305685514293e+03
1.434028523596938612e+03
1.434028523596938612e+03
1.434028523596938612e+03
1.434028523596938612e+03
1.431302332026836893e+03
1.409178842114821236e+03
1.409178842114821236e+03
1.409178842114821236e+03
1.448124695802288898e+03
1.487070549489756331e+03
1.489016933846205120e+03
1.488596093852491094e+03
1.488596093852491094e+03
1.449724342383326075e+03
1.400495014835500569e+03
1.400495014835500569e+03
1.400495014835500569e+03
1.400495014835500569e+03
1.322204352010330467e+03
1.310612581492896879e+03
1.304769862771570615e+03
1.303168589590921783e+03
1.303168589590921783e+03
1.303168589590921783e+03
1.303168589590921783e+03
1.403374527497184090e+03
1.427449974056693918e+03
1.498550008529432489e+03
1.515869169525164352e+03
1.515869169525164352e+03
1.515869169525164352e+03
1.517481643249125227e+03
1.552883668689238220e+03
1.608055355033196975e+03
1.608055355033196975e+03
1.628587685366017240e+03
1.654095075608375737e+03
1.679602465850734234e+03
1.737210815124036799e+03
1.938694261473912093e+03
2.054653893559680000e+03
2.243270191070992951e+03
2.243270191070992951e+03
2.241110594933044013e+03
2.238950998795094620e+03
2.142336320723638892e+03
2.066381852488166260e+03
1.913430329700911898e+03
1.817222058419740733e+03
1.817003041854238973e+03
1.817003041854238973e+03
1.817003041854238973e+03
1.822157112342237951e+03
1.829901592102260793e+03
1.829901592102260793e+03
1.829901592102260793e+03
1.777796202623851286e+03
1.769372915445161198e+03
1.760949628266470881e+03
1.704915878474274223e+03
1.585207681535682241e+03
1.585207681535682241e+03
1.585207681535682241e+03
1.538275804044952110e+03
1.538275804044952110e+03
1.710293565074342951e+03
1.710293565074342951e+03
1.478103437651080640e+03
1.478103437651080640e+03
1.478103437651080640e+03
1.478103437651080640e+03
1.443892234356699419e+03
1.443892234356699419e+03
1.443892234356699419e+03
1.443892234356699419e+03
1.539130429489952348e+03
1.645383376913526718e+03
1.645383376913526718e+03
1.708328240284505000e+03
1.771273103655483283e+03
1.786723225218504695e+03
1.855032426272324301e+03
1.981457622096534351e+03
2.043142563345373901e+03
2.092050472995534619e+03
2.092781790688297406e+03
2.093513108381060192e+03
2.093513108381060192e+03
2.107626195738945171e+03
2.229678889751212409e+03
2.266339718589918448e+03
2.266339718589918448e+03
2.335194536490235805e+03
2.404049354390553617e+03
2.466134554173761899e+03
2.549160309158862674e+03
2.549160309158862674e+03
2.543831409100164819e+03
2.487175865585190877e+03
2.480338256444253602e+03
2.473500647303316782e+03
2.363446507967744310e+03
2.363446507967744310e+03
2.429314178293473105e+03
2.434795489778553019e+03
2.542742389041157367e+03
2.548824550527644533e+03
2.554906712014131244e+03
2.584888220593930328e+03
2.638085558057719481e+03
2.683175471860838115e+03
2.683175471860838115e+03
2.532875779395985319e+03
2.496189276790821168e+03
2.459502774185657017e+03
2.321014498336468478e+03
2.185958622876208210e+03
2.120038320036043842e+03
2.159455502778687787e+03
2.159455502778687787e+03
2.169139369553240613e+03
2.178823236327793893e+03
2.190586294282546532e+03
2.318362313120532690e+03
2.494581631053154979e+03
2.638014967949170114e+03
2.651557325433142069e+03
2.681295288813659226e+03
2.711033252194176384e+03
2.752162182372704137e+03
2.764471067415731795e+03
2.798895775280017006e+03
2.798895775280017006e+03
2.778511324218287427e+03
2.775269745913581573e+03
2.772028167608876174e+03
2.635639153872085899e+03
2.635639153872085899e+03
2.619874793432411934e+03
2.619874793432411934e+03
2.458000433759864791e+03
2.425086590825114399e+03
2.392172747890364008e+03
2.315111056437892785e+03
2.241042456647555809e+03
2.169248449991254347e+03
2.062873322853847185e+03
1.842565399301087155e+03
1.825820834099974036e+03
1.809076268898860690e+03
1.809076268898860690e+03
1.790116546940538456e+03
1.790116546940538456e+03
1.790116546940538456e+03
1.640610144757793250e+03
1.624453689210193261e+03
1.608297233662593044e+03
1.590031523853514955e+03
1.576170075798344897e+03
1.538332748875988500e+03
1.521396542044549960e+03
1.513620476115884003e+03
1.469645997257103318e+03
1.425671518398322860e+03
1.421712420460764861e+03
1.368093678261330297e+03
1.365981545745370113e+03
1.356807111386578754e+03
1.356807111386578754e+03
1.364169345822541345e+03
1.371531580258503936e+03
1.371531580258503936e+03
1.370009698106633550e+03
1.348376440960223590e+03
1.272774375324022003e+03
1.217145633218211970e+03
1.200282025005091327e+03
1.183418416791970913e+03
1.143405816579402426e+03
1.134392860826111701e+03
1.128004222232295888e+03
1.109046690224048234e+03
1.059380324754828052e+03
1.052335565615203905e+03
1.045290806475579529e+03
1.027454260331900741e+03
1.045290806475579529e+03
1.049190944691514687e+03
1.057035170619866449e+03
1.088686830717206021e+03
1.092225401048640833e+03
1.095763971380075418e+03
1.183291593962581146e+03
1.235737865493968911e+03
1.318810739291688833e+03
1.318810739291688833e+03
1.267220273969594928e+03
1.219265291494457870e+03
1.171310309019320812e+03
1.101797889430946498e+03
1.058139997901022298e+03
1.058139997901022298e+03
1.047171766848192874e+03
9.154188301262064442e+02
8.973883942155646309e+02
8.793579583049227040e+02
8.601950785895403442e+02
8.781175259909088027e+02
8.703617263350898838e+02
8.703617263350898838e+02
8.703617263350898838e+02
8.896128606018559140e+02
9.088639948686219441e+02
9.583151829832852400e+02
1.092808789946835986e+03
1.184798912279748492e+03
1.345270476158269503e+03
1.465357428258628033e+03
1.556586982350325570e+03
1.647816536442023107e+03
1.879689850732816012e+03
2.060357895524768992e+03
2.060357895524768992e+03
1.891445289220012455e+03
1.523093385626610598e+03
1.487439308298470223e+03
1.451785230970329849e+03
1.360623802485104079e+03
1.302175008864427582e+03
1.242833760046032012e+03
1.114839015940771787e+03
9.234882125870680056e+02
8.844061761443467731e+02
8.453241397016255405e+02
7.839439449960236743e+02
7.712628713727045806e+02
7.712628713727045806e+02
8.423926039994386201e+02
9.327912517571674016e+02
9.384014449513883847e+02
9.440116381456092540e+02
1.010280011563095627e+03
1.241176197548926893e+03
1.390268471584831786e+03
1.390268471584831786e+03
1.358142481086516000e+03
1.289759641331632338e+03
1.221376801576748903e+03
1.190149254469297148e+03
1.155908539261848773e+03
1.155908539261848773e+03
1.170957088776476894e+03
1.170957088776476894e+03
1.170957088776476894e+03
1.170957088776476894e+03
1.170957088776476894e+03
1.213266023556663413e+03
1.332363082329900408e+03
1.549530399409254414e+03
1.672957890914569816e+03
1.678153649490741373e+03
1.683349408066912929e+03
1.815443175965158389e+03
1.820795668183163116e+03
1.984866207829712039e+03
2.093612853157458176e+03
2.153266921374934554e+03
2.226129819308080187e+03
2.298992717241225364e+03
2.531296638874075143e+03
3.244840609299133121e+03
3.586662821107484888e+03
3.759553172278165675e+03
3.759553172278165675e+03
3.759553172278165675e+03
3.759553172278165675e+03
3.825006727350654273e+03
4.217981375417210984e+03
4.338207326328246381e+03
4.338207326328246381e+03
4.518432389798905206e+03
4.347073156049127647e+03
4.175713922299349179e+03
4.032759618939005122e+03
3.897230467817319095e+03
3.826856700366300629e+03
3.643897232106206957e+03
2.633440228045492859e+03
2.633440228045492859e+03
2.633440228045492859e+03
2.633440228045492859e+03
2.820087640146663034e+03
2.820087640146663034e+03
2.889486192941159516e+03
2.889486192941159516e+03
2.993569649473906793e+03
3.097653106006653616e+03
3.102109533002073022e+03
3.481939499862616685e+03
3.625799454442748811e+03
3.676751321386920154e+03
3.778683216105710926e+03
3.758003651364224424e+03
3.737324086622737923e+03
3.737324086622737923e+03
3.660580672983491240e+03
3.660580672983491240e+03
3.646399133834085660e+03
3.495158942914501949e+03
3.471034725235717815e+03
3.446910507556934135e+03
3.495158942914501949e+03
3.505320505419163510e+03
3.528074568887022906e+03
3.505320505419163510e+03
3.550597200207672358e+03
3.503143908337462562e+03
3.455690616467253221e+03
3.332065612223869266e+03
3.168894791582210473e+03
3.164282600680196992e+03
2.960387706591160168e+03
2.749637052945308824e+03
2.623574966417134419e+03
2.497512879888960015e+03
2.480898828458474327e+03
2.317121395361625218e+03
2.366953920737022599e+03
2.272249787205092161e+03
2.366953920737022599e+03
2.228847663648409252e+03
2.090741406559795905e+03
2.186677908147050402e+03
2.170279712965996623e+03
2.186677908147050402e+03
2.170279712965996623e+03
2.391879948173670527e+03
2.421390239881215166e+03
2.450900531588760259e+03
2.474483596107756057e+03
2.563431498156709040e+03
2.568712808064552519e+03
2.563431498156709040e+03
2.488353628734176255e+03
2.435795513782819398e+03
2.383237398831462087e+03
2.383237398831462087e+03
2.323413240105830482e+03
2.303819666211604272e+03
2.273867549835912087e+03
2.273867549835912087e+03
2.233928416352852764e+03
2.193989282869792987e+03
2.284559180099317018e+03
2.193989282869792987e+03
2.227289205944641253e+03
2.138434193579545081e+03
2.177407657648316217e+03
2.149828056613433091e+03
2.122248455578549965e+03
2.177407657648316217e+03
2.192169264769828715e+03
2.192169264769828715e+03
2.177648486280192174e+03
2.123316744629416007e+03
2.121059820893066444e+03
2.118802897156716881e+03
2.123316744629416007e+03
2.147550901694634831e+03
2.180512229829701937e+03
2.180512229829701937e+03
2.180993631710700811e+03
2.227800606560905180e+03
2.274607581411109095e+03
2.274607581411109095e+03
2.274607581411109095e+03
2.356988440270549745e+03
2.356988440270549745e+03
2.337969600533191169e+03
2.315504175865185061e+03
2.293038751197178499e+03
2.278777058453733389e+03
2.234223336633735926e+03
2.180624032363085007e+03
1.887596049736811210e+03
1.887596049736811210e+03
1.908434906185859973e+03
1.929273762634908735e+03
2.005226477922364211e+03
2.081179193209819914e+03
2.081179193209819914e+03
1.983216220229969622e+03
1.983216220229969622e+03
1.987325593685446847e+03
1.991434967140924073e+03
1.991434967140924073e+03
1.991434967140924073e+03
2.011392218052618318e+03
2.011392218052618318e+03
2.011392218052618318e+03
2.068727353794716237e+03
2.126062489536814155e+03
2.126062489536814155e+03
2.126062489536814155e+03
2.197669643483586697e+03
2.236151406063081140e+03
2.275057581811934142e+03
2.255604493937507868e+03
2.236151406063081140e+03
2.193244960969478143e+03
2.193244960969478143e+03
2.307881056760150841e+03
2.307881056760150841e+03
2.232531377398439417e+03
2.232531377398439417e+03
2.350231230826731007e+03
2.356027126822986247e+03
2.357095205267937672e+03
2.383213075744835805e+03
2.383213075744835805e+03
2.251266276826288049e+03
2.251266276826288049e+03
2.144720147225367782e+03
2.144720147225367782e+03
2.144720147225367782e+03
2.144720147225367782e+03
2.045636103257247896e+03
2.045636103257247896e+03
2.137388072315480713e+03
2.229140041373713302e+03
2.298110741485677408e+03
2.369545625618127815e+03
2.527375080698197053e+03
2.532050109612346205e+03
2.635168619786479212e+03
2.635168619786479212e+03
2.635168619786479212e+03
2.684820676553472367e+03
2.684820676553472367e+03
2.883958670386038193e+03
2.883958670386038193e+03
2.883958670386038193e+03
2.873090975889902438e+03
2.862223281393766683e+03
2.990420337441142692e+03
2.990420337441142692e+03
3.023588505950021045e+03
3.075324936759891898e+03
3.099120784356778586e+03
3.087222860558335015e+03
3.075324936759891898e+03
3.065428042701242703e+03
3.065428042701242703e+03
3.065428042701242703e+03
3.097010566141112122e+03
3.097010566141112122e+03
3.179899871022272237e+03
3.262789175903431897e+03
3.285191183342461045e+03
3.285191183342461045e+03
3.335318401393578370e+03
3.394242071024048528e+03
3.425016319947454122e+03
3.417893675565579542e+03
3.410771031183704508e+03
3.420934732047445323e+03
3.420934732047445323e+03
3.420934732047445323e+03
3.302308687539391030e+03
3.285949274998807141e+03
3.283858186493264839e+03
3.281767097987722082e+03
3.193819930929233578e+03
3.193819930929233578e+03
3.390468778493499940e+03
3.405537038076182398e+03
3.509129778397270002e+03
3.509129778397270002e+03
3.509129778397270002e+03
3.219719850643120481e+03
3.219719850643120481e+03
3.304548017102981703e+03
3.370007540722704107e+03
3.370007540722704107e+03
3.370007540722704107e+03
3.370007540722704107e+03
3.295941260942217014e+03
3.250856519444424976e+03
3.216421957736481090e+03
3.219950911974134215e+03
3.216421957736481090e+03
3.153520816215530431e+03
3.090619674694580226e+03
3.010095826471510918e+03
3.010095826471510918e+03
3.213835509464264305e+03
3.213835509464264305e+03
3.053429208613631545e+03
2.927433691732844636e+03
2.801438174852057728e+03
2.454173636643468853e+03
2.244005617955097932e+03
2.235327061651204531e+03
2.222149047137440448e+03
2.013667046500620927e+03
1.999156549455274444e+03
1.984646052409927961e+03
2.013667046500620927e+03
2.041309371704583100e+03
2.225113117530263025e+03
2.225323058646013124e+03
2.225323058646013124e+03
2.216788902928281459e+03
2.208254747210549795e+03
2.155159529147209014e+03
2.094003920195596493e+03
2.033637215134182952e+03
1.871422658589568755e+03
1.720321404188895258e+03
1.714929338121004776e+03
1.709537272053114293e+03
1.611644777499775500e+03
1.596103437401934571e+03
1.547935378164454050e+03
1.487418162073201074e+03
1.405357030847699889e+03
1.370359793483551130e+03
1.335362556119402370e+03
1.327979835696939517e+03
1.327979835696939517e+03
1.334505033747536572e+03
1.339002181166679975e+03
1.334505033747536572e+03
1.336753607457108274e+03
1.339002181166679975e+03
1.402948719198634308e+03
1.438023182198397762e+03
1.439997781830149506e+03
1.480807068126934155e+03
1.480807068126934155e+03
1.429485007915141978e+03
1.378162947703349573e+03
1.378162947703349573e+03
1.415844560447643516e+03
1.415844560447643516e+03
1.411909860402044160e+03
1.404212847048045660e+03
1.358762111857916352e+03
1.313311376667787044e+03
1.306772100815410795e+03
1.313311376667787044e+03
1.272377374651978243e+03
1.272377374651978243e+03
1.250369821520499499e+03
1.244610546486156181e+03
1.238851271451812863e+03
1.238467129510308496e+03
1.194876894013480296e+03
1.192288026587983495e+03
1.161785992175194906e+03
1.036356363021928473e+03
1.035260979141669850e+03
1.034165595261411227e+03
9.983837815281625581e+02
9.788621105271236047e+02
9.767471201286630276e+02
9.626832251716256224e+02
9.492926043120479562e+02
9.492926043120479562e+02
9.492926043120479562e+02
9.762233998635952048e+02
1.022024458078491989e+03
1.075255812544812898e+03
1.083936510454597965e+03
1.104034983426156487e+03
1.105003936972072324e+03
1.105972890517988162e+03
1.182212375721154331e+03
1.183754407748875110e+03
1.221365041091899002e+03
1.221365041091899002e+03
1.116582437650896964e+03
1.111531900079913839e+03
1.106481362508930715e+03
1.106481362508930715e+03
1.137160647110335503e+03
1.191514222317400936e+03
1.205327817029859489e+03
1.218494307196712498e+03
1.252921274169339995e+03
1.287348241141967492e+03
1.338420144975317271e+03
1.341982560528788326e+03
1.338420144975317271e+03
1.330216351074688191e+03
1.183617930903409842e+03
1.135458633441458460e+03
1.087299335979507077e+03
1.022395902178359620e+03
9.820154286931764318e+02
9.736465821619959797e+02
9.623841174778920049e+02
9.327845940009048036e+02
9.327845940009048036e+02
9.327845940009048036e+02
1.027082993583539519e+03
1.050522415010078703e+03
1.159447133975834049e+03
1.159447133975834049e+03
1.071374011823059391e+03
1.071374011823059391e+03
1.071374011823059391e+03
1.130195362341094096e+03
1.130195362341094096e+03
1.130195362341094096e+03
1.107930597278309278e+03
1.067057422417409498e+03
1.067057422417409498e+03
1.067057422417409498e+03
1.061722918270581431e+03
1.068790122455051005e+03
1.070990220441820611e+03
1.169490898856421154e+03
1.189536802286085958e+03
1.219968756686873803e+03
1.250400711087661421e+03
1.293495946835669201e+03
1.443173385349811497e+03
1.590636796055924378e+03
1.689636214612975891e+03
1.689636214612975891e+03
1.689636214612975891e+03
1.771197078010710811e+03
1.868934853195260075e+03
1.993331155494542827e+03
2.260003970838789883e+03
2.740708007359589828e+03
2.740708007359589828e+03
2.488340365115246186e+03
2.235972722870902544e+03
2.108312375574153975e+03
1.680501931972444481e+03
1.208577136769557910e+03
1.208577136769557910e+03
1.208577136769557910e+03
1.208577136769557910e+03
1.208577136769557910e+03
1.236638458120805126e+03
1.325215303821809357e+03
1.325511435569636205e+03
1.383956151051791494e+03
1.483761073660188458e+03
1.623024316185428461e+03
1.762287558710668463e+03
1.806455013792571890e+03
1.926535144780417568e+03
2.357374723905244991e+03
2.405270044223769219e+03
2.586670365855065029e+03
2.508707032837231509e+03
2.430743699819397989e+03
2.566719641742529802e+03
2.566719641742529802e+03
2.722633269032697171e+03
2.901559353558180192e+03
2.901559353558180192e+03
2.794258556166059861e+03
2.686957758773939531e+03
2.360302818947537162e+03
2.239391940655607414e+03
2.169551458527716022e+03
2.134867052773844989e+03
2.082603567592399486e+03
1.993459208215037052e+03
1.904314848837674390e+03
2.078731559955369903e+03
1.888515606554750775e+03
2.078731559955369903e+03
1.981605927429727899e+03
2.096492856810556077e+03
2.042587679191924281e+03
1.988682501573292484e+03
2.067630110669891110e+03
2.025840332384766953e+03
2.067630110669891110e+03
2.037632720041864104e+03
2.199588871689516054e+03
2.133759948651091690e+03
2.067931025612666872e+03
2.209567223471489797e+03
2.160694950848409007e+03
2.209567223471489797e+03
2.283696773347576254e+03
2.345961537693533046e+03
2.352850815191048241e+03
2.359740092688563436e+03
2.513064813607436918e+03
2.545357790670531813e+03
2.605235471637334740e+03
2.545357790670531813e+03
2.417653044678781953e+03
2.417653044678781953e+03
2.417653044678781953e+03
2.476522579319671422e+03
2.657135809945692927e+03
2.731477083437125202e+03
2.657135809945692927e+03
2.491252509898101835e+03
2.491252509898101835e+03
2.491252509898101835e+03
2.536708272863242655e+03
2.556012170355671515e+03
2.580743288993674469e+03
2.556012170355671515e+03
2.525646473564186181e+03
2.506581974277570680e+03
2.487517474990955179e+03
2.487517474990955179e+03
2.464197077542042734e+03
2.483379931743670113e+03
2.394497548511320474e+03
2.483379931743670113e+03
2.398144591625824432e+03
2.312909251507978752e+03
2.444986819035655117e+03
2.444986819035655117e+03
2.489355788113695780e+03
2.489355788113695780e+03
2.489355788113695780e+03
2.485191066727174984e+03
2.481026345340654188e+03
2.564365240808645012e+03
2.564365240808645012e+03
2.631814958456730892e+03
2.631814958456730892e+03
2.507828169184778289e+03
2.479073113770612508e+03
2.450318058356446272e+03
2.371103168487853964e+03
2.371103168487853964e+03
2.346447616932556684e+03
2.346447616932556684e+03
2.346447616932556684e+03
2.338016403691799496e+03
2.329585190451042763e+03
2.417113764383884700e+03
2.417113764383884700e+03
2.493457927012126675e+03
2.493457927012126675e+03
2.479511931993077269e+03
2.419448944692745499e+03
2.359385957392413729e+03
2.359385957392413729e+03
2.208042288142387406e+03
2.208042288142387406e+03
2.437519294284306397e+03
2.501152014845430585e+03
2.501152014845430585e+03
2.501152014845430585e+03
2.532796872192692717e+03
2.789455066254730355e+03
2.910323993934860937e+03
2.997490497299198978e+03
3.319779165402913804e+03
3.369657987184110425e+03
3.419536808965306591e+03
3.419536808965306591e+03
3.270331738999887421e+03
3.205229995311350194e+03
2.942464554797093115e+03
2.942464554797093115e+03
2.828612425551456454e+03
2.796149510339246262e+03
2.796149510339246262e+03
2.793568737584897008e+03
2.305045907810350855e+03
2.053976733299002262e+03
2.053976733299002262e+03
2.053976733299002262e+03
2.053976733299002262e+03
2.404108172201790239e+03
2.416018818084464328e+03
2.416018818084464328e+03
2.601218506407241875e+03
2.731531312205768700e+03
2.732042814564808850e+03
2.732554316923849001e+03
2.826844245807492371e+03
2.837780423781490299e+03
2.886102271240296432e+03
2.896262488723500610e+03
2.898108454184356106e+03
2.902861018378292556e+03
2.907613582572229006e+03
2.932874684260822960e+03
3.062024778079093721e+03
3.105710655411410244e+03
3.168063608100627789e+03
3.168063608100627789e+03
3.163256123337741883e+03
3.158448638574855977e+03
3.091621502542105191e+03
2.938300130858641751e+03
3.091621502542105191e+03
2.951124936224733119e+03
3.092288111346510050e+03
3.087992210610114398e+03
3.083696309873718747e+03
3.101980777089729600e+03
3.173165042072847427e+03
3.282784404478044962e+03
3.400226656078320048e+03
3.406846006441332975e+03
3.428170320445758534e+03
3.449494634450184094e+03
3.522768299055245734e+03
3.673484337760611197e+03
3.727163965540344634e+03
3.839894073970419413e+03
3.787772749582835786e+03
3.805153760957120539e+03
3.822534772331404838e+03
3.822534772331404838e+03
3.929140616469585439e+03
3.981890754855133764e+03
4.024307414412013713e+03
4.024307414412013713e+03
3.972877514596881610e+03
3.921447614781749508e+03
3.730901606905290464e+03
3.730901606905290464e+03
3.728754187113487205e+03
3.633760995570372870e+03
3.574567071655993004e+03
3.530561678169624429e+03
3.486556284683255853e+03
3.486556284683255853e+03
3.486556284683255853e+03
3.404833074841265898e+03
3.404833074841265898e+03
3.437580168995839813e+03
3.453254562627550058e+03
3.468928956259260303e+03
3.437580168995839813e+03
3.534500209903260838e+03
3.541284427244725066e+03
3.629288153164748110e+03
3.657725962538158001e+03
3.674770667688396315e+03
3.691815372838635085e+03
3.657725962538158001e+03
3.646971404694148077e+03
3.584681964853123191e+03
3.428646998416317274e+03
3.363537230120101867e+03
3.332623707189799461e+03
3.301710184259497055e+03
3.288507201858464668e+03
3.198268204958626484e+03
3.198268204958626484e+03
3.285326826132264159e+03
3.420512265738457700e+03
3.420512265738457700e+03
3.420512265738457700e+03
3.373705784882848548e+03
3.267269184533126463e+03
3.228034883990780145e+03
3.135274626299318243e+03
3.049463583958924119e+03
3.019028057689887646e+03
2.988592531420850719e+03
2.935095522422745944e+03
2.788050952781463820e+03
2.785918516776223441e+03
2.453932514868013641e+03
2.320001720380527786e+03
2.139542553158193186e+03
1.959083385935858814e+03
1.652924023630986767e+03
1.634138537400290033e+03
1.573202677597267439e+03
1.555875084669841954e+03
1.469736096233008311e+03
1.450532481759208849e+03
1.431328867285409387e+03
1.469736096233008311e+03
1.470073980669961202e+03
1.565757492009123098e+03
1.573286383742435191e+03
1.596972830428903535e+03
1.609183522870647266e+03
1.621394215312390997e+03
1.660137803270059521e+03
1.745955352917946357e+03
1.917879444235619530e+03
1.946523989950336727e+03
1.946523989950336727e+03
1.946523989950336727e+03
1.946523989950336727e+03
1.895820110445768023e+03
1.895820110445768023e+03
1.895820110445768023e+03
1.851563313355059108e+03
1.731212371102998304e+03
1.693618866698274587e+03
1.656025362293550870e+03
1.655805950887100153e+03
1.585737454487345303e+03
1.564315805460525098e+03
1.504245254860747309e+03
1.418331932489674500e+03
1.397197147865334728e+03
1.376062363240994955e+03
1.316151964378965658e+03
1.275819292889381586e+03
1.236742170646927889e+03
1.163881781620234506e+03
1.001682062757051199e+03
9.961847658679589586e+02
9.906874689788668320e+02
1.001682062757051199e+03
1.007814930930808032e+03
1.012078659985612830e+03
1.084710816847398291e+03
1.119887297301865374e+03
1.156785072849080507e+03
1.193682848396295640e+03
1.325841447520952443e+03
1.529533185278880183e+03
1.863649200082734069e+03
1.863649200082734069e+03
1.689497277301209351e+03
1.610248907090821831e+03
1.531000536880434083e+03
1.485224932092987501e+03
1.485224932092987501e+03
1.488584788905644018e+03
1.491928690754329637e+03
1.515190980653643010e+03
1.527869730503088931e+03
1.540548480352534852e+03
1.575036075213707136e+03
1.620921369330078051e+03
1.711662514444729595e+03
1.727826819619646358e+03
1.727826819619646358e+03
1.742196467557229425e+03
1.756566115494812493e+03
1.756566115494812493e+03
1.778612768725765136e+03
1.864902996435853311e+03
1.978123117709229973e+03
2.126303071751225616e+03
2.133077625422512028e+03
2.139852179093798441e+03
2.432249083798823449e+03
2.559308164024043890e+03
2.851142043915744125e+03
2.851142043915744125e+03
2.837688130646078662e+03
2.807829350491091645e+03
2.777970570336105084e+03
2.685355761289277325e+03
2.590750199111528218e+03
2.590750199111528218e+03
2.482754820558533083e+03
2.119105195605768586e+03
2.105156675207916123e+03
2.091208154810064116e+03
1.925725544537922815e+03
1.895561214833735903e+03
1.837189049544675527e+03
1.826858967523932051e+03
1.724593815927372816e+03
1.718486820794852065e+03
1.712379825662331086e+03
1.724593815927372816e+03
1.766637858706624229e+03
1.825508722134948812e+03
1.825508722134948812e+03
1.800408502762862781e+03
1.798954247198339544e+03
1.797499991633816308e+03
1.707067941384128972e+03
1.707067941384128972e+03
1.721558636711433564e+03
1.847361739136581946e+03
1.899620450023558305e+03
1.919972351406331200e+03
1.940324252789104321e+03
1.997817085669980088e+03
2.053213197721488086e+03
2.268712179194045802e+03
2.663472979229619796e+03
2.970230968371151903e+03
3.055237593460255084e+03
3.140244218549358720e+03
3.054962255040560194e+03
3.113830307769851970e+03
3.113830307769851970e+03
3.246791997316131528e+03
3.246791997316131528e+03
3.246791997316131528e+03
3.246791997316131528e+03
3.249672890602938878e+03
3.409221265422617762e+03
3.587605665447345928e+03
3.810613792708100846e+03
3.964290266462996897e+03
4.161709986766522889e+03
4.359129707070048426e+03
4.782073791670486571e+03
5.450793075326307189e+03
7.066927618470377638e+03
7.066927618470377638e+03
6.298766466801352180e+03
6.151565348346121027e+03
6.004364229890889874e+03
5.535149901175796003e+03
5.535149901175796003e+03
5.585957711019249473e+03
5.585957711019249473e+03
5.263072800002261829e+03
5.024615556724678754e+03
4.270015196733193989e+03
4.270015196733193989e+03
3.549179168305122857e+03
3.549179168305122857e+03
3.438523280423280539e+03
3.438523280423280539e+03
3.398279206032197180e+03
3.358035131641113367e+03
3.358035131641113367e+03
3.536748946729045656e+03
3.536748946729045656e+03
3.487632597122520110e+03
3.487632597122520110e+03
3.507657668094358996e+03
3.527682739066197882e+03
3.585503870116753205e+03
3.670966857480180806e+03
3.703935180154865520e+03
3.703935180154865520e+03
3.661637541493014396e+03
3.564633792583473223e+03
3.467630043673932050e+03
3.562431700455698774e+03
3.482609922732053292e+03
3.562431700455698774e+03
3.482609922732053292e+03
3.674300533934836039e+03
3.693082029502760633e+03
3.711863525070684773e+03
3.794745432727441766e+03
3.711863525070684773e+03
3.642406178512097540e+03
3.451620000353948853e+03
3.473671777715429016e+03
3.294039520463234567e+03
3.114407263211040117e+03
2.887276914464520814e+03
2.836695194722714405e+03
2.806192910150511125e+03
2.603036871152033200e+03
2.587480266338609908e+03
2.440032206052078891e+03
2.292584145765547873e+03
2.397326671321915455e+03
2.237260752423655958e+03
2.304678996092224224e+03
2.187342250293528195e+03
2.238420153090917665e+03
2.156340252351117670e+03
2.074260351611317674e+03
2.097286857292497643e+03
2.074260351611317674e+03
2.015319741839110748e+03
1.960068855639740377e+03
1.955201236434062366e+03
1.864239385043655147e+03
1.773277533653247701e+03
1.950414473044145552e+03
1.930031966892907121e+03
1.930031966892907121e+03
1.847068243570729919e+03
1.847068243570729919e+03
1.794145552131748900e+03
1.741222860692767654e+03
1.752627881058223693e+03
1.752627881058223693e+03
1.814027777000567539e+03
1.814027777000567539e+03
1.814027777000567539e+03
1.821575359191250300e+03
1.829122941381932833e+03
1.898129619818615993e+03
1.944258592905285013e+03
1.974823754300381552e+03
1.974823754300381552e+03
2.014751645146827968e+03
1.983682229668924037e+03
1.952612814191020107e+03
2.014751645146827968e+03
1.989667693429018300e+03
2.020495273543218445e+03
1.989667693429018300e+03
2.020495273543218445e+03
2.066070355248630221e+03
2.111645436954041998e+03
2.125463237620374457e+03
2.125463237620374457e+03
2.125463237620374457e+03
2.117686208667627398e+03
2.117686208667627398e+03
2.145399676269032170e+03
2.173113143870436943e+03
2.173113143870436943e+03
2.124708863617560837e+03
1.919823315606324968e+03
