1.055854957923898473e+04
1.055854957923898473e+04
8.938520668161168942e+03
8.929088238006173924e+03
8.929088238006173924e+03
9.482061961907360455e+03
9.482061961907360455e+03
9.157589254529879327e+03
8.833116547152398198e+03
7.979156654989978051e+03
7.398689812699263712e+03
7.363720387062491682e+03
7.208764066603337596e+03
7.181392013433672219e+03
7.181392013433672219e+03
7.181392013433672219e+03
7.218131515867169583e+03
7.500960404907283191e+03
7.918947024288433568e+03
8.413382522440519097e+03
8.947943383660287509e+03
9.380031488405247728e+03
9.482338376951836835e+03
9.380031488405247728e+03
9.380031488405247728e+03
9.380031488405247728e+03
9.380031488405247728e+03
6.848794346376990688e+03
6.848794346376990688e+03
6.848794346376990688e+03
6.311004144847185671e+03
5.773213943317381563e+03
5.773213943317381563e+03
6.065222769636555313e+03
6.264498451173369176e+03
6.264498451173369176e+03
6.264498451173369176e+03
6.264498451173369176e+03
6.267561466405527426e+03
6.748285041129455749e+03
6.748285041129455749e+03
6.627025908458726917e+03
6.626523210206752083e+03
6.626020511954777248e+03
6.208115693541203655e+03
6.162117396047498914e+03
6.069534856703593505e+03
5.906040387859101429e+03
5.892372705161860722e+03
5.617133757009655710e+03
5.341894808857450698e+03
4.745600657082103680e+03
4.474538156425377565e+03
4.474538156425377565e+03
4.961226183166684677e+03
5.915583883455917203e+03
5.915583883455917203e+03
5.915583883455917203e+03
5.585075936629831631e+03
5.585075936629831631e+03
5.718398891001840639e+03
5.905538196118248379e+03
5.905538196118248379e+03
5.575914187206368297e+03
5.246290178294488214e+03
4.540840850832892102e+03
4.296078656650925950e+03
4.296078656650925950e+03
4.806342600451051112e+03
4.861412341603156165e+03
4.861412341603156165e+03
4.861412341603156165e+03
4.410195335115355192e+03
4.277625071314571869e+03
4.277625071314571869e+03
4.435651131337843253e+03
4.599757497174511627e+03
4.599757497174511627e+03
4.599757497174511627e+03
4.486155064132903135e+03
4.486155064132903135e+03
4.580054039055210524e+03
4.823274302099127453e+03
4.908105205695425866e+03
4.908105205695425866e+03
4.908105205695425866e+03
4.582011474637538413e+03
4.582011474637538413e+03
4.814607072968803550e+03
4.814607072968803550e+03
4.620581629082977088e+03
4.544700216252677819e+03
4.468818803422378551e+03
3.636110658425288875e+03
3.626810986931648131e+03
3.636110658425288875e+03
3.829343932475131169e+03
3.956033912749904175e+03
3.956033912749904175e+03
3.956033912749904175e+03
3.424254521397875124e+03
3.424254521397875124e+03
3.541545807497396254e+03
3.832105061571207898e+03
3.832105061571207898e+03
3.733838863361782387e+03
3.635572665152356876e+03
3.520897661570867058e+03
3.520897661570867058e+03
3.986209635923553378e+03
4.362172347743648061e+03
4.381961441901328726e+03
4.381961441901328726e+03
4.381961441901328726e+03
3.983920047229823012e+03
3.931339443440076138e+03
3.931339443440076138e+03
3.931339443440076138e+03
3.926853687194059148e+03
3.744919296572506028e+03
3.562984905950952452e+03
3.442988528135630077e+03
3.442988528135630077e+03
3.845661033236327967e+03
3.953677989307036114e+03
3.960088010126521112e+03
3.960088010126521112e+03
3.960088010126521112e+03
3.960088010126521112e+03
4.391225301313463206e+03
4.495220688648297255e+03
4.554333555613719000e+03
4.554333555613719000e+03
4.466215099815826761e+03
4.378096644017933613e+03
4.268905846955050038e+03
4.268905846955050038e+03
4.389809223055955954e+03
4.389809223055955954e+03
4.373483200212436714e+03
4.267402713871038941e+03
4.161322227529641168e+03
4.161322227529641168e+03
4.192623032969962878e+03
4.577362883578501169e+03
5.064863348274976488e+03
5.160488460485422365e+03
5.524087495235417009e+03
5.887686529985410743e+03
5.887686529985410743e+03
5.892069634560259146e+03
6.066245861960826915e+03
6.385520403007518325e+03
6.385520403007518325e+03
6.205660819084785544e+03
6.025801235162053672e+03
5.955093487303604888e+03
5.955093487303604888e+03
6.389720194248424377e+03
6.770993066139260009e+03
6.875657937879838755e+03
6.926300619145124983e+03
6.976943300410411211e+03
7.287912758158246106e+03
7.881129786458120179e+03
7.888517170918467855e+03
8.218966993931087927e+03
8.879769701690614966e+03
8.879769701690614966e+03
8.879769701690614966e+03
8.879769701690614966e+03
9.401750177683012225e+03
9.401750177683012225e+03
8.768965729275971171e+03
8.686269030390736589e+03
8.629058060445928277e+03
8.571847090501121784e+03
8.571847090501121784e+03
8.771792761641310790e+03
8.771792761641310790e+03
8.664631660329530860e+03
6.730470806045340396e+03
7.508902513412280314e+03
8.287334220779221141e+03
6.730470806045340396e+03
6.922756862745098260e+03
5.656862199592667821e+03
6.606920320000000174e+03
6.606920320000000174e+03
6.606920320000000174e+03
6.606920320000000174e+03
1.609709433962264484e+03
1.609709433962264484e+03
2.724523178807946806e+03
2.724523178807946806e+03
2.391256701030928070e+03
2.231663350515464117e+03
2.072070000000000164e+03
1.999714285714285552e+03
1.999714285714285552e+03
2.031155339805824724e+03
2.031155339805824724e+03
2.031155339805824724e+03
2.004587669902912239e+03
1.978019999999999982e+03
2.559763358778625843e+03
2.419368421052632129e+03
2.702699999999999818e+03
2.625541176470588198e+03
2.702699999999999818e+03
2.664120588235294235e+03
2.625541176470588198e+03
5.247514844804318273e+03
9.390600000000000364e+03
9.390600000000000364e+03
5.805800000000000182e+03
5.805800000000000182e+03
2.502500000000000000e+03
2.502500000000000000e+03
2.502500000000000000e+03
4.630300000000000182e+03
6.893100000000000364e+03
6.893100000000000364e+03
6.893100000000000364e+03
5.210298954983923068e+03
3.527497909967845771e+03
2.887500000000000000e+03
2.887500000000000000e+03
2.887500000000000000e+03
7.704470967741935965e+03
3.003000000000000000e+03
3.531468750000000000e+03
4.059937500000000000e+03
4.059937500000000000e+03
4.178447727272727207e+03
4.304300000000000182e+03
5.425883333333333212e+03
5.425883333333333212e+03
5.425883333333333212e+03
5.425883333333333212e+03
3.580243333333333339e+03
3.580243333333333339e+03
3.580243333333333339e+03
3.634400000000000091e+03
4.295699999999999818e+03
4.370941139240506345e+03
4.446182278481012872e+03
4.295699999999999818e+03
2.331000000000000000e+04
3.996000000000000000e+03
5.515679661016948558e+03
3.996000000000000000e+03
4.755839830508473824e+03
5.515679661016948558e+03
7.002068965517240940e+03
7.002068965517240940e+03
8.291700000000000728e+03
8.171418103448276270e+03
8.171418103448276270e+03
6.166705019466073281e+03
4.161991935483871202e+03
3.996000000000000000e+03
4.161991935483871202e+03
4.446117613636363785e+03
4.446117613636363785e+03
4.161750000000000000e+03
4.161750000000000000e+03
4.161750000000000000e+03
3.696300000000000182e+03
5.219500000000000000e+03
3.001888888888888687e+03
4.752247500000000400e+03
4.295699999999999818e+03
4.300000000000000000e+03
4.304300000000000182e+03
4.304300000000000182e+03
4.304300000000000182e+03
4.304300000000000182e+03
4.904270000000000437e+03
4.904270000000000437e+03
4.904270000000000437e+03
4.904270000000000437e+03
4.904270000000000437e+03
8.106335012594458021e+03
1.068639029126213609e+04
8.411271428571428260e+03
1.884149090909090955e+04
2.081418723536737525e+04
2.278688356164384095e+04
2.331000000000000000e+04
2.331000000000000000e+04
1.399148195329087139e+04
1.399148195329087139e+04
2.356170850746268843e+04
2.356170850746268843e+04
2.356170850746268843e+04
1.837625329670329666e+04
1.702232445793582156e+04
1.837625329670329666e+04
1.778313550165380366e+04
1.778313550165380366e+04
1.682457674929687710e+04
1.586601799693994872e+04
1.586601799693994872e+04
1.591888473391580555e+04
1.627681153846153939e+04
1.723946852924944324e+04
1.723946852924944324e+04
1.618400384587172084e+04
1.512853916249399663e+04
1.471387426800411777e+04
1.471387426800411777e+04
1.471387426800411777e+04
1.355133900814988738e+04
1.215858348433940773e+04
1.215858348433940773e+04
1.215858348433940773e+04
1.125686244191926744e+04
1.125686244191926744e+04
1.177068829109271974e+04
1.261710682947748319e+04
1.261710682947748319e+04
1.236187045031455273e+04
1.210663407115162408e+04
1.149873521982964849e+04
1.149873521982964849e+04
1.175141781026076751e+04
1.205105657765496471e+04
1.205105657765496471e+04
1.188713367374855079e+04
1.172321076984213687e+04
1.094452823560425531e+04
1.063292451228065511e+04
1.059333608887847186e+04
1.036596860787637524e+04
1.008185567483379418e+04
1.003719975447802790e+04
9.992543834122263434e+03
9.200864988180008368e+03
9.200864988180008368e+03
9.555978047537904786e+03
1.000054371966323015e+04
1.026675692423965666e+04
1.026675692423965666e+04
1.026675692423965666e+04
1.015918897947699952e+04
1.015918897947699952e+04
1.074758121726314312e+04
1.158635282139437913e+04
1.158635282139437913e+04
1.138565119055309515e+04
1.118494955971181116e+04
1.093806646656782868e+04
1.093806646656782868e+04
1.189393196601831551e+04
1.189393196601831551e+04
1.114993891570402593e+04
1.088861931054922388e+04
1.062729970539442365e+04
1.013554736567957116e+04
1.013554736567957116e+04
1.056041032804989663e+04
1.087682057446343788e+04
1.151673627161404329e+04
1.151673627161404329e+04
1.151673627161404329e+04
1.151673627161404329e+04
1.031453121186301541e+04
1.031453121186301541e+04
1.095538435382540047e+04
1.095538435382540047e+04
1.063100924409671279e+04
1.030663413436802330e+04
9.900688256642406486e+03
9.900688256642406486e+03
1.028234009910084933e+04
1.074796229243169910e+04
1.074796229243169910e+04
1.062528573596855313e+04
1.050260917950540716e+04
1.009186514489088222e+04
1.009186514489088222e+04
1.058519659549881180e+04
1.058519659549881180e+04
1.044773612109176793e+04
1.021617708331056201e+04
9.984618045529354276e+03
9.058889938207319574e+03
8.302083296268117920e+03
8.109064614544678989e+03
8.109064614544678989e+03
8.182605114041560228e+03
8.189510338366413635e+03
8.196415562691267041e+03
8.448859747967635485e+03
8.448859747967635485e+03
8.949720237188490501e+03
9.396024438445947453e+03
9.396024438445947453e+03
9.316770080321284695e+03
8.921141568849958276e+03
8.121545422739141031e+03
8.007454606341090766e+03
7.954235202734003906e+03
7.945484954174567065e+03
7.945484954174567065e+03
8.210114923938092033e+03
8.211776561776241579e+03
8.210114923938092033e+03
8.154255204777799008e+03
8.154255204777799008e+03
8.154255204777799008e+03
7.556905332541206008e+03
7.556905332541206008e+03
5.238213678818889093e+03
4.578452878802415398e+03
4.578452878802415398e+03
5.003834007461546207e+03
5.332179216247071054e+03
5.475914872257968455e+03
5.475914872257968455e+03
5.475914872257968455e+03
5.475914872257968455e+03
5.432315275631639452e+03
5.576540636460283167e+03
6.010490987840961679e+03
6.010490987840961679e+03
5.755120551413450812e+03
5.499750114985939035e+03
4.953436836230485824e+03
4.851835169028431665e+03
4.851835169028431665e+03
5.142368925014106026e+03
5.736787605253500260e+03
5.736787605253500260e+03
5.736787605253500260e+03
5.494608103484909407e+03
5.213010939515583232e+03
4.680777810148511890e+03
4.680777810148511890e+03
4.564495710215950567e+03
4.459385302527693057e+03
4.354274894839436456e+03
4.340840716109827554e+03
4.340840716109827554e+03
4.981262395075511449e+03
5.766630690063696420e+03
5.766630690063696420e+03
5.613657733698465563e+03
5.460684777333234706e+03
4.451942392962839222e+03
4.093644053507046920e+03
4.093644053507046920e+03
4.188920198144641290e+03
4.188920198144641290e+03
4.043383331420948252e+03
3.897846464697255215e+03
3.505574268834259783e+03
3.505574268834259783e+03
3.508963042593601585e+03
3.755726962581208682e+03
5.094384593029411008e+03
5.094384593029411008e+03
5.094384593029411008e+03
4.882114607926055214e+03
4.724499663318359126e+03
4.524294201053398865e+03
4.306391542514837965e+03
4.306391542514837965e+03
4.324521529814652240e+03
4.342651517114467424e+03
4.349222660470812116e+03
4.416259283502959988e+03
4.416259283502959988e+03
4.416259283502959988e+03
4.392576815230121611e+03
4.141679818457172587e+03
3.890782821684224018e+03
3.890782821684224018e+03
3.956124500868278119e+03
4.424934808264668391e+03
4.891489317743422362e+03
4.891489317743422362e+03
4.678119261651355373e+03
4.464749205559288384e+03
3.771104324341973552e+03
3.771104324341973552e+03
3.981688672807763851e+03
4.319327762750430338e+03
5.010405004346515852e+03
5.010405004346515852e+03
5.010405004346515852e+03
4.959101989048276664e+03
4.834314598511240547e+03
4.760038120489419271e+03
4.508929469501143103e+03
4.215051255857641991e+03
4.207084864558297340e+03
4.199118473258951781e+03
3.574273042174514103e+03
3.317813383327097654e+03
3.303533879743919897e+03
3.303533879743919897e+03
3.814686791787858965e+03
4.091550501905351666e+03
4.368414212022844367e+03
4.755605474231848348e+03
5.744252076297140775e+03
5.744252076297140775e+03
5.881189231082823426e+03
5.881189231082823426e+03
6.232390740976532470e+03
6.583592250870240605e+03
6.583592250870240605e+03
6.263968321602601463e+03
5.672285005192349672e+03
5.672285005192349672e+03
5.647388304744086781e+03
5.613527265881069980e+03
5.579666227018052268e+03
5.579666227018052268e+03
5.162061248908617927e+03
4.866377746964534708e+03
4.866377746964534708e+03
4.772858873152230444e+03
4.855306883771310822e+03
4.937754894390392110e+03
5.516595689350960129e+03
5.516595689350960129e+03
5.516595689350960129e+03
6.008482813766839172e+03
7.347337629951532108e+03
7.364089553383597377e+03
7.380841476815662645e+03
7.600544091228565776e+03
7.600544091228565776e+03
7.216422368841737807e+03
7.216422368841737807e+03
7.851559192714188612e+03
7.896183804644184420e+03
7.940808416574179319e+03
8.103930628318583331e+03
8.103930628318583331e+03
6.809096983758699935e+03
6.728998447738307732e+03
6.407420105820106073e+03
6.233841258443650077e+03
6.060262411067193170e+03
6.060262411067193170e+03
5.446820689655172828e+03
6.582943373493976651e+03
5.446820689655172828e+03
6.582943373493976651e+03
4.532030365503464964e+03
2.481117357512953276e+03
8.508500000000000000e+03
3.681315000000000055e+03
3.681315000000000055e+03
3.103099999999999909e+03
2.284647738693467545e+03
2.284647738693467545e+03
2.284647738693467545e+03
2.284647738693467545e+03
2.547449999999999818e+03
4.495500000000000000e+03
4.495500000000000000e+03
1.034366666666666606e+04
7.437662790697673699e+03
4.531658914728682248e+03
1.034366666666666606e+04
4.531658914728682248e+03
2.792642826086956575e+03
2.792642826086956575e+03
4.204199999999999818e+03
4.204199999999999818e+03
4.204199999999999818e+03
4.204199999999999818e+03
8.192196428571429351e+03
8.192196428571429351e+03
4.068043650793650613e+03
4.068043650793650613e+03
4.068043650793650613e+03
4.068043650793650613e+03
4.068043650793650613e+03
3.996000000000000000e+03
3.996000000000000000e+03
3.996000000000000000e+03
3.756750983606556929e+03
3.474414380692167470e+03
3.192077777777777555e+03
3.192077777777777555e+03
3.192077777777777555e+03
3.303300000000000182e+03
3.136860000000000127e+03
3.136860000000000127e+03
4.004000000000000000e+03
4.004000000000000000e+03
3.792672881355932986e+03
4.004000000000000000e+03
4.165411250000000109e+03
4.165411250000000109e+03
3.545443846153845698e+03
3.375662489114658911e+03
3.205881132075472124e+03
2.322033333333333303e+03
2.322033333333333303e+03
2.919583333333333030e+03
4.026799209486165637e+03
2.919583333333333030e+03
2.896942148277875276e+03
2.874300963222417067e+03
2.335527272727272702e+03
2.165800000000000182e+03
2.165800000000000182e+03
2.237083240223464145e+03
2.416304676258992458e+03
2.522932753884419981e+03
2.629560831509847048e+03
2.629560831509847048e+03
2.494123393393393599e+03
2.494123393393393599e+03
2.540450239234450237e+03
4.502751363636363749e+03
5.803375681818181874e+03
7.104000000000000000e+03
6.506500000000000000e+03
6.506500000000000000e+03
6.506500000000000000e+03
2.432661284046692344e+03
9.009000000000000000e+03
9.009000000000000000e+03
9.009000000000000000e+03
9.009000000000000000e+03
9.009000000000000000e+03
9.009000000000000000e+03
9.009000000000000000e+03
6.006000000000000000e+03
5.750250000000000000e+03
5.494500000000000000e+03
5.494500000000000000e+03
1.974523154362416108e+03
4.576000000000000000e+03
1.935562500000000000e+03
4.576000000000000000e+03
5.416125000000000000e+03
6.256250000000000000e+03
7.007000000000000000e+03
7.007000000000000000e+03
7.377369999999999891e+03
1.301300000000000000e+04
2.593880952380952294e+04
2.593880952380952294e+04
2.593880952380952294e+04
3.861000000000000000e+04
3.861000000000000000e+04
2.705962962962963138e+04
2.705962962962963138e+04
2.705962962962963138e+04
2.714367464745079633e+04
2.722771966527196491e+04
2.665810937500000000e+04
2.722771966527196491e+04
2.559014465408804972e+04
2.773101410891088744e+04
2.481641059602648966e+04
2.591364769412288297e+04
2.701088479221927992e+04
2.459966285276073904e+04
2.701088479221927992e+04
2.585929429206819987e+04
2.779316109350237093e+04
2.593905100424327975e+04
2.593905100424327975e+04
2.593905100424327975e+04
2.570014442909940044e+04
2.526118095478204486e+04
2.454855309029959244e+04
2.269702906895344859e+04
2.162401011756074149e+04
2.098589810499682062e+04
2.034778609243290339e+04
2.034778609243290339e+04
2.040779514546491919e+04
2.051098370015656110e+04
2.040779514546491919e+04
2.038158666452978650e+04
2.010798389076129388e+04
1.983438111699280125e+04
1.811696546062209381e+04
1.811696546062209381e+04
1.827964531690893637e+04
1.827964531690893637e+04
1.758751609442256085e+04
1.708049647774510959e+04
1.657347686106766196e+04
1.580746088623423020e+04
1.548389912653272040e+04
1.548389912653272040e+04
1.478732075643867756e+04
1.343146656668887408e+04
1.304386050485571286e+04
1.265625444302255164e+04
1.047204743968849652e+04
1.047204743968849652e+04
1.042213452582974605e+04
1.036322571382498245e+04
9.651558071318284419e+03
9.610721633449533329e+03
9.569885195580782238e+03
9.569885195580782238e+03
9.847677652439904705e+03
1.102883071549954730e+04
1.179109005957801128e+04
1.249495888424740770e+04
1.249495888424740770e+04
1.249495888424740770e+04
1.247171174085393613e+04
1.247171174085393613e+04
1.328126633835042048e+04
1.328126633835042048e+04
1.242019151327684449e+04
1.182564666904962905e+04
1.123110182482241362e+04
9.788069052668544828e+03
9.341904086683220157e+03
8.282299187040192919e+03
7.149420707542083619e+03
7.149420707542083619e+03
8.329582191445106218e+03
9.509743675348128818e+03
9.509743675348128818e+03
9.509743675348128818e+03
9.207214937444079624e+03
9.207214937444079624e+03
9.192026768525507578e+03
9.192026768525507578e+03
9.192026768525507578e+03
8.356961209863125987e+03
8.356961209863125987e+03
8.472267375550021825e+03
8.472267375550021825e+03
8.184055437623816033e+03
8.014256736170869772e+03
7.844458034717924420e+03
7.250820393952704762e+03
7.250820393952704762e+03
7.333409040889767311e+03
7.593989454984062831e+03
7.950266258819271570e+03
7.950266258819271570e+03
7.950266258819271570e+03
7.950266258819271570e+03
7.964249683539055695e+03
8.122587332206973770e+03
8.153663082150071205e+03
8.182388117278287609e+03
8.182388117278287609e+03
8.087068968162974670e+03
8.047715409531476325e+03
8.047715409531476325e+03
8.260533179485984874e+03
8.914245428167299906e+03
1.029182042302590889e+04
1.091127063648906551e+04
1.091127063648906551e+04
1.091127063648906551e+04
1.000946881958295126e+04
1.000946881958295126e+04
6.431857150269253907e+03
5.823258405059085817e+03
5.756392487894971964e+03
5.689526570730858111e+03
5.823258405059085817e+03
5.921843671565784462e+03
6.288800986742982786e+03
6.589356455747423752e+03
6.589356455747423752e+03
6.320101281667940384e+03
6.050846107588457016e+03
6.050846107588457016e+03
6.070471941374804373e+03
6.136886724889985999e+03
6.344650854798006549e+03
6.344650854798006549e+03
6.176807709477190656e+03
6.008964564156374763e+03
5.174631540475494148e+03
5.174631540475494148e+03
5.350510624301811731e+03
5.587350132051172295e+03
5.734585374807455992e+03
5.734585374807455992e+03
5.734585374807455992e+03
5.220064014196776952e+03
5.115969004764444435e+03
5.115969004764444435e+03
5.176987893183527376e+03
5.187217770970513811e+03
5.187217770970513811e+03
5.187217770970513811e+03
4.938774338089612684e+03
4.938774338089612684e+03
5.387978727477997381e+03
5.770808623092012567e+03
5.770808623092012567e+03
5.499349398198568451e+03
5.227890173305123426e+03
4.766814123001766347e+03
4.550499979570723553e+03
4.451408439801168242e+03
4.451408439801168242e+03
4.568841799948656444e+03
4.568841799948656444e+03
4.568841799948656444e+03
4.507314529519083408e+03
4.507314529519083408e+03
4.507314529519083408e+03
4.628806207416285361e+03
4.479791091640442573e+03
4.479791091640442573e+03
4.479791091640442573e+03
4.212953551241521382e+03
4.212953551241521382e+03
4.332754586633788676e+03
4.616380664832943694e+03
4.679092158644330993e+03
4.679092158644330993e+03
4.679092158644330993e+03
4.218077014923737806e+03
4.137932523080355168e+03
4.137932523080355168e+03
4.470020728893705382e+03
4.850915449450790220e+03
4.850915449450790220e+03
4.850915449450790220e+03
4.741789053537138898e+03
4.741789053537138898e+03
4.741789053537138898e+03
4.735282318926278094e+03
4.580317073283195896e+03
4.306924812042653684e+03
4.033532550802111018e+03
3.467012766334368280e+03
3.467012766334368280e+03
3.847596310378470207e+03
4.173669354498037137e+03
4.967821747958584638e+03
5.019531841230778809e+03
5.071241934502973891e+03
5.108362652942820205e+03
5.143565251309828454e+03
5.143565251309828454e+03
5.109125355894749191e+03
4.478252174242784349e+03
4.206118626072591724e+03
3.933985077902398189e+03
3.933985077902398189e+03
4.213019254654868746e+03
4.575590011746833625e+03
4.687791320518251268e+03
4.687791320518251268e+03
4.426958754655302982e+03
4.166126188792353787e+03
3.668268620913585892e+03
3.668268620913585892e+03
3.899127637844754190e+03
3.901486194479934056e+03
4.066928618612751961e+03
4.218018603710452226e+03
4.369108588808151580e+03
4.599474802380977962e+03
4.908800851016976594e+03
5.134221769238468369e+03
5.134221769238468369e+03
5.063416681955832246e+03
5.063416681955832246e+03
5.063416681955832246e+03
5.145022209773540453e+03
7.406887662798961173e+03
7.519786019205473167e+03
7.668976541384513439e+03
7.765657111539549078e+03
7.765657111539549078e+03
7.765657111539549078e+03
7.688001889526344712e+03
7.688001889526344712e+03
7.744648234231912284e+03
7.901988245298965012e+03
7.744648234231912284e+03
7.113380530714563065e+03
6.482112827197212937e+03
6.393261342502679327e+03
6.393261342502679327e+03
6.830893663761064090e+03
7.069172902740638165e+03
7.964064797738914422e+03
7.964064797738914422e+03
7.964064797738914422e+03
7.279639862068968796e+03
7.166953138343017599e+03
7.166953138343017599e+03
7.655336139557035494e+03
7.802120959457234676e+03
8.058919256567354751e+03
8.315717553677475735e+03
8.470763548723292843e+03
8.770383644346871733e+03
8.470763548723292843e+03
7.609052219873149625e+03
6.109959793103448646e+03
6.022845980555748611e+03
5.935732168008047665e+03
6.109959793103448646e+03
5.392604494382021585e+03
6.153177099236640061e+03
6.153177099236640061e+03
7.158859574468085157e+03
7.158859574468085157e+03
7.158859574468085157e+03
5.280347305389221219e+03
5.280347305389221219e+03
9.863145833333333940e+03
9.863145833333333940e+03
1.001000000000000000e+04
1.099900000000000000e+04
1.198800000000000000e+04
1.201200000000000000e+04
1.198800000000000000e+04
1.201200000000000000e+04
3.406772727272727479e+03
3.406772727272727479e+03
3.406772727272727479e+03
3.406772727272727479e+03
2.458650000000000091e+03
2.865774834437086156e+03
1.763957317073170771e+03
2.058613934426229662e+03
1.466170588235294190e+03
1.735836164944932989e+03
2.005501741654572015e+03
2.005501741654572015e+03
2.070951057401812704e+03
3.585724999999999909e+03
3.585724999999999909e+03
4.295699999999999818e+03
4.045270895522387946e+03
3.794841791044776073e+03
3.794841791044776073e+03
3.794841791044776073e+03
3.306690000000000055e+03
1.572950689655172482e+03
1.354200000000000045e+03
1.463575344827586378e+03
1.572950689655172482e+03
1.592220100000000002e+03
1.744919999999999845e+03
1.710287999999999784e+03
3.629171428571428805e+03
2.126442857142857065e+03
2.701763095238095048e+03
3.277083333333333030e+03
3.277083333333333030e+03
3.277083333333333030e+03
3.141118823529412111e+03
2.898148421052631420e+03
3.125941711229946577e+03
3.125941711229946577e+03
3.125941711229946577e+03
3.436069230769230671e+03
3.539499230769230962e+03
3.679510084033613566e+03
3.679510084033613566e+03
2.631411180904522553e+03
2.631411180904522553e+03
2.631411180904522553e+03
2.631411180904522553e+03
3.040482413793104115e+03
2.912384829721362166e+03
2.912384829721362166e+03
2.763493902439024168e+03
2.763493902439024168e+03
2.763493902439024168e+03
2.773279424778761040e+03
1.792457333333333372e+04
1.792457333333333372e+04
1.792457333333333372e+04
1.792457333333333372e+04
1.792457333333333372e+04
1.792457333333333372e+04
1.485512999999999920e+04
1.485512999999999920e+04
1.485512999999999920e+04
9.832731250000000728e+03
9.832731250000000728e+03
1.262911964976780291e+04
1.542550804953560328e+04
1.666558510638297957e+04
1.666558510638297957e+04
1.261378125000000000e+04
1.245361764705882342e+04
1.245361764705882342e+04
1.075387132352941262e+04
9.054125000000000000e+03
9.054125000000000000e+03
1.442749010989011003e+04
1.442749010989011003e+04
1.566400781250000000e+04
1.566400781250000000e+04
1.566400781250000000e+04
1.566400781250000000e+04
1.666131476510066932e+04
2.741224902723735795e+03
1.666131476510066932e+04
1.734558823529411893e+04
1.811737642857143146e+04
1.911069685981885777e+04
2.010401729106628409e+04
2.010401729106628409e+04
1.992963753280839956e+04
1.992963753280839956e+04
2.183129885057471984e+04
2.183129885057471984e+04
2.055769367816092563e+04
1.928408850574712778e+04
1.891067322497861096e+04
1.928408850574712778e+04
1.952870763016158162e+04
2.020739026859504156e+04
2.020739026859504156e+04
1.848600789381309005e+04
1.676462551903114218e+04
1.676462551903114218e+04
1.874729591052079923e+04
1.874729591052079923e+04
1.809359163706193067e+04
1.757368737741822042e+04
1.593041452434341045e+04
1.428714167126860048e+04
1.360620891359490997e+04
1.360620891359490997e+04
1.427580781474365358e+04
1.450512033776576936e+04
1.427580781474365358e+04
1.401892868312877908e+04
1.376204955151390459e+04
1.376204955151390459e+04
1.396456615969506311e+04
1.512526569618169924e+04
1.600184111633105022e+04
1.600184111633105022e+04
1.469679398523456985e+04
1.339174685413809129e+04
1.301279048529769352e+04
1.301279048529769352e+04
1.357522675160486324e+04
1.357522675160486324e+04
1.249141086043858195e+04
1.178087321654217158e+04
1.107033557264575938e+04
1.003133359180173284e+04
1.003133359180173284e+04
1.085590360768032951e+04
1.090317480176454410e+04
1.107887581455723011e+04
1.107887581455723011e+04
1.107887581455723011e+04
1.107887581455723011e+04
1.138847359421631154e+04
1.297662372312107800e+04
1.297662372312107800e+04
1.217827818811275210e+04
1.187907809973117401e+04
1.157987801134959409e+04
1.146281086595171837e+04
1.146281086595171837e+04
1.152548473380628820e+04
1.152548473380628820e+04
1.119077362189926862e+04
1.073127454612112342e+04
1.027177547034297640e+04
9.283528991235416470e+03
9.097451277575912172e+03
9.084013200459923610e+03
9.061474780973192537e+03
9.061474780973192537e+03
9.519294136911725218e+03
9.977113492850257899e+03
1.113313209984112473e+04
1.171459289265858570e+04
1.248141358671833041e+04
1.248141358671833041e+04
1.248141358671833041e+04
1.276229379055584104e+04
1.304317399439335168e+04
1.304317399439335168e+04
1.339862494446618075e+04
1.252135860337414488e+04
1.252135860337414488e+04
1.179171692159480881e+04
1.153768080191094850e+04
1.128364468222708820e+04
1.036387349866059594e+04
1.036387349866059594e+04
1.131898474481394987e+04
1.192325827050156840e+04
1.251250000000000000e+04
1.251250000000000000e+04
1.160637443475986765e+04
1.058195078436295807e+04
1.058195078436295807e+04
1.117312496347413071e+04
1.148357931920927513e+04
1.154083998183612312e+04
1.203049823580034354e+04
1.204293730375053201e+04
1.298663154815702728e+04
1.387215671322236813e+04
1.387215671322236813e+04
1.216941561796875430e+04
1.216941561796875430e+04
8.836233069327476187e+03
8.836233069327476187e+03
8.078815683934113622e+03
8.060929877082717212e+03
8.060929877082717212e+03
8.623818968677569501e+03
8.623818968677569501e+03
8.379081881048839932e+03
8.134344793420109454e+03
7.685821800096523475e+03
7.467714995646755597e+03
7.336590227568090086e+03
7.336590227568090086e+03
7.597645559104441418e+03
7.664191253717343898e+03
7.730736948330246378e+03
7.730736948330246378e+03
7.637604147127020951e+03
7.634143952019555400e+03
7.637604147127020951e+03
7.634143952019555400e+03
7.234019187966370737e+03
6.833894423913186074e+03
6.003643869146152610e+03
5.880047883955848192e+03
5.880047883955848192e+03
6.177823689463752089e+03
6.177823689463752089e+03
6.157171505925016390e+03
6.136519322386279782e+03
5.570666465275812698e+03
5.570666465275812698e+03
5.940033630559675657e+03
6.445869772876952084e+03
6.445869772876952084e+03
6.380890206069325359e+03
6.315910639261698634e+03
6.145340145989519442e+03
6.006797367237913932e+03
5.840181377336562036e+03
5.785176147957089597e+03
5.692436433357840542e+03
5.667605328107132664e+03
5.642774222856424785e+03
5.600409224978602651e+03
5.600409224978602651e+03
5.853604253933449399e+03
6.261681831960215277e+03
6.261681831960215277e+03
6.000993969616303730e+03
5.740306107272391273e+03
5.147200487474329748e+03
5.144712966973890616e+03
5.090729843039741354e+03
5.090729843039741354e+03
5.090729843039741354e+03
5.057556573996625957e+03
5.024383304953509651e+03
4.580663419497444011e+03
4.535990789934506211e+03
4.535990789934506211e+03
4.938659118710397706e+03
5.748618973040645869e+03
5.748618973040645869e+03
5.748618973040645869e+03
5.549493685053887020e+03
5.479032311274848325e+03
5.479032311274848325e+03
5.616142642782572693e+03
5.795787331699421884e+03
5.795787331699421884e+03
5.795787331699421884e+03
5.443909239000940033e+03
5.443909239000940033e+03
5.604442458765883202e+03
5.680882028802215245e+03
5.914427067826405619e+03
5.914427067826405619e+03
5.914427067826405619e+03
5.914427067826405619e+03
6.270488178432514360e+03
6.479940721627219318e+03
6.479940721627219318e+03
6.015779131269202480e+03
5.680668593607774710e+03
5.345558055946346940e+03
5.161306713094588304e+03
5.161306713094588304e+03
5.339063845620717075e+03
5.812600991357282510e+03
6.181339651407177371e+03
6.181339651407177371e+03
6.181339651407177371e+03
5.787887568137665767e+03
5.787887568137665767e+03
5.787887568137665767e+03
5.759093625913080359e+03
5.192921720979566089e+03
4.669134001504715343e+03
4.145346282029865506e+03
4.145346282029865506e+03
4.490643954421927447e+03
4.493225583853712124e+03
5.162099807991790840e+03
5.338113862887798859e+03
5.250106835439794850e+03
5.162099807991790840e+03
5.042773992077806724e+03
4.879576021410704925e+03
4.879576021410704925e+03
4.879576021410704925e+03
5.288347559484708654e+03
5.288347559484708654e+03
5.288347559484708654e+03
4.706136681469234645e+03
4.706136681469234645e+03
5.209442711271617554e+03
5.245841693907001172e+03
5.245841693907001172e+03
5.167206324327278708e+03
5.088570954747556243e+03
4.794492338768331138e+03
4.794492338768331138e+03
5.130303820019987143e+03
5.213538788178925643e+03
5.613931349728846726e+03
5.886512011746461212e+03
6.159092673764074789e+03
6.545629727698832539e+03
6.920413655944808852e+03
7.618589479402748111e+03
8.097085064050465007e+03
8.144623585197034117e+03
8.144623585197034117e+03
8.144623585197034117e+03
8.555537871610584261e+03
8.755323576344660978e+03
9.052843461313430453e+03
9.052843461313430453e+03
8.984301030279044426e+03
8.561034452104973752e+03
8.137767873930903988e+03
7.528837933750290176e+03
7.528837933750290176e+03
7.905678914171896395e+03
9.445230403587444016e+03
9.445230403587444016e+03
8.975241012550293817e+03
8.505251621513143618e+03
8.505251621513143618e+03
8.511483087210923259e+03
8.529949437265526285e+03
8.511483087210923259e+03
7.139691837481697803e+03
7.088608590496573925e+03
7.037525343511450046e+03
7.037525343511450046e+03
8.129061328124999818e+03
8.129061328124999818e+03
8.660898902606310003e+03
8.721821753424657800e+03
8.721821753424657800e+03
8.721821753424657800e+03
6.023247853535352988e+03
6.023247853535352988e+03
1.248286162790697563e+04
1.432075806451612880e+04
2.415746666666666715e+04
2.415746666666666715e+04
2.415746666666666715e+04
4.105890000000000327e+03
3.029507142857143208e+03
3.029507142857143208e+03
3.029507142857143208e+03
2.244595263157894442e+04
1.198887631578947185e+04
1.531799999999999955e+03
4.721159999999999854e+03
4.721159999999999854e+03
2.347650000000000000e+04
2.347650000000000000e+04
2.918281684981684975e+03
2.918281684981684975e+03
2.918281684981684975e+03
3.996000000000000000e+03
5.373568421052632402e+03
5.373568421052632402e+03
5.373568421052632402e+03
3.216776533907427165e+03
3.203517185449011322e+03
3.190257836990595479e+03
3.019303385161964798e+03
2.848348933333333662e+03
2.848348933333333662e+03
4.381981935483870984e+03
1.464423680981595135e+04
1.980961840490797476e+04
2.497500000000000000e+04
1.464423680981595135e+04
2.497500000000000000e+04
3.460028571428571468e+03
2.502500000000000000e+04
3.460028571428571468e+03
2.940580401416765199e+03
2.421132231404958475e+03
2.421132231404958475e+03
4.270933333333333394e+03
5.220600000000000364e+03
5.220600000000000364e+03
5.220600000000000364e+03
5.182870000000000800e+03
5.145140000000000327e+03
5.145140000000000327e+03
2.497500000000000000e+04
2.502500000000000000e+04
2.502500000000000000e+04
5.196076677316294081e+03
5.196076677316294081e+03
5.196076677316294081e+03
1.501500000000000000e+04
1.501500000000000000e+04
4.645556666666667297e+03
3.299010000000000218e+03
4.645556666666667297e+03
3.922778856893542979e+03
3.200001047120418662e+03
3.419707058823529223e+03
3.419707058823529223e+03
4.649960000000000036e+03
2.497500000000000000e+04
8.767588235294117112e+03
1.464404411764705947e+04
2.052050000000000000e+04
8.767588235294117112e+03
1.001000000000000000e+04
3.421589508196720999e+03
3.421589508196720999e+03
3.421589508196720999e+03
5.884619754098360318e+03
8.347649999999999636e+03
1.230641176470588471e+04
1.230641176470588471e+04
5.456785714285714675e+03
5.094397484276729301e+03
5.456785714285714675e+03
1.022089285714285688e+04
1.498500000000000000e+04
1.498500000000000000e+04
1.252818333333333248e+04
1.252818333333333248e+04
1.252818333333333248e+04
1.252818333333333248e+04
1.252818333333333248e+04
1.252818333333333248e+04
1.769768571428571522e+04
2.160937500000000000e+04
2.160937500000000000e+04
2.158640000000000146e+04
2.024156140350877104e+04
2.091398070175438625e+04
2.158640000000000146e+04
2.385997916666666788e+04
3.326114705882353155e+04
2.385997916666666788e+04
3.006562500000000000e+04
2.425041379310344928e+04
2.698080095905172493e+04
2.971118812500000058e+04
2.425041379310344928e+04
2.971118812500000058e+04
2.701160991735537027e+04
3.070968762278978465e+04
2.701160991735537027e+04
2.819870260928009520e+04
2.938579530120482013e+04
2.625324252252252336e+04
2.938579530120482013e+04
2.918967389558232753e+04
2.975621006372809643e+04
2.918967389558232753e+04
2.737842230900789582e+04
2.556717072243346047e+04
2.393957300697350365e+04
2.556717072243346047e+04
2.626662697731452863e+04
2.829096961493031995e+04
2.626662697731452863e+04
2.615213002262650843e+04
2.603763306793848824e+04
2.566975667836600041e+04
2.603763306793848824e+04
2.606450665483341072e+04
2.606450665483341072e+04
2.583947334433962533e+04
2.391701251470065472e+04
2.199455168506168775e+04
2.031081676146878453e+04
2.021564688435374046e+04
1.955876367163989926e+04
1.887628367225326292e+04
1.682669415209437648e+04
1.637216833320572914e+04
1.591764251431707999e+04
1.591764251431707999e+04
1.652822385635627870e+04
1.778780466243700357e+04
1.804113030242739478e+04
1.804113030242739478e+04
1.755014907931168273e+04
1.705916785619597431e+04
1.634553997308659928e+04
1.634553997308659928e+04
1.660008883393996075e+04
1.660008883393996075e+04
1.614346539446970564e+04
1.534409294269824022e+04
1.454472049092677662e+04
1.302004875412506954e+04
1.249941154751107933e+04
1.226535049673225512e+04
1.218476460889973532e+04
1.169221340439731648e+04
1.143260132479118693e+04
1.117298924518505555e+04
1.017542796558888040e+04
1.017542796558888040e+04
1.092574161698852004e+04
1.153924039198010360e+04
1.249375512496110423e+04
1.254202909902142710e+04
1.259030307308174997e+04
1.300836750934805423e+04
1.515476001044104487e+04
1.515476001044104487e+04
1.503218338051734827e+04
1.466775702213795557e+04
1.347922400370095966e+04
1.229069098526396374e+04
1.144512249224037987e+04
1.140145872480932849e+04
9.636792066025520398e+03
