2.726405539434773800e+03
2.726405539434773800e+03
2.919341568572305277e+03
2.946365280918549161e+03
3.035388306048826507e+03
3.074370374617911239e+03
3.079055092074374897e+03
3.079055092074374897e+03
3.079055092074374897e+03
3.079055092074374897e+03
3.008366275764040438e+03
2.919923472113680418e+03
2.891198632022357287e+03
2.801122573661444676e+03
2.674807561221603464e+03
2.548492548781761798e+03
2.687209768301351232e+03
2.583359628613337009e+03
2.687209768301351232e+03
2.793045531288353686e+03
2.954376790473691472e+03
2.980749779223761834e+03
3.007122767973832197e+03
3.007122767973832197e+03
3.007122767973832197e+03
3.007122767973832197e+03
3.007122767973832197e+03
3.007122767973832197e+03
2.141469742687761027e+03
2.141469742687761027e+03
2.141469742687761027e+03
2.141469742687761027e+03
2.141469742687761027e+03
2.141469742687761027e+03
2.064271101776367232e+03
2.061760010200949637e+03
2.059248918625532042e+03
2.059248918625532042e+03
2.100804929643618379e+03
2.217113454402936441e+03
2.217113454402936441e+03
2.217113454402936441e+03
2.232937820902836393e+03
2.248762187402736345e+03
2.250439506595389958e+03
2.301714914526217399e+03
2.305152812354642265e+03
2.336420080955437697e+03
2.358175717034887839e+03
2.358175717034887839e+03
2.358175717034887839e+03
2.316388021416064930e+03
2.277273088549571185e+03
2.277273088549571185e+03
2.230784031378309919e+03
2.284739397521921092e+03
2.302354002284042508e+03
2.319968607046163470e+03
2.361948034159219787e+03
2.384977749967118143e+03
2.384977749967118143e+03
2.374201393757847200e+03
2.220733642339298058e+03
2.146795478202030608e+03
2.072857314064763159e+03
2.008326373033600021e+03
1.912865994986480700e+03
1.863163986336418475e+03
1.820646440459144287e+03
1.800846234880373686e+03
1.773378607426125882e+03
1.745910979971878078e+03
1.703695432882266005e+03
1.689333701571241136e+03
1.677557635941277567e+03
1.634440319671542056e+03
1.622227222024762796e+03
1.564667566035975142e+03
1.507107910047187261e+03
1.497846923538774718e+03
1.507107910047187261e+03
1.549580390329491820e+03
1.631440273572334718e+03
1.631440273572334718e+03
1.608819507942305790e+03
1.586198742312276636e+03
1.586198742312276636e+03
1.620442696156062766e+03
1.673861308251357514e+03
1.673861308251357514e+03
1.634514898755938020e+03
1.603296012822019293e+03
1.572077126888100793e+03
1.563758981421050066e+03
1.563758981421050066e+03
1.472233180831612344e+03
1.383992120454534415e+03
1.299810619488195016e+03
1.267900829802634235e+03
1.235991040117073680e+03
1.179538884957660912e+03
1.167598509871018905e+03
1.167598509871018905e+03
1.181353545055434097e+03
1.181353545055434097e+03
1.131120180731293885e+03
1.080886816407153674e+03
1.049167728514037890e+03
1.009992497888790353e+03
1.009992497888790353e+03
1.009992497888790353e+03
1.006876388103724821e+03
1.006876388103724821e+03
1.006876388103724821e+03
1.049150614216306394e+03
1.062650125272826926e+03
1.062650125272826926e+03
1.062650125272826926e+03
1.062183370290368885e+03
1.016766651129906677e+03
9.713499319694443557e+02
9.170116410960936264e+02
8.244649655734849603e+02
7.849259568107520408e+02
7.109368762525419925e+02
6.508195562423525189e+02
6.508195562423525189e+02
6.508195562423525189e+02
7.247285009901912645e+02
8.129178179023803068e+02
8.666157783240244044e+02
9.447362328181593512e+02
9.447362328181593512e+02
9.447362328181593512e+02
9.447362328181593512e+02
1.092649543824000830e+03
1.195901464744215900e+03
1.195901464744215900e+03
1.142817611676280649e+03
1.086462861310876406e+03
1.033834575844916799e+03
9.812062903789571919e+02
9.806533952377753849e+02
9.370881433346175982e+02
8.402836881129104540e+02
7.793256969243371941e+02
7.369890665041300508e+02
7.369890665041300508e+02
7.369890665041300508e+02
8.005700357124939046e+02
8.005700357124939046e+02
8.005700357124939046e+02
8.540175027707147137e+02
9.472728976967960079e+02
9.472728976967960079e+02
9.472728976967960079e+02
9.496256291512723919e+02
9.855431587847556330e+02
1.068443407113022886e+03
1.165733654910458881e+03
1.169989966623630608e+03
1.169989966623630608e+03
1.169989966623630608e+03
1.115690247368966311e+03
1.078299281661275927e+03
1.078299281661275927e+03
1.081676846187754336e+03
1.081676846187754336e+03
1.017941886928433973e+03
9.542069276691136110e+02
8.856481566646368719e+02
8.014053416860812149e+02
7.318796774596769410e+02
7.006124151441146068e+02
7.006124151441146068e+02
7.055307174375473096e+02
7.104490197309800124e+02
8.002943619644789806e+02
8.903701590698722157e+02
9.390291575394029451e+02
1.008853663606653186e+03
1.039673688532883943e+03
1.116820709413912937e+03
1.193967730294941930e+03
1.193967730294941930e+03
1.133573835690302985e+03
1.133573835690302985e+03
1.298215041174928729e+03
1.502609934254941663e+03
1.625838046324345214e+03
1.749066158393748992e+03
1.926030146480577287e+03
1.950450050133658351e+03
1.962161792312808075e+03
2.059068287815729036e+03
2.149776100149658305e+03
2.176057076172365214e+03
2.202338052195072123e+03
2.202338052195072123e+03
2.016272102007208105e+03
1.867048789268518476e+03
1.756161516827562082e+03
1.756161516827562082e+03
1.760816577452072124e+03
1.765471638076582167e+03
1.765471638076582167e+03
1.808575201894356496e+03
1.944046470522680011e+03
2.448960320080332167e+03
2.576765781557305672e+03
2.582458185723949100e+03
2.588150589890592528e+03
2.588150589890592528e+03
2.548918946902914286e+03
2.510257715467836988e+03
2.083017909992810928e+03
1.676969104799369916e+03
1.644670011185974772e+03
1.612370917572579629e+03
1.612370917572579629e+03
1.674473454301452421e+03
1.674473454301452421e+03
1.572537537245873636e+03
1.484660007283978302e+03
1.484660007283978302e+03
1.484660007283978302e+03
1.854421223039528741e+03
1.944624155577495230e+03
2.009411535927310752e+03
2.009411535927310752e+03
1.885366914239785274e+03
1.819153621245338854e+03
1.752940328250892208e+03
1.695261798333214983e+03
1.669526461743110985e+03
1.669271011328275790e+03
1.634858892661560503e+03
1.634858892661560503e+03
1.675413916918818813e+03
1.715968941176076896e+03
2.052173226785393126e+03
2.142980354044084379e+03
2.322516745491100664e+03
2.445726468643052158e+03
2.445726468643052158e+03
2.342102854200419642e+03
2.238479239757786672e+03
1.930158494174684847e+03
1.588317242603733121e+03
1.357370202404703150e+03
1.238892092140829391e+03
1.141389449664314725e+03
1.141389449664314725e+03
1.141389449664314725e+03
1.154433385814355233e+03
1.218026446216189697e+03
1.269488102005358769e+03
1.269488102005358769e+03
1.211734065939062248e+03
1.211734065939062248e+03
1.211734065939062248e+03
1.218552487118742420e+03
1.218552487118742420e+03
1.193248417555105107e+03
1.193182466334999617e+03
1.181338667369667519e+03
1.146121793561691902e+03
1.110904919753716513e+03
9.937717455867659737e+02
8.727602628354288754e+02
8.392030647734878812e+02
8.727602628354288754e+02
1.041946871152377753e+03
1.065848231406749392e+03
1.551149353222667514e+03
1.551149353222667514e+03
1.551149353222667514e+03
1.164687804878048837e+03
1.164687804878048837e+03
1.077133071829683104e+03
1.077133071829683104e+03
1.077133071829683104e+03
1.355137367670765570e+03
1.355137367670765570e+03
1.283249737047278813e+03
1.149339177085394567e+03
1.149339177085394567e+03
1.239142101061034055e+03
1.328945025036673542e+03
1.564033027702352911e+03
1.649802532464853584e+03
1.736612243100964633e+03
1.884794309802292901e+03
2.068251068174832199e+03
2.194322518694628343e+03
2.320393969214424033e+03
2.320393969214424033e+03
1.950281495986146410e+03
1.830593018570508775e+03
1.703197680792977508e+03
1.417214247151379368e+03
1.398443818624637061e+03
1.379673390097894980e+03
1.328296517019382918e+03
1.241064920718962185e+03
1.224843089540381698e+03
1.224843089540381698e+03
1.194740525822304107e+03
1.194740525822304107e+03
1.194740525822304107e+03
1.308230255820159300e+03
1.338961000303922901e+03
1.338961000303922901e+03
1.312854404399196483e+03
1.210830609388413677e+03
1.210830609388413677e+03
1.210830609388413677e+03
1.369060600248474884e+03
1.373694491857489538e+03
1.391755126041309040e+03
1.373694491857489538e+03
1.405943507623942423e+03
1.458761715639022668e+03
1.511579923654102913e+03
1.567405913522290575e+03
1.638147148432039558e+03
1.697477308657750200e+03
1.638147148432039558e+03
1.697477308657750200e+03
1.724261146630848316e+03
1.751044984603946432e+03
1.758348823683302044e+03
1.758348823683302044e+03
1.809057422726594041e+03
1.749987347734475634e+03
1.724534448455178108e+03
1.648491799029232425e+03
1.572449149603286742e+03
1.613319072229345238e+03
1.572449149603286742e+03
1.584021049653661066e+03
1.453654014078853606e+03
1.584021049653661066e+03
1.523012935746031644e+03
1.462004821838402222e+03
1.594071893289851687e+03
1.560974386593128884e+03
1.594071893289851687e+03
1.643047253021818506e+03
1.720845712238988881e+03
1.753265640657370341e+03
1.785685569075751800e+03
1.851973338171896785e+03
1.804215699051264892e+03
1.851973338171896785e+03
1.804215699051264892e+03
1.819085468984177623e+03
1.804922972083497370e+03
1.790760475182817117e+03
1.819085468984177623e+03
1.864589116797061251e+03
1.954274574319721069e+03
2.182054973057207917e+03
2.182054973057207917e+03
2.182054973057207917e+03
2.115890869724189088e+03
2.115890869724189088e+03
2.115890869724189088e+03
2.205404814180754784e+03
2.383446535952321938e+03
2.395181855435072521e+03
2.442087647338611532e+03
2.488993439242150544e+03
2.524070190981525684e+03
2.635918855977869043e+03
2.650818711271484062e+03
2.715311457614973733e+03
2.924423143748886559e+03
2.952100275892827995e+03
2.979777408036768975e+03
2.980664640527114898e+03
3.131679989370164549e+03
3.294106002094255018e+03
3.280192270318388182e+03
3.486738557001101071e+03
3.467309595047157018e+03
3.447880633093213419e+03
3.558256841542398888e+03
3.447880633093213419e+03
2.950777942961477038e+03
2.791575095075624176e+03
2.791575095075624176e+03
2.746436100947626073e+03
2.701297106819628425e+03
2.793824479985205016e+03
2.701297106819628425e+03
2.619472101372689849e+03
2.598247411533454851e+03
2.619472101372689849e+03
2.608859756453072350e+03
2.598247411533454851e+03
2.523679704284594663e+03
2.482078485403942523e+03
2.482078485403942523e+03
2.483999609375614909e+03
2.562108536585365982e+03
2.649577455619119064e+03
2.661692991190535395e+03
2.661692991190535395e+03
2.482082613771668093e+03
1.789859925045951286e+03
1.789859925045951286e+03
1.789859925045951286e+03
1.783704711189056979e+03
1.783704711189056979e+03
1.647219854419071908e+03
1.558666659594614885e+03
1.558666659594614885e+03
1.585766141981131113e+03
1.603341991292793409e+03
1.676491628794982262e+03
1.749641266297170887e+03
1.772142628931477702e+03
1.889532226249740006e+03
2.025148483001549948e+03
2.157800816429632050e+03
2.205141657526135077e+03
2.205141657526135077e+03
2.205141657526135077e+03
2.005121986101152743e+03
1.935900239398455142e+03
1.935900239398455142e+03
2.101384162841008219e+03
2.144305627962930430e+03
2.168300710199596324e+03
2.192295792436262218e+03
2.338099086239519238e+03
2.576831048989149622e+03
2.576831048989149622e+03
2.494812074255209609e+03
2.368296587634941716e+03
2.292497392824004237e+03
2.216698198013067213e+03
2.183186782417306404e+03
2.216698198013067213e+03
2.267516267727916329e+03
2.345593137382900295e+03
2.411620173789194268e+03
2.437843143072193016e+03
2.464066112355192217e+03
2.427866357703017002e+03
2.427866357703017002e+03
2.343090169793333189e+03
2.212827821270439927e+03
2.085717333310604772e+03
1.841822553303670247e+03
1.597927773296735495e+03
1.371251508649341304e+03
1.340660854659580309e+03
1.340660854659580309e+03
1.471545622618957395e+03
1.487265143829023373e+03
1.552422663462198670e+03
1.617580183095373968e+03
1.680292977169321830e+03
1.726748534837947773e+03
1.741979939399375553e+03
1.826309034916202791e+03
1.826309034916202791e+03
1.780199996525838287e+03
1.734090958135473556e+03
1.646283674005766443e+03
1.646283674005766443e+03
1.672332260419395425e+03
1.672332260419395425e+03
1.480059057751942191e+03
1.328161635946907609e+03
1.176264214141873026e+03
1.173172660641781249e+03
1.173172660641781249e+03
1.271572470482326707e+03
1.370337690619863224e+03
1.370337690619863224e+03
1.319891806588354484e+03
1.269445922556845971e+03
1.203557232157298813e+03
1.189351691496580315e+03
1.189351691496580315e+03
1.330793616045160888e+03
1.330793616045160888e+03
1.330261654702913802e+03
1.329729693360666943e+03
1.223555605733561379e+03
1.223555605733561379e+03
1.269647817775263775e+03
1.269647817775263775e+03
1.235784661187149368e+03
1.235784661187149368e+03
1.235784661187149368e+03
1.288333067507878468e+03
1.288333067507878468e+03
1.203321226646165542e+03
1.077848969666839594e+03
1.077848969666839594e+03
1.144094776039629551e+03
1.210340582412419508e+03
1.405876917940383692e+03
1.627652362491314079e+03
1.871962382922752113e+03
2.305057853339604208e+03
2.305057853339604208e+03
1.989538411425806089e+03
1.674018969512007970e+03
1.362623313725514890e+03
1.155261609564803166e+03
9.400498221732872253e+02
9.333327694670404071e+02
9.333327694670404071e+02
9.920187701331584549e+02
1.050704770799276503e+03
1.203331644842495962e+03
1.239308064067330861e+03
1.203331644842495962e+03
1.169049731746200223e+03
1.080179408449747370e+03
1.044564887763202478e+03
1.008950367076657585e+03
1.008950367076657585e+03
1.043351428121272875e+03
1.177671488593033700e+03
1.255629480404882315e+03
1.255629480404882315e+03
1.233618432452083880e+03
1.211607384499285445e+03
1.150730411231930930e+03
1.058251189068682834e+03
1.056400436543505293e+03
1.057068992349190921e+03
1.046414952161962219e+03
1.044670200731560953e+03
1.042925449301159688e+03
1.042925449301159688e+03
1.042925449301159688e+03
1.029392979967269412e+03
9.512291440006072207e+02
9.512291440006072207e+02
9.756191594990766589e+02
1.000009174997545983e+03
1.107533429715175089e+03
1.140772243473898925e+03
1.302999664316420876e+03
1.588161383148799132e+03
1.685523205318054579e+03
1.718749118675189948e+03
1.751975032032325089e+03
1.793588783618224397e+03
1.793588783618224397e+03
1.698074576998429166e+03
1.599095765375558358e+03
1.354533444120540025e+03
1.148641918631185490e+03
9.427503931418308412e+02
9.427503931418308412e+02
1.177999487166951212e+03
1.177999487166951212e+03
1.162491534215189176e+03
1.035782826822135121e+03
9.772183239977675839e+02
9.186538211734001607e+02
8.883902221686529401e+02
8.616306599802518349e+02
8.616306599802518349e+02
8.709590990836676383e+02
9.213243743469004130e+02
9.458438771306189210e+02
9.703633799143374290e+02
9.703633799143374290e+02
1.086248883928931491e+03
1.591605283670862718e+03
1.591605283670862718e+03
1.439062206674515210e+03
1.349281324583615515e+03
1.259500442492716047e+03
1.259500442492716047e+03
1.483736269827877095e+03
1.669053472243316037e+03
1.669053472243316037e+03
1.683870269749421368e+03
1.683870269749421368e+03
1.683870269749421368e+03
1.683870269749421368e+03
1.657214699779850434e+03
1.657214699779850434e+03
1.657680101570388388e+03
1.657680101570388388e+03
1.964257474183776367e+03
1.964257474183776367e+03
1.964257474183776367e+03
1.977386078674747068e+03
2.068132149227888931e+03
2.068132149227888931e+03
1.453672848548588718e+03
1.391877763571083506e+03
1.330082678593578066e+03
1.330082678593578066e+03
1.362371070246276759e+03
1.625837397297405687e+03
1.980463102333949109e+03
2.167873310418227902e+03
2.255760870616201828e+03
2.343648430814176209e+03
2.343648430814176209e+03
2.193795024521197320e+03
2.193795024521197320e+03
2.193795024521197320e+03
1.990440557576502442e+03
1.951741755598274040e+03
1.913042953620045637e+03
1.895597206791990402e+03
1.744704895664524429e+03
1.723159270602341394e+03
1.682138821986322455e+03
1.510224015264668878e+03
1.351274942104351112e+03
1.288253266728899689e+03
1.322854225323906348e+03
1.322854225323906348e+03
1.322854225323906348e+03
1.322206552778737887e+03
1.148114279664503783e+03
1.148114279664503783e+03
1.148114279664503783e+03
1.148114279664503783e+03
1.489664409453028384e+03
1.489664409453028384e+03
1.639637788384536861e+03
1.814991916647099970e+03
1.816930475252615224e+03
1.818869033858130479e+03
1.814991916647099970e+03
1.725537127693937691e+03
1.704478102588717093e+03
1.694293219801069426e+03
1.566351102517582603e+03
1.401371025952406399e+03
1.236390949387230421e+03
1.179689374155531141e+03
1.156216466087078061e+03
1.156126310840122642e+03
1.115985218197626864e+03
1.115985218197626864e+03
1.160169543736043579e+03
1.204353869274460067e+03
1.446687632353038907e+03
1.495048512548688905e+03
1.595961569541353583e+03
1.597246084722331943e+03
1.595961569541353583e+03
1.561267890866794914e+03
1.526574212192236018e+03
1.441086725895533618e+03
1.318748897248689673e+03
1.238168827555405187e+03
1.126014459751856293e+03
1.032736711423805673e+03
1.032736711423805673e+03
1.032736711423805673e+03
1.134900824075483797e+03
1.134900824075483797e+03
1.132397311511036150e+03
1.116290993162007680e+03
1.116290993162007680e+03
1.116964625139004738e+03
1.117638257116001796e+03
1.136693626288201358e+03
1.136693626288201358e+03
1.097136299565565423e+03
1.082482524805737057e+03
1.082482524805737057e+03
1.107549502093084811e+03
1.132616479380432793e+03
1.386221430690304032e+03
1.470792287156985367e+03
1.475938320214448822e+03
1.470792287156985367e+03
1.429139136391398097e+03
1.414849339460510691e+03
1.400559542529623513e+03
1.429139136391398097e+03
1.455037085578340793e+03
1.496093855591197098e+03
1.642151276411597564e+03
1.645482950589241227e+03
1.750521543598631069e+03
1.855560136608020912e+03
1.984508606174864781e+03
2.144058970991985007e+03
2.286580140832688812e+03
2.286580140832688812e+03
2.162795146155136081e+03
2.123619229059429017e+03
2.084443311963721953e+03
2.050479513204103114e+03
2.039017577548873305e+03
1.816038454822381254e+03
1.813088492679276897e+03
1.665433697186072322e+03
1.660607259471238194e+03
1.655780821756404293e+03
1.665433697186072322e+03
1.815501614491554392e+03
1.896612116555874081e+03
1.953640718544957281e+03
1.953640718544957281e+03
2.021538771343460212e+03
2.089436824141962916e+03
2.236850092085849610e+03
2.392016321824432907e+03
2.392858716386980177e+03
2.397462125636999190e+03
2.494377422851860956e+03
2.480293596026427622e+03
2.466209769200993833e+03
2.512604185183256050e+03
2.466209769200993833e+03
2.251532381798621373e+03
2.063187640336082495e+03
1.881700185763564832e+03
1.881700185763564832e+03
1.881700185763564832e+03
1.920368750799585996e+03
1.959037315835607160e+03
2.004488318194695012e+03
2.155382491941467379e+03
2.156273168120218088e+03
2.188264276804134170e+03
2.220255385488050706e+03
2.289908108187274138e+03
2.341111328921809672e+03
2.375202477428804286e+03
2.375202477428804286e+03
2.306895431749873751e+03
2.306675326233952546e+03
2.306455220718031796e+03
2.306895431749873751e+03
2.370851364491868026e+03
2.379172044420667135e+03
2.404953818309797043e+03
2.440763485469152329e+03
2.477528329769105767e+03
2.514293174069058750e+03
2.532397652529092738e+03
2.545863397300766337e+03
2.603850616058509331e+03
2.673547940226883384e+03
2.673547940226883384e+03
2.800710518716476145e+03
2.989218553857159804e+03
2.999759326746382158e+03
3.031643404498699965e+03
3.046814902164820523e+03
3.319901813371242952e+03
3.319901813371242952e+03
2.778331170277401270e+03
2.524699172238140818e+03
2.524699172238140818e+03
2.524699172238140818e+03
2.524699172238140818e+03
2.293215615714651904e+03
2.243210754941438609e+03
2.207943547926136489e+03
2.172676340910834369e+03
2.243210754941438609e+03
2.212434815231330049e+03
2.305133808902989131e+03
2.286783449045088219e+03
2.286783449045088219e+03
2.283305599136736419e+03
2.279827749228384619e+03
2.279827749228384619e+03
2.328355095821304985e+03
2.353057990077448267e+03
2.383708292371562038e+03
2.383708292371562038e+03
2.359725989133521125e+03
2.335743685895480212e+03
2.279634932470868989e+03
2.279634932470868989e+03
2.275093788372754716e+03
2.309763427025402052e+03
2.393066713715866172e+03
2.401279081339861477e+03
2.409491448963856783e+03
2.409491448963856783e+03
2.349626366142684219e+03
2.349626366142684219e+03
2.331364579628430874e+03
2.321374356594702476e+03
2.301502491548852959e+03
2.281630626503003441e+03
2.281630626503003441e+03
2.290317733284097358e+03
2.324382108388898814e+03
2.424770336276991202e+03
2.424770336276991202e+03
2.363756793362705139e+03
2.302743250448419076e+03
2.213602801370464476e+03
2.212910089263017653e+03
2.096162073888028317e+03
2.059202042955785146e+03
1.905611925817719111e+03
1.886150047212752270e+03
1.866688168607785656e+03
1.866688168607785656e+03
1.857895001824126439e+03
1.857895001824126439e+03
1.742396132313321232e+03
1.584502472895360597e+03
1.543835070321623107e+03
1.503167667747885616e+03
1.441223335691022157e+03
1.491013790667142302e+03
1.490658020105884816e+03
1.491013790667142302e+03
1.490658020105884816e+03
1.420916367222436975e+03
1.351174714338989133e+03
1.348026212743025098e+03
1.323822202191508950e+03
1.323822202191508950e+03
1.405787349237874878e+03
1.405787349237874878e+03
1.407319398795798861e+03
1.408851448353722844e+03
1.408851448353722844e+03
1.414109262434819357e+03
1.427087966261745123e+03
1.427087966261745123e+03
1.315365167117916599e+03
1.243557905788273501e+03
1.171750644458630404e+03
1.088478675983074481e+03
1.010446287639514367e+03
9.894562959155970248e+02
9.894562959155970248e+02
1.101955671690026293e+03
1.266762811808771175e+03
1.431569951927516058e+03
1.676520976258129849e+03
1.691611476194276293e+03
1.828576672849376791e+03
2.259159823692197733e+03
2.259159823692197733e+03
1.893155815849775081e+03
1.527151808007352429e+03
1.302472436684421382e+03
1.162219478883520878e+03
1.162219478883520878e+03
1.137806766584640172e+03
9.676279849694711857e+02
9.521731376083034775e+02
9.367182902471357693e+02
9.003788584893094367e+02
9.003788584893094367e+02
8.730003029582567251e+02
8.683667989633111119e+02
8.580599475220611794e+02
8.580599475220611794e+02
8.580599475220611794e+02
9.346792940254551922e+02
1.108491328188636089e+03
1.150353504367561072e+03
1.240937138885710965e+03
1.240937138885710965e+03
1.176986149659452849e+03
1.113035160433194733e+03
1.113035160433194733e+03
1.117117389118766823e+03
1.247411424578812557e+03
1.247411424578812557e+03
1.156579364043521309e+03
1.143239709413761602e+03
1.129900054784001895e+03
1.129900054784001895e+03
1.129900054784001895e+03
1.117029127616650158e+03
1.066935370086239118e+03
9.290842373219192041e+02
9.247146845078697197e+02
9.203451316938202353e+02
9.203451316938202353e+02
1.051375283314504941e+03
1.158697269963301551e+03
1.158697269963301551e+03
1.124868505703576375e+03
1.118406958645107579e+03
1.111945411586638784e+03
1.091229105068270201e+03
1.024779922107955372e+03
9.420006871780403799e+02
8.499303898682658200e+02
7.993040237009113298e+02
7.993040237009113298e+02
7.993040237009113298e+02
8.609977692709978783e+02
9.553023890334008001e+02
1.063067425758611080e+03
1.063067425758611080e+03
1.034935867772491974e+03
1.008176304825630950e+03
9.814167418787700399e+02
9.741863553659007948e+02
9.741863553659007948e+02
1.085558985322878243e+03
1.275339383894624461e+03
1.545096544149475903e+03
1.545096544149475903e+03
1.545096544149475903e+03
1.488227985276475692e+03
1.408913793577286242e+03
1.396170332787931784e+03
1.393385821481588891e+03
1.266413448832015092e+03
1.266413448832015092e+03
1.266413448832015092e+03
1.295707631440530349e+03
1.295707631440530349e+03
1.214619333321480781e+03
1.108072036033304585e+03
1.108072036033304585e+03
1.137938530111172440e+03
1.167805024189040068e+03
1.241262465746757925e+03
1.336401370303131898e+03
1.394630556666684015e+03
1.413835878328967965e+03
1.452906721522827638e+03
1.619417941753771174e+03
1.785929161984714483e+03
2.150257533134320056e+03
2.335975967623443921e+03
2.946951322870037075e+03
2.946951322870037075e+03
2.833880812801534375e+03
2.428882365835669589e+03
2.023883918869804802e+03
1.924793485506057095e+03
1.924793485506057095e+03
1.924793485506057095e+03
1.855303749750811903e+03
1.578577142733463234e+03
1.504455122926622607e+03
1.430333103119782209e+03
1.413328881023658823e+03
1.413328881023658823e+03
1.450759829164837583e+03
1.624311221259147032e+03
1.624311221259147032e+03
1.644921745049164656e+03
1.665532268839182507e+03
1.870323389072980945e+03
1.889348841547117900e+03
1.889348841547117900e+03
1.712140390491794506e+03
1.529196975671450900e+03
1.470694117915134939e+03
1.412191260158818977e+03
1.338173060589720308e+03
1.237190245565480609e+03
1.118423048360272105e+03
1.105559369316995117e+03
1.105559369316995117e+03
1.119578142857142893e+03
1.280621257639759051e+03
1.280621257639759051e+03
1.274973523567002076e+03
1.187549150931911072e+03
1.090725564611842401e+03
9.966569158138573812e+02
9.966569158138573812e+02
1.036549452485546226e+03
1.193632811044544496e+03
1.193632811044544496e+03
1.193632811044544496e+03
1.193632811044544496e+03
1.193632811044544496e+03
1.321459820233144910e+03
1.321459820233144910e+03
1.567805190913788238e+03
1.776453084334851837e+03
1.776453084334851837e+03
1.739588852401781651e+03
1.739588852401781651e+03
1.870411490285904392e+03
2.001234128170027134e+03
2.035215912600537649e+03
2.113223844132229715e+03
2.112655449960644091e+03
2.112655449960644091e+03
2.028098718646735961e+03
1.783663299474219912e+03
1.539227880301703635e+03
1.515286270657792784e+03
1.360234587632262219e+03
1.283470074677769844e+03
1.178046045571255263e+03
1.178046045571255263e+03
1.302867640137616036e+03
1.427689234703977036e+03
1.723957879947991614e+03
1.742437183547492396e+03
2.055946318260188036e+03
2.479918863608335869e+03
2.508653491410039805e+03
2.557012732587361825e+03
2.605371973764683844e+03
2.605371973764683844e+03
2.643178403208403779e+03
2.643178403208403779e+03
2.428748786851846035e+03
2.160315961549995791e+03
1.965654031430840860e+03
1.770992101311685929e+03
1.701541778847524938e+03
1.494571740241125781e+03
1.487405908906751620e+03
1.375653225887560211e+03
1.355389782279461997e+03
1.355389782279461997e+03
1.355389782279461997e+03
1.560301585019423101e+03
1.713372808167100402e+03
1.760904208356318804e+03
1.809787524033328054e+03
1.930304873573732038e+03
1.966538395173186473e+03
2.002771916772640907e+03
2.088433377830132940e+03
2.138106529463594597e+03
2.233193766170852541e+03
2.247551997689484779e+03
2.292409391321696148e+03
2.335872504231409948e+03
2.379335617141124203e+03
2.508449780228169857e+03
2.526706989590162721e+03
2.615455510271348885e+03
2.615455510271348885e+03
2.615455510271348885e+03
2.747111857716846316e+03
2.878768205162344202e+03
2.906446223749602268e+03
2.892603345651667951e+03
2.961695638458214034e+03
2.927513488122668150e+03
3.127085870716815407e+03
3.027299679419741551e+03
2.927513488122668150e+03
2.703074453427834669e+03
2.551605598337744141e+03
2.316410849854764365e+03
2.292734333674499794e+03
2.292734333674499794e+03
2.306519851065029798e+03
2.320305368455559801e+03
2.376753974932471010e+03
2.380536367015404267e+03
2.442694025550206334e+03
2.380536367015404267e+03
2.229960846661415871e+03
2.208462002796479283e+03
2.186963158931542239e+03
2.229960846661415871e+03
2.220593020377290031e+03
2.233007767206307108e+03
2.220593020377290031e+03
2.126752230275064449e+03
2.108872259101607597e+03
2.090992287928150290e+03
2.126145140658550190e+03
2.015204082400556899e+03
2.058057485366418405e+03
1.971773058905584776e+03
2.016685005840273107e+03
2.000279960386392986e+03
1.983874914932512866e+03
2.016685005840273107e+03
2.113320952516504349e+03
2.199411154695304049e+03
2.395181070093035487e+03
2.561776300556246042e+03
2.722928944056403452e+03
2.884081587556560862e+03
2.884081587556560862e+03
2.908986947437057097e+03
2.933892307317553787e+03
2.933892307317553787e+03
2.960134354080015783e+03
3.085786974526760787e+03
3.211439594973505336e+03
3.258223623935389696e+03
3.311232268189403385e+03
3.390164042010181220e+03
3.488442016332770436e+03
3.529093418809734885e+03
3.717688480267504019e+03
3.906283541725272698e+03
3.984090645901044809e+03
3.906283541725272698e+03
4.051199113723575920e+03
4.073687362165866944e+03
4.142477456674904715e+03
4.370662225481029964e+03
4.598846994287154303e+03
4.738618809772813620e+03
4.738618809772813620e+03
4.492584933069198996e+03
2.916256821666101587e+03
2.916256821666101587e+03
2.801013250658641027e+03
2.801013250658641027e+03
2.801013250658641027e+03
2.906179211022053551e+03
2.906179211022053551e+03
2.764349529653501577e+03
2.764349529653501577e+03
2.853765565892573250e+03
2.943181602131644468e+03
3.136938403963002656e+03
3.335208186727079465e+03
3.335208186727079465e+03
2.994184527294080453e+03
2.866445500209576039e+03
2.832091717058343420e+03
2.797737933907110801e+03
2.782221373151150146e+03
2.590007683227884627e+03
2.542671781947685304e+03
2.542671781947685304e+03
2.580990168170742891e+03
2.608923717400001351e+03
2.636857266629259811e+03
2.677692473636525847e+03
2.636857266629259811e+03
2.677692473636525847e+03
2.683146161471699997e+03
2.762039669293614679e+03
2.764923378335450707e+03
2.767807087377286734e+03
2.865641256089784292e+03
3.244423812992254170e+03
3.350777160720660504e+03
3.350777160720660504e+03
3.018440425787884124e+03
2.949313189439395046e+03
2.880185953090905969e+03
2.821541531802343798e+03
2.739131424485597563e+03
2.639628750451951419e+03
2.555155003783034317e+03
2.396346717413558963e+03
2.379230461213696799e+03
2.362114205013834180e+03
2.362114205013834180e+03
2.382867629038345967e+03
2.548748131666592599e+03
2.875086361817493980e+03
2.875086361817493980e+03
2.728836218677019588e+03
2.582586075536545195e+03
2.307658348311052578e+03
2.148505588641216036e+03
2.104413066212007379e+03
1.998580216223690741e+03
1.998483378686301648e+03
1.855649256540087208e+03
1.712815134393872995e+03
1.705354442920248175e+03
1.712815134393872995e+03
1.704409608519206813e+03
1.683016269488836997e+03
1.656323681729995087e+03
1.656323681729995087e+03
1.656323681729995087e+03
1.713874069621305125e+03
1.747620791884416803e+03
1.747620791884416803e+03
1.796443475307237122e+03
1.796443475307237122e+03
1.748256664933417369e+03
1.700069854559597616e+03
1.636839254141926176e+03
1.508827138444975390e+03
1.449196283954873707e+03
1.440267018143244513e+03
1.372936983641083771e+03
1.308188513203573621e+03
1.243440042766063698e+03
1.222629317042700222e+03
1.222629317042700222e+03
1.288208910707465293e+03
1.288208910707465293e+03
1.137176648380936513e+03
1.120228131525673234e+03
1.103279614670409956e+03
1.103279614670409956e+03
1.178420340105973764e+03
1.227778971929696354e+03
1.251376246024731927e+03
1.253406003119710704e+03
1.263408467312315224e+03
1.273410931504919517e+03
1.281318366881532711e+03
1.281318366881532711e+03
1.205860099387313994e+03
1.121893706122667936e+03
9.135233243285435947e+02
8.596758222738139921e+02
8.058283202190845032e+02
7.793715279322658489e+02
7.793715279322658489e+02
8.426707565933893420e+02
8.543350975851915337e+02
9.505824644039873874e+02
1.056280021810505332e+03
1.161977579217023504e+03
1.295928842248855062e+03
1.455021842659120466e+03
1.567414133838200314e+03
1.567414133838200314e+03
1.290929121642834843e+03
1.266959328295577052e+03
1.242989534948319488e+03
1.221222641878275908e+03
1.221222641878275908e+03
1.246840718431511050e+03
1.309467559144870165e+03
1.310075258695607772e+03
1.310075258695607772e+03
1.310075258695607772e+03
1.279259654603432637e+03
1.279259654603432637e+03
1.321648536844046475e+03
1.321648536844046475e+03
1.171633101116131684e+03
1.065956088975175362e+03
9.602790768342191541e+02
9.602790768342191541e+02
9.879678821877538439e+02
9.879678821877538439e+02
9.642873714534741794e+02
9.242438089295437749e+02
9.242438089295437749e+02
9.242438089295437749e+02
9.627866985624635845e+02
1.133848459005662107e+03
1.337119306364484373e+03
1.415398932102360959e+03
1.415398932102360959e+03
1.386649193750534323e+03
1.357899455398707687e+03
1.289770309794116883e+03
1.289770309794116883e+03
1.472229455055127573e+03
1.666984307221705649e+03
1.666984307221705649e+03
1.643818943615831813e+03
1.620653580009957977e+03
1.447681247370157962e+03
1.414642386048189792e+03
1.323916249380363297e+03
1.173446508256873358e+03
1.173446508256873358e+03
1.234513272978967279e+03
1.295580037701061201e+03
1.625057197716500241e+03
1.662215494792810887e+03
1.676651201916904711e+03
1.752782226875206334e+03
1.752782226875206334e+03
1.709465648716422265e+03
1.666149070557638197e+03
1.468735367706989109e+03
1.348731839852308894e+03
1.298361793251558083e+03
1.250030560064386918e+03
1.180164008761483501e+03
1.165103557702593662e+03
1.150043106643704050e+03
1.150043106643704050e+03
1.201086766105713195e+03
1.313653726785516938e+03
1.352664111409599172e+03
1.352664111409599172e+03
1.341492342662803367e+03
1.330320573916007561e+03
1.193235415007837673e+03
1.127916675820035834e+03
1.030427358300963533e+03
8.956543676931298705e+02
8.956543676931298705e+02
1.050633504004747692e+03
1.205612640316365514e+03
1.541889816740150991e+03
1.607905089618925103e+03
1.623016145651592296e+03
1.623016145651592296e+03
1.363042361012814581e+03
1.361089476365267728e+03
1.359136591717721103e+03
1.363042361012814581e+03
1.451531714881771904e+03
1.624591018574018108e+03
1.744226277074010568e+03
1.952673012501002404e+03
2.008726776999159483e+03
2.064780541497316335e+03
2.450903148447245258e+03
2.518273762456783061e+03
2.578615611700976842e+03
2.799973425902656345e+03
2.865749488930679036e+03
2.865749488930679036e+03
2.865749488930679036e+03
2.412464492688658538e+03
2.412464492688658538e+03
2.671044712200645336e+03
3.017465156295144425e+03
3.017465156295144425e+03
2.804870201716164956e+03
2.592275247137185033e+03
2.492978363421572794e+03
2.299545697508103785e+03
2.269837960562909302e+03
2.134301953684680939e+03
1.822970668731112028e+03
1.813644972695269416e+03
1.804319276659426805e+03
1.804319276659426805e+03
2.109444043213628447e+03
2.493535851900898706e+03
2.656335931862810867e+03
2.725976155232461224e+03
2.903770704573478724e+03
3.081565253914496225e+03
3.081565253914496225e+03
2.942089438668923776e+03
2.942089438668923776e+03
2.953587938572537041e+03
2.953587938572537041e+03
2.866076513595923643e+03
2.778565088619309790e+03
2.725326929477974772e+03
2.633433655315081978e+03
2.441215238587178192e+03
2.196900384700574705e+03
2.153511646016622308e+03
2.196900384700574705e+03
2.542846162099604499e+03
2.951646354618520945e+03
2.951646354618520945e+03
2.900442500066480534e+03
2.813088299703373195e+03
2.742341974550259238e+03
2.593191843939447153e+03
2.500433225754236901e+03
2.500433225754236901e+03
1.661795194267078159e+03
1.661795194267078159e+03
1.129926442873969108e+03
1.129926442873969108e+03
1.129926442873969108e+03
1.129926442873969108e+03
1.227577953339661690e+03
1.227577953339661690e+03
1.186936789692626462e+03
1.089259442980033100e+03
1.089259442980033100e+03
1.134447839861137709e+03
1.179636236742242090e+03
1.179636236742242090e+03
1.152959121989604455e+03
1.152959121989604455e+03
1.152959121989604455e+03
1.166603821716724497e+03
1.185226492461732732e+03
1.203849163206740968e+03
1.203849163206740968e+03
1.179637691744146878e+03
1.104008815711694069e+03
1.030247495124094939e+03
1.022485942432455545e+03
1.022485942432455545e+03
1.022485942432455545e+03
1.054017682523122403e+03
1.054017682523122403e+03
9.912380882543023972e+02
9.283921506734532159e+02
9.283921506734532159e+02
9.497366624612618580e+02
9.710811742490703864e+02
1.007288221502289161e+03
1.129036205324338880e+03
1.206201333767588494e+03
1.206201333767588494e+03
1.189571845915760605e+03
1.189571845915760605e+03
1.189571845915760605e+03
1.257756823361154602e+03
1.275065873916833198e+03
1.360584316414845034e+03
1.360584316414845034e+03
1.370993206459577095e+03
1.398788813948016468e+03
1.426584421436455614e+03
1.458000002191400881e+03
1.458000002191400881e+03
1.400987516977416590e+03
1.294770456805214508e+03
1.294770456805214508e+03
1.313581362333975449e+03
1.332392267862736162e+03
1.547680978457064384e+03
1.625473239256349416e+03
1.653037269268372484e+03
1.724619223391857986e+03
1.802998219001673306e+03
1.802998219001673306e+03
1.802998219001673306e+03
1.791164503806850234e+03
1.791164503806850234e+03
1.846498500544042827e+03
2.161622277106877391e+03
2.309011812309342076e+03
2.358080070697435076e+03
2.407148329085528076e+03
2.407148329085528076e+03
2.375375951204173816e+03
2.111113781291111081e+03
2.076116793396841331e+03
1.865739628731348830e+03
1.845526192259828349e+03
1.825312755788308095e+03
1.694351150637389082e+03
1.574377940621393691e+03
1.527848384223978883e+03
1.527848384223978883e+03
1.668871418258303038e+03
1.750489153307067681e+03
1.832106888355832098e+03
2.047939356806326714e+03
2.098021189012623836e+03
2.176913656267476654e+03
2.215398614350014668e+03
2.258087683104686676e+03
2.345984850613368508e+03
2.433882018122049885e+03
2.622128037715724531e+03
2.714748500911078736e+03
2.714748500911078736e+03
