1.476440157446703552e+03
1.476440157446703552e+03
1.514992649456160507e+03
1.514992649456160507e+03
1.514992649456160507e+03
1.478610889807157491e+03
1.491348173121374430e+03
1.478556173994983510e+03
1.465764174868592818e+03
1.465764174868592818e+03
1.449661782703636618e+03
1.384461352691874481e+03
1.367419746221682317e+03
1.384461352691874481e+03
1.358050145510986113e+03
1.331638938330097517e+03
1.398677006189926715e+03
1.398677006189926715e+03
1.398677006189926715e+03
1.354876386690904383e+03
1.354876386690904383e+03
1.378550722608090609e+03
1.402225058525276836e+03
1.464356751615022176e+03
1.464356751615022176e+03
1.464356751615022176e+03
1.464356751615022176e+03
1.464356751615022176e+03
1.565376884927351512e+03
1.565376884927351512e+03
1.565376884927351512e+03
1.565376884927351512e+03
1.565376884927351512e+03
1.565376884927351512e+03
1.589775803418306623e+03
1.589775803418306623e+03
1.589775803418306623e+03
1.588670707029475125e+03
1.531041960700981690e+03
1.567548473080144504e+03
1.530077154927677157e+03
1.567548473080144504e+03
1.515836806899567819e+03
1.464125140718991361e+03
1.511853694885008508e+03
1.480364314424230088e+03
1.496650528731430086e+03
1.480364314424230088e+03
1.496650528731430086e+03
1.485736993253233095e+03
1.474823457775036104e+03
1.553938023501204725e+03
1.474823457775036104e+03
1.541273837299052502e+03
1.496132424958205092e+03
1.541273837299052502e+03
1.520042907466615134e+03
1.498811977634177765e+03
1.563474904499547165e+03
1.529971271042001490e+03
1.580689734540658947e+03
1.529971271042001490e+03
1.582851431428480510e+03
1.527249082146779074e+03
1.471646732865077638e+03
1.593701378402660794e+03
1.513326244502156896e+03
1.545157678481273024e+03
1.513326244502156896e+03
1.545157678481273024e+03
1.494635004456452862e+03
1.444112330431632472e+03
1.507164448029042205e+03
1.444112330431632472e+03
1.454548645933735088e+03
1.432661041492510321e+03
1.454548645933735088e+03
1.443604843713122591e+03
1.432661041492510321e+03
1.450743080180003517e+03
1.419854849815137186e+03
1.382128806350700870e+03
1.360592215163429273e+03
1.382128806350700870e+03
1.394791315932331599e+03
1.407453825513962101e+03
1.459852594651995560e+03
1.462758057056860480e+03
1.470242636976261110e+03
1.487917848547180483e+03
1.502246239627763998e+03
1.495082044087472241e+03
1.487917848547180483e+03
1.563622556558756969e+03
1.487653323758565648e+03
1.520857929249271137e+03
1.483687599131074649e+03
1.477408922040630614e+03
1.461105310479223135e+03
1.444801698917815656e+03
1.477408922040630614e+03
1.432060087315342798e+03
1.490562686249092849e+03
1.464164419131109298e+03
1.520451063092691811e+03
1.492307741111900668e+03
1.464164419131109298e+03
1.518309255894089802e+03
1.435261783068129262e+03
1.518309255894089802e+03
1.449460886104915062e+03
1.519536701927938111e+03
1.568341866646322160e+03
1.617147031364706208e+03
1.648276716827931750e+03
1.648276716827931750e+03
1.677626249338528851e+03
1.642955461374544939e+03
1.685953285361378221e+03
1.685953285361378221e+03
1.685953285361378221e+03
1.685953285361378221e+03
1.694796759721803937e+03
1.696533409323676096e+03
1.696533409323676096e+03
1.696533409323676096e+03
1.697024391884584020e+03
1.697515374445491943e+03
1.720537261897949065e+03
1.720537261897949065e+03
1.608505571031759928e+03
1.596369625157276687e+03
1.585026191222777697e+03
1.585026191222777697e+03
1.585026191222777697e+03
1.627570712496178885e+03
1.664465533549540169e+03
1.664465533549540169e+03
1.618271411905483774e+03
1.603650524017634098e+03
1.596264792342954252e+03
1.588879060668274406e+03
1.588879060668274406e+03
1.540238902034116109e+03
1.535066052557368039e+03
1.437044541835954305e+03
1.535066052557368039e+03
1.518560233431066081e+03
1.502054414304763895e+03
1.502054414304763895e+03
1.502054414304763895e+03
1.532004798993912345e+03
1.540077981425316011e+03
1.568701608107417087e+03
1.570552425691662847e+03
1.572403243275908835e+03
1.636380372383610847e+03
1.636380372383610847e+03
1.636380372383610847e+03
1.598202763704151266e+03
1.598202763704151266e+03
1.669249383858221336e+03
1.740296004012291405e+03
1.740296004012291405e+03
1.704964681734204078e+03
1.704964681734204078e+03
1.678833135637095438e+03
1.745357244549498091e+03
1.745093101552047528e+03
1.744828958554596966e+03
1.776588290952372972e+03
1.755897720093096041e+03
1.862060301142339540e+03
1.755897720093096041e+03
1.862060301142339540e+03
1.874162016722572844e+03
1.886263732302806375e+03
1.922435450787126456e+03
1.886263732302806375e+03
1.946980748712647937e+03
1.861058035494930436e+03
2.082426330005630462e+03
2.062349870059143086e+03
2.042273410112655938e+03
2.082426330005630462e+03
2.042273410112655938e+03
2.020047858062308705e+03
1.989864394617384050e+03
1.989864394617384050e+03
1.946738822542849448e+03
1.903613250468315073e+03
1.968546837423403986e+03
1.903613250468315073e+03
1.867147996016871957e+03
1.846021491749361303e+03
1.846021491749361303e+03
1.801772258792298089e+03
1.757523025835234648e+03
1.757523025835234648e+03
1.757523025835234648e+03
1.830055613352943510e+03
1.830055613352943510e+03
1.843512924369996881e+03
1.970494806769122988e+03
2.097476689168248868e+03
2.111534079831933013e+03
2.167014656885954082e+03
2.237478059129787198e+03
2.284997894552360776e+03
2.284997894552360776e+03
2.234229353945349430e+03
2.183460813338338085e+03
2.133158763758776331e+03
2.011000318221761290e+03
2.011000318221761290e+03
2.011000318221761290e+03
2.188314800898755948e+03
2.204270199492874781e+03
2.220225598086994069e+03
2.220225598086994069e+03
2.162368214814331168e+03
2.162368214814331168e+03
2.153144858382340317e+03
2.138474496681717028e+03
2.134578970288554956e+03
2.130683443895392429e+03
2.130683443895392429e+03
2.088617694050853061e+03
2.088617694050853061e+03
2.195664421701249012e+03
2.246917012341500140e+03
2.246917012341500140e+03
2.246917012341500140e+03
2.147121495170648359e+03
2.140528589794127129e+03
2.131192941729647828e+03
2.074703684057108148e+03
2.017265250977005962e+03
1.946972433024505790e+03
1.876679615072005618e+03
1.858050158676850742e+03
1.813962997438980892e+03
1.847738091290078501e+03
1.796949493237610795e+03
1.809410988952630760e+03
1.795521844708347544e+03
1.781632700464064101e+03
1.755248020216016585e+03
1.704405362882705276e+03
1.627367161050300410e+03
1.601843924714770765e+03
1.601843924714770765e+03
1.589999413874033962e+03
1.578154903033296932e+03
1.581735008131058066e+03
1.581735008131058066e+03
1.583736634130455059e+03
1.583736634130455059e+03
1.585799308823093270e+03
1.576292070462279298e+03
1.566784832101465099e+03
1.485125899421065697e+03
1.471883761977862605e+03
1.387602600843120626e+03
1.385752161130438026e+03
1.336759737167042886e+03
1.318955514805007851e+03
1.301151292442972817e+03
1.264777689293245203e+03
1.261137354207983435e+03
1.264777689293245203e+03
1.288627917733303775e+03
1.288627917733303775e+03
1.377154502316070875e+03
1.659547075289575105e+03
1.659547075289575105e+03
1.659547075289575105e+03
1.659547075289575105e+03
1.632071291520398745e+03
1.632071291520398745e+03
1.551795537096958924e+03
1.471519782673519103e+03
1.480769474903167975e+03
1.471519782673519103e+03
1.429592789732781512e+03
1.362778423409866946e+03
1.362778423409866946e+03
1.408385199739758264e+03
1.453991976069649809e+03
1.457955869283779521e+03
1.489958964604001494e+03
1.508580568408056934e+03
1.489958964604001494e+03
1.481989631670557628e+03
1.463998103591881772e+03
1.446006575513205689e+03
1.418956902666658834e+03
1.396538943942528022e+03
1.418956902666658834e+03
1.367083128862025887e+03
1.442386631974748298e+03
1.437372738801364449e+03
1.432358845627980827e+03
1.432358845627980827e+03
1.396895483351491521e+03
1.396895483351491521e+03
1.394533499113096923e+03
1.468976350782090094e+03
1.439696773864342958e+03
1.410417196946596050e+03
1.473074419351324195e+03
1.410417196946596050e+03
1.422337950055157080e+03
1.409187796545514630e+03
1.422337950055157080e+03
1.429488240293993158e+03
1.436638530532829236e+03
1.522498193974445940e+03
1.436638530532829236e+03
1.482179220392192974e+03
1.428082063337076079e+03
1.482179220392192974e+03
1.531533593916826703e+03
1.580887967441460205e+03
1.580887967441460205e+03
1.580887967441460205e+03
1.620705295698781583e+03
1.620705295698781583e+03
1.707054891922731940e+03
1.660774133149914860e+03
1.614493374377097780e+03
1.658995510203075355e+03
1.658945706668153434e+03
1.658995510203075355e+03
1.658945706668153434e+03
1.721700403226841900e+03
1.681683744830410205e+03
1.641667086433978511e+03
1.706459422404783709e+03
1.641667086433978511e+03
1.693290122038638629e+03
1.609203443802672155e+03
1.693290122038638629e+03
1.641253867052188980e+03
1.589217612065739104e+03
1.696072539353244110e+03
1.696072539353244110e+03
1.709984861448823494e+03
1.709984861448823494e+03
1.709984861448823494e+03
1.673059208313516592e+03
1.636133555178209917e+03
1.701261642863122916e+03
1.654645347830720766e+03
1.692140269546264790e+03
1.664442655139190492e+03
1.692140269546264790e+03
1.717499149140413920e+03
1.742858028734563277e+03
1.841794299288940010e+03
1.767470236371445708e+03
1.841794299288940010e+03
1.819590873474744058e+03
1.819590873474744058e+03
1.819590873474744058e+03
1.819590873474744058e+03
1.819590873474744058e+03
1.791513707190770219e+03
1.827605739179450893e+03
1.852243546201264053e+03
1.977290222193764066e+03
1.923738006340095581e+03
1.870185790486426868e+03
1.988654042169851891e+03
1.950720047521851939e+03
1.988654042169851891e+03
1.950720047521851939e+03
2.040283388088004813e+03
2.002945191505887351e+03
1.965606994923769889e+03
2.066229987963132317e+03
1.996587005771142458e+03
2.082477026543022021e+03
1.996587005771142458e+03
2.082477026543022021e+03
2.033321170701507526e+03
1.984165314859993259e+03
2.021316485998370354e+03
1.940308952890313094e+03
1.933519788447923929e+03
1.933519788447923929e+03
2.105057346433840848e+03
2.139145190822773202e+03
2.173233035211705555e+03
2.186598846943184071e+03
2.214079621759059137e+03
2.303849348272902262e+03
2.316007900088101906e+03
2.335047567821467965e+03
2.325527733954784708e+03
2.316007900088101906e+03
2.201135385865544322e+03
2.076349288501708088e+03
2.038405018293072771e+03
1.998098715611544094e+03
2.038405018293072771e+03
2.064885667521167761e+03
2.091366316749262751e+03
2.099992742458015982e+03
2.099992742458015982e+03
2.282897348549024173e+03
2.282897348549024173e+03
2.282897348549024173e+03
2.324627383436417404e+03
2.324627383436417404e+03
2.358870308471068256e+03
2.324627383436417404e+03
2.358870308471068256e+03
2.297175374715429825e+03
2.443898305188002269e+03
2.370536839951716047e+03
2.297175374715429825e+03
2.442548388441522548e+03
2.414817231435329631e+03
2.414817231435329631e+03
2.414817231435329631e+03
2.427952065525867965e+03
2.427952065525867965e+03
2.427952065525867965e+03
2.316659870675152433e+03
2.302457567762734925e+03
2.316659870675152433e+03
2.258566748757162259e+03
2.323131303658693014e+03
2.280210398721708771e+03
2.237289493784724527e+03
2.313230362045516358e+03
2.237289493784724527e+03
2.309785404531966378e+03
2.216200461449861905e+03
2.309785404531966378e+03
2.192216174491217316e+03
2.074646944450467799e+03
2.275765135872383780e+03
2.176804108721724788e+03
2.275765135872383780e+03
2.274306973092400767e+03
2.299281995166028082e+03
2.361704919697749574e+03
2.424127844229471066e+03
2.495145788783244825e+03
2.424127844229471066e+03
2.417432503922303113e+03
2.370110899617816358e+03
2.301086873194933560e+03
2.245918157151350897e+03
2.190749441107768689e+03
2.198766487520006194e+03
2.128181989956249708e+03
2.198766487520006194e+03
2.112592838990178279e+03
2.324757103273163466e+03
2.339971534171190797e+03
2.355185965069218128e+03
2.372414406517376392e+03
2.528668977066135994e+03
2.569268992546123172e+03
2.569268992546123172e+03
2.569268992546123172e+03
2.590224726069764984e+03
2.611180459593406795e+03
2.691250280581741208e+03
2.691250280581741208e+03
2.740573605928396319e+03
2.761014680118285014e+03
2.969428148167397012e+03
2.971325828852568520e+03
2.973223509537740483e+03
2.973223509537740483e+03
2.973223509537740483e+03
2.911872927762544350e+03
2.862439767952708280e+03
2.862439767952708280e+03
2.900710245142565327e+03
2.938980722332422374e+03
3.118518253765349982e+03
2.938980722332422374e+03
2.968305063610589968e+03
2.925593319856203379e+03
2.968305063610589968e+03
2.970390711129431111e+03
2.972476358648271798e+03
3.032282068379796783e+03
3.032282068379796783e+03
3.032282068379796783e+03
3.012409782351210652e+03
3.012409782351210652e+03
3.006514750018214272e+03
3.000619717685217893e+03
3.076226016653496117e+03
3.006514926501939954e+03
3.066882461341262115e+03
3.006514926501939954e+03
3.066882461341262115e+03
3.047468092860908655e+03
3.028053724380554740e+03
3.213309641582855875e+03
3.094307923807132738e+03
3.150139189522375091e+03
3.094307923807132738e+03
3.150139189522375091e+03
3.141800692701121534e+03
3.133462195879867977e+03
3.133462195879867977e+03
3.066670454506949227e+03
3.066670454506949227e+03
3.022788759756960189e+03
3.057714893141551784e+03
3.033876598784238467e+03
3.010038304426925151e+03
3.010038304426925151e+03
2.979579117761083126e+03
2.875208471144970190e+03
2.872657836270985172e+03
2.875208471144970190e+03
2.883181847793773613e+03
2.891155224442577037e+03
2.976396330425569886e+03
2.976396330425569886e+03
2.976396330425569886e+03
2.935080727762138849e+03
2.935080727762138849e+03
2.909410634189956909e+03
2.883740540617775423e+03
2.984253620481451890e+03
2.883740540617775423e+03
2.674936871658020209e+03
2.671597832078352894e+03
2.674936871658020209e+03
2.593927093045181209e+03
2.512917314432341755e+03
2.940438907708013630e+03
2.749808639110005970e+03
2.749808639110005970e+03
2.702902103938783512e+03
2.702902103938783512e+03
2.772457528100471791e+03
2.842012952262160070e+03
2.909926653658937084e+03
2.842012952262160070e+03
2.823006606634004129e+03
2.794114182845561572e+03
2.794114182845561572e+03
2.856238693487750425e+03
2.918363204129938822e+03
3.012788815441243514e+03
3.015529496354648018e+03
3.012788815441243514e+03
2.883428412377059885e+03
2.883428412377059885e+03
2.879287708319249305e+03
2.875147004261438724e+03
2.669903917493270001e+03
2.669903917493270001e+03
2.809516439933438960e+03
2.809516439933438960e+03
2.829617915383980744e+03
2.762196443137495407e+03
2.694774970891010071e+03
2.694774970891010071e+03
2.694774970891010071e+03
2.721236232828277025e+03
2.721236232828277025e+03
2.607024020946807468e+03
2.607024020946807468e+03
2.607024020946807468e+03
2.607024020946807468e+03
2.660933608384190848e+03
2.536873312497456027e+03
2.536873312497456027e+03
2.536873312497456027e+03
2.655075654024687537e+03
2.773277995551919503e+03
2.893508579632741657e+03
2.773277995551919503e+03
2.736165305027196609e+03
2.688645679916488007e+03
2.669978482027186146e+03
2.646960058523457519e+03
2.623941635019728437e+03
2.623941635019728437e+03
2.578314321333540192e+03
2.514968872619408103e+03
2.510733970426812903e+03
2.510733970426812903e+03
2.386570076982564387e+03
2.386570076982564387e+03
2.386570076982564387e+03
2.394869795086384784e+03
2.410785383063091103e+03
2.394869795086384784e+03
2.514513395135628798e+03
2.577703836033731022e+03
2.640894276931832792e+03
2.710334776617045009e+03
2.754011639996758277e+03
2.822236937609064171e+03
2.822236937609064171e+03
2.800266629846370051e+03
2.786142551929795445e+03
2.772018474013221294e+03
2.751573006014071780e+03
2.625662685417442844e+03
2.550142530538220399e+03
2.536542431111129645e+03
2.388617310795780213e+03
2.376609413017619772e+03
2.364601515239458877e+03
2.240695933132291884e+03
2.160464451701330745e+03
2.053899046259218721e+03
2.028382995939678494e+03
1.920614792944286364e+03
1.920614792944286364e+03
2.057276035592608423e+03
2.057276035592608423e+03
2.024043309557731163e+03
1.876363063045849913e+03
1.811758067391556096e+03
1.480557999600137236e+03
1.480557999600137236e+03
1.480557999600137236e+03
1.480557999600137236e+03
2.028795363939280378e+03
2.028795363939280378e+03
2.028795363939280378e+03
2.016223578878631997e+03
1.994752705084612444e+03
1.973281831290592891e+03
1.973281831290592891e+03
1.900779984023478391e+03
1.833495082693481891e+03
1.801433693478341638e+03
1.763670055696912186e+03
1.763670055696912186e+03
1.763670055696912186e+03
1.763670055696912186e+03
1.765176089412779902e+03
1.823566921590720767e+03
1.823566921590720767e+03
1.871942889533460857e+03
1.860977110134915392e+03
1.850011330736369928e+03
1.861379025939410894e+03
1.850011330736369928e+03
1.846890994737997289e+03
1.815767491386976872e+03
1.817849463608851238e+03
1.747768576619218493e+03
1.677687689629585975e+03
1.710812586801651833e+03
1.663646893515615602e+03
1.706898064858675752e+03
1.629974622842078816e+03
1.706898064858675752e+03
1.661228496320993827e+03
1.615558927783311901e+03
1.695279991644347092e+03
1.695279991644347092e+03
1.783094231733615970e+03
1.783094231733615970e+03
1.802183385642380699e+03
1.848451425014709912e+03
1.894719464387039125e+03
1.928267479724697296e+03
1.894719464387039125e+03
1.927532079116035902e+03
1.837419222277426343e+03
1.927532079116035902e+03
1.908177715951541131e+03
1.888823352787046360e+03
1.938519995892761926e+03
1.938519995892761926e+03
1.984390340915100069e+03
1.984390340915100069e+03
2.000662902919232920e+03
2.002125597787028482e+03
2.003588292654824045e+03
2.116471300893627813e+03
2.024657388313606816e+03
2.082450146701090944e+03
2.024657388313606816e+03
2.082450146701090944e+03
2.113396140151010513e+03
2.144342133600930083e+03
2.194099377362612358e+03
2.161081485882978996e+03
2.181105179521396167e+03
2.161081485882978996e+03
2.181105179521396167e+03
2.117769468237734600e+03
2.054433756954073033e+03
2.222156266723314729e+03
2.114397164606348724e+03
2.151439764488492528e+03
2.132714639063367486e+03
2.151439764488492528e+03
2.212660338821335245e+03
2.273880913154177961e+03
2.283109725281822193e+03
2.273880913154177961e+03
2.378846739549680478e+03
2.164644260660988039e+03
2.307051229656729902e+03
2.233326278023000668e+03
2.159601326389270980e+03
2.270064605425693571e+03
2.159601326389270980e+03
2.270064605425693571e+03
2.072629388945003484e+03
2.284693707861748862e+03
2.194692378831098722e+03
2.104691049800448582e+03
2.387513742311342412e+03
2.130378231807913380e+03
2.186163547127454876e+03
2.130378231807913380e+03
2.186163547127454876e+03
2.307244486130549376e+03
2.428325425133644330e+03
2.439154610679826874e+03
2.449983796226009872e+03
2.449983796226009872e+03
2.551344868249972478e+03
2.575300368693821838e+03
2.575300368693821838e+03
2.575300368693821838e+03
2.415969547915291059e+03
2.387657128086331795e+03
2.387657128086331795e+03
2.340595313705116041e+03
2.399264455695378729e+03
2.289952870097008599e+03
2.180641284498638470e+03
2.320628750427501018e+03
2.182302790423145780e+03
2.320628750427501018e+03
2.190527830738828470e+03
2.338608765628708170e+03
2.278250940591763538e+03
2.217893115554818451e+03
2.304338308804160988e+03
2.217893115554818451e+03
2.304338308804160988e+03
2.205772804696349340e+03
2.360040800371685691e+03
2.437760475848599526e+03
2.437760475848599526e+03
2.394999535072067829e+03
2.307811098145707092e+03
2.281032040734178281e+03
2.235731550768205125e+03
2.216190040720425714e+03
2.216190040720425714e+03
2.375665662830840574e+03
2.375665662830840574e+03
2.423739763950793076e+03
2.423739763950793076e+03
2.423739763950793076e+03
2.423739763950793076e+03
2.429292950203291184e+03
2.434846136455789747e+03
2.437158631245611105e+03
2.437158631245611105e+03
2.454762919660440275e+03
2.339203846049094864e+03
2.450405703998219906e+03
2.405257478496811018e+03
2.360109252995402130e+03
2.441388807755045036e+03
2.360109252995402130e+03
2.294389201079267878e+03
2.254210787239317142e+03
2.285558470312529607e+03
2.198698234124244664e+03
2.111837997935960175e+03
2.285558470312529607e+03
2.260661482456202066e+03
2.319598024194120171e+03
2.440861786686123196e+03
2.440861786686123196e+03
2.423164425768490219e+03
2.405467064850856787e+03
2.352780178531522779e+03
2.264584130836160057e+03
2.244677602436557208e+03
2.144318486636650505e+03
2.244677602436557208e+03
2.172163935908547501e+03
2.099650269380537793e+03
2.280488688719079164e+03
2.109514346885920986e+03
2.280488688719079164e+03
2.109514346885920986e+03
2.352901147467634019e+03
2.275595589799311711e+03
2.198290032130989403e+03
2.379434388109010342e+03
2.198290032130989403e+03
2.278443618257900198e+03
2.109083966034682362e+03
2.212038246946669005e+03
2.160561106490675684e+03
2.109083966034682362e+03
2.212038246946669005e+03
2.095383616712866569e+03
2.108619144893777957e+03
2.095383616712866569e+03
2.108619144893777957e+03
2.121662767612521293e+03
2.134706390331264629e+03
2.267006444481296057e+03
2.214728654656206800e+03
2.267006444481296057e+03
2.214728654656206800e+03
2.338275578255025721e+03
2.225559427867517115e+03
2.112843277480008055e+03
2.248540114055125287e+03
2.132608861402306047e+03
2.248540114055125287e+03
2.132608861402306047e+03
2.297050202601504225e+03
2.244524805843024296e+03
2.191999409084543913e+03
2.343555051041832030e+03
2.191999409084543913e+03
2.365433087286592126e+03
2.267789200655387958e+03
2.365213088767799491e+03
2.316501144711593952e+03
2.267789200655387958e+03
2.365213088767799491e+03
2.106379898859659079e+03
2.256853849552402608e+03
2.099937740907491843e+03
2.256853849552402608e+03
2.201535381852022510e+03
2.146216914151642413e+03
2.369474650807685066e+03
2.298574075670288948e+03
2.369474650807685066e+03
2.298574075670288948e+03
2.393314166412576014e+03
2.276226566265171641e+03
2.159138966117766813e+03
2.364202176902133033e+03
2.136668482594226134e+03
2.343109392289720745e+03
2.127383895303238205e+03
2.343109392289720745e+03
2.241569554149944452e+03
2.140029716010168158e+03
2.237046938381753080e+03
2.140029716010168158e+03
2.084919648715198946e+03
2.041657906148258689e+03
2.084919648715198946e+03
2.006350913926140038e+03
1.927782179137080902e+03
2.172417306552398713e+03
2.094564775346264014e+03
2.172417306552398713e+03
2.094564775346264014e+03
2.223929953660208866e+03
2.133271700809686990e+03
2.042613447959164887e+03
2.171146990526296122e+03
2.010918651818730496e+03
2.171146990526296122e+03
2.010918651818730496e+03
2.223199916060356827e+03
2.075927762678950785e+03
1.928655609297544743e+03
2.043142008316793635e+03
1.817511022046820699e+03
2.043142008316793635e+03
1.807609227310510050e+03
2.067342836560327214e+03
1.970088179239961619e+03
1.872833521919596024e+03
2.195224978685941551e+03
2.026295396705085295e+03
2.122839900640516589e+03
2.026295396705085295e+03
2.122839900640516589e+03
2.029721383957341459e+03
1.936602867274166329e+03
2.109964072487133308e+03
1.936602867274166329e+03
2.058241334071239180e+03
1.899220057784323899e+03
2.058241334071239180e+03
1.978730695927781653e+03
1.899220057784323899e+03
1.853191912064250346e+03
1.634657382476337261e+03
1.770319228265288984e+03
1.634657382476337261e+03
1.769334064823600784e+03
1.639943021351392872e+03
1.510551977879184960e+03
1.687463873512356713e+03
1.515973441663881658e+03
1.682620269180500372e+03
1.555105067802789108e+03
1.604454038431271101e+03
1.579779553117029991e+03
1.555105067802789108e+03
1.502103651210368980e+03
1.502103651210368980e+03
1.502103651210368980e+03
1.507409175731565256e+03
1.507409175731565256e+03
1.507409175731565256e+03
1.507409175731565256e+03
1.588290381011576301e+03
1.479807494984891491e+03
1.500308849304321939e+03
1.500308849304321939e+03
1.500308849304321939e+03
1.454362431136810983e+03
1.408416012969300027e+03
1.408416012969300027e+03
1.390379843819270491e+03
1.412389858411919704e+03
1.413482246752872925e+03
1.457096011853595655e+03
1.457096011853595655e+03
1.457096011853595655e+03
1.471699735343012208e+03
1.671898302168703367e+03
1.745133228389488750e+03
1.745133228389488750e+03
1.736356502980864889e+03
1.736356502980864889e+03
1.736356502980864889e+03
1.736356502980864889e+03
1.638384838944766898e+03
1.613810342390987671e+03
1.607623610948750638e+03
1.607623610948750638e+03
1.637087900996885764e+03
1.666552191045021118e+03
1.666552191045021118e+03
1.693152014504430099e+03
1.703798650448014314e+03
1.728184042580739288e+03
1.703798650448014314e+03
1.691425056531819791e+03
1.679051462615625042e+03
1.671249304832181679e+03
1.628418900550447916e+03
1.537530760023065568e+03
1.536907537368067096e+03
1.536907537368067096e+03
1.526909058019394706e+03
1.516910578670722316e+03
1.538090028602530765e+03
1.516910578670722316e+03
1.501119767686841897e+03
1.497777841865350638e+03
1.501119767686841897e+03
1.643754356753490356e+03
1.643754356753490356e+03
1.634452292457458952e+03
1.621865499695413064e+03
1.542957298346697598e+03
1.496666833546117005e+03
1.496666833546117005e+03
1.512818745318352057e+03
1.545984481641184630e+03
1.595436376412144909e+03
1.595436376412144909e+03
1.659665387859088241e+03
1.659665387859088241e+03
1.659665387859088241e+03
1.635608968473983396e+03
1.635608968473983396e+03
1.635608968473983396e+03
1.510334983658199008e+03
1.488231904058028704e+03
1.485100858517839015e+03
1.488231904058028704e+03
1.486666381287933746e+03
1.485100858517839015e+03
1.452988554109289908e+03
1.452988554109289908e+03
1.482596890863050930e+03
1.482596890863050930e+03
1.453971439570448183e+03
1.442073193511972704e+03
1.430174947453497225e+03
1.355242573382654427e+03
1.352255140399531683e+03
1.342285445208833835e+03
1.325008811417836569e+03
1.325008811417836569e+03
1.332356941564125918e+03
1.339705071710415041e+03
1.375756533187495052e+03
1.394336694311462907e+03
1.416836118202747002e+03
1.450665853011095123e+03
1.481406531649959106e+03
1.466036192330527228e+03
1.450665853011095123e+03
1.481406531649959106e+03
1.460016388518679378e+03
1.460016388518679378e+03
1.413466651003353491e+03
1.366307363222839967e+03
1.361375419887881435e+03
1.356443476552922903e+03
1.298713317717559448e+03
1.248531711397871049e+03
1.201342886875027943e+03
1.199991013370770816e+03
1.201342886875027943e+03
1.195080564571284413e+03
1.188818242267541109e+03
1.211987137768349157e+03
1.208616313524234101e+03
1.289827982258821294e+03
1.208616313524234101e+03
1.289827982258821294e+03
1.267098011997603408e+03
1.244368041736385521e+03
1.294427706072828869e+03
1.244368041736385521e+03
1.227666457803984031e+03
1.224080121003549493e+03
1.224080121003549493e+03
1.234891017536228901e+03
1.245701914068908081e+03
1.245701914068908081e+03
1.245701914068908081e+03
1.233532481952979651e+03
1.233532481952979651e+03
1.233532481952979651e+03
1.230665446708312857e+03
1.227798411463646062e+03
1.255044669899441487e+03
1.255044669899441487e+03
1.383113365512365135e+03
1.391731484488082287e+03
1.460570089466714080e+03
1.465845328938360126e+03
1.471120568410005944e+03
1.471120568410005944e+03
1.464755937596476315e+03
1.464755937596476315e+03
1.464482184262524697e+03
1.527829547001123046e+03
1.515561405649409153e+03
1.503293264297695259e+03
1.563230669161532433e+03
1.503293264297695259e+03
1.452220770415516199e+03
1.435818764778889090e+03
1.435818764778889090e+03
1.493060272452790741e+03
1.550301780126692620e+03
1.550585044878850113e+03
1.550301780126692620e+03
1.517334688563894815e+03
1.484703694586047277e+03
1.517334688563894815e+03
1.489160229141294167e+03
1.460985769718693291e+03
1.493290220887271062e+03
1.441489572990243914e+03
1.493290220887271062e+03
1.364057217268889190e+03
1.492710531296657109e+03
1.455082789733364734e+03
1.417455048170072359e+03
1.477166176936869533e+03
1.460654978304864017e+03
1.477166176936869533e+03
1.460654978304864017e+03
1.494678488662236759e+03
1.511712075486644153e+03
1.528745662311051774e+03
1.556155991827192111e+03
1.556326342565595269e+03
1.556496693303998427e+03
1.556496693303998427e+03
1.616998218573500480e+03
1.600503588369437011e+03
1.584008958165373542e+03
1.614178425151088049e+03
1.584008958165373542e+03
1.516823083892414843e+03
1.499960692889732400e+03
1.458202185723132288e+03
1.449431703001775077e+03
1.440661220280418092e+03
1.448013042445173596e+03
1.431010262899877034e+03
1.416774621308028600e+03
1.375676074092070394e+03
1.357228371400180094e+03
1.357228371400180094e+03
1.419548825377368303e+03
1.443116794714263506e+03
1.483739404053009366e+03
1.483739404053009366e+03
1.461832603323396825e+03
1.461832603323396825e+03
1.461832603323396825e+03
1.434549275392485697e+03
1.434549275392485697e+03
1.434549275392485697e+03
1.434549275392485697e+03
1.472854745606777669e+03
1.472869585327061031e+03
1.504775169200469236e+03
1.536680753073877440e+03
1.552623967597447972e+03
1.587774893776936779e+03
1.641717863585043688e+03
1.647347233280676392e+03
1.700615854347234972e+03
1.729786497641993037e+03
1.758957140936751102e+03
1.758957140936751102e+03
1.747527611265373253e+03
1.714449501145451904e+03
1.720847203811671989e+03
1.689830521469065388e+03
1.705338862640368689e+03
1.720847203811671989e+03
1.689830521469065388e+03
1.706510357202780369e+03
1.706510357202780369e+03
1.740031085135917920e+03
1.753386299520320335e+03
1.785293765357108441e+03
1.817201231193896319e+03
1.831266494305144761e+03
1.923674504314911928e+03
2.198324237100192022e+03
2.209058259885114694e+03
2.198324237100192022e+03
2.142254137608183555e+03
2.086184038116175088e+03
1.926733755317554369e+03
1.856503852724296848e+03
1.850466912084042406e+03
1.850466912084042406e+03
1.850466912084042406e+03
1.891400917423911551e+03
1.932334922763780696e+03
1.965688997375564895e+03
2.051413470815796700e+03
2.112782396159847849e+03
2.112782396159847849e+03
2.120244595143460174e+03
2.160958173875195826e+03
2.201671752606931477e+03
2.209860090821193808e+03
2.242531491159068082e+03
2.305656841695144522e+03
2.305656841695144522e+03
2.305656841695144522e+03
2.301366904879052527e+03
2.297076968062960987e+03
2.306932116519163174e+03
2.265768774620309614e+03
2.265768774620309614e+03
2.153306268294312758e+03
2.153306268294312758e+03
2.186737724248957875e+03
2.220169180203602991e+03
2.246991309150596862e+03
2.251186941345163177e+03
2.300554113956240144e+03
2.300554113956240144e+03
2.300554113956240144e+03
2.332890734462698674e+03
2.365227354969156750e+03
2.449924937322562528e+03
2.506746133924159494e+03
2.544566148139512279e+03
2.564505907343866966e+03
2.574051840929599166e+03
2.591348462314907010e+03
2.608645083700214400e+03
2.673236151842826985e+03
2.812952834800069013e+03
2.909654044117548892e+03
2.909654044117548892e+03
2.949802983106112151e+03
2.950510633007682372e+03
2.951218282909252594e+03
3.000880097712460156e+03
3.000880097712460156e+03
3.017053668417946938e+03
3.017053668417946938e+03
3.062827645433587804e+03
3.131428380458443826e+03
3.200029115483299393e+03
3.317904580144349893e+03
3.424611065950953162e+03
3.531152112287806176e+03
3.621920505848930134e+03
3.621920505848930134e+03
3.621920505848930134e+03
3.621920505848930134e+03
3.513861498340618255e+03
3.513851619792906149e+03
3.477740038261455993e+03
3.366584538150912977e+03
3.477740038261455993e+03
3.407499171160583501e+03
3.337258304059711463e+03
3.384011653737717097e+03
3.384011653737717097e+03
3.515439164296662511e+03
3.675593890195983931e+03
3.795917741417072193e+03
3.795917741417072193e+03
3.795917741417072193e+03
3.795917741417072193e+03
3.803935865757419833e+03
3.803935865757419833e+03
4.023623490666448106e+03
3.925349870435742105e+03
3.925349870435742105e+03
3.925349870435742105e+03
3.925349870435742105e+03
3.974473037377120818e+03
3.974473037377120818e+03
3.900303326016599840e+03
3.900303326016599840e+03
3.998835156907607598e+03
4.097366987798614900e+03
4.097366987798614900e+03
4.077457429886035243e+03
3.887931397562259917e+03
3.860068424126088757e+03
3.867754032941214973e+03
3.750873384561452440e+03
3.633992736181689907e+03
3.633992736181689907e+03
3.497654415406123462e+03
3.488011631784203473e+03
3.387781850337082233e+03
3.387781850337082233e+03
3.488185852679308482e+03
3.588589855021534277e+03
3.588589855021534277e+03
3.398163790606618932e+03
3.398163790606618932e+03
3.451297289599728174e+03
3.461899236554203526e+03
3.461899236554203526e+03
3.461899236554203526e+03
3.580390714700941317e+03
3.461343614686484216e+03
3.544349750152763136e+03
3.544349750152763136e+03
3.652369841504969827e+03
3.652369841504969827e+03
3.652369841504969827e+03
3.693759676689672688e+03
3.877793534319765968e+03
3.916140579468840770e+03
3.926517014700049003e+03
3.992066173158427318e+03
3.998716684092660671e+03
4.005367195026894024e+03
4.005367195026894024e+03
4.005367195026894024e+03
3.891232856043898209e+03
3.859650018274431204e+03
3.843374174504293023e+03
3.843374174504293023e+03
3.843374174504293023e+03
3.869904250793732899e+03
3.888447403234314152e+03
4.119507755919696137e+03
4.133088125467945247e+03
4.273366305892047421e+03
4.314826296215449474e+03
4.356286286538852437e+03
4.551000865783892550e+03
4.551000865783892550e+03
4.232718456857862293e+03
4.107331510809443898e+03
4.107331510809443898e+03
4.169835636805623835e+03
4.232339762801803772e+03
4.316117903319303878e+03
4.330795116466308173e+03
4.316117903319303878e+03
4.117791249067985518e+03
4.117791249067985518e+03
4.174233150752436813e+03
4.230675052436888109e+03
4.230675052436888109e+03
3.825085994042487982e+03
3.582077624232654671e+03
3.157595802208394161e+03
3.157595802208394161e+03
3.331021707038816203e+03
3.504447611869237790e+03
3.775417141718959101e+03
3.775417141718959101e+03
3.736595119615926251e+03
3.455292339909934526e+03
2.831808262313229989e+03
2.717052732738140548e+03
2.602297203163051108e+03
2.390651475258529899e+03
2.165264856669454275e+03
2.093417394273822993e+03
2.093417394273822993e+03
2.121142427716679776e+03
2.224638385734864642e+03
2.328134343753049961e+03
2.335274537993189824e+03
2.513117253768074534e+03
2.534023133714094456e+03
2.534023133714094456e+03
2.521334845264259911e+03
2.467804785043555057e+03
2.414274724822850658e+03
2.402921781427549377e+03
2.414274724822850658e+03
2.439765827779243409e+03
2.471164140022844549e+03
2.548242511273817854e+03
2.558670208603285573e+03
2.569097905932753292e+03
2.569097905932753292e+03
2.569097905932753292e+03
2.606120869648493226e+03
2.608951708124420293e+03
2.615546093141844267e+03
2.615546093141844267e+03
2.615546093141844267e+03
2.535501134551833729e+03
2.529351616726012253e+03
2.397845511187996181e+03
2.299184617267640988e+03
2.289480175438596689e+03
2.164623385063397109e+03
2.117264404419926905e+03
1.909102309430167224e+03
1.841841789144910308e+03
1.779313038827786158e+03
1.662351048261977667e+03
1.608795244538143379e+03
1.608795244538143379e+03
1.749267846655282483e+03
1.749267846655282483e+03
1.749267846655282483e+03
1.749267846655282483e+03
1.749267846655282483e+03
1.740867388314058871e+03
1.740867388314058871e+03
1.740867388314058871e+03
1.803012841741886405e+03
1.817744026164968318e+03
1.818633341525307969e+03
1.927150590117036472e+03
1.998140130741823896e+03
1.962645360429430184e+03
1.927150590117036472e+03
1.881840077640277286e+03
1.854461775434353058e+03
1.854461775434353058e+03
1.815566203630299015e+03
1.927053491524485253e+03
1.935805747712162656e+03
1.944558003899840060e+03
1.945877807695245110e+03
1.973024729097710406e+03
2.005683426639858453e+03
2.005683426639858453e+03
2.011721858149327545e+03
1.956949894793968269e+03
1.902177931438608994e+03
1.895917092493386463e+03
1.895917092493386463e+03
1.942654670239542384e+03
1.942654670239542384e+03
1.975782991496728073e+03
1.933813409253532882e+03
1.891843827010337918e+03
1.955812366524631898e+03
1.955631481517454858e+03
1.955812366524631898e+03
2.056678569760003029e+03
2.101017441001582938e+03
2.078848005380792983e+03
2.056678569760003029e+03
2.023527080870414011e+03
1.990626469265248488e+03
2.001070387751961562e+03
2.001070387751961562e+03
2.161210273421978400e+03
2.161210273421978400e+03
2.161210273421978400e+03
2.085621718046405931e+03
2.042953969518235908e+03
2.042953969518235908e+03
1.998173805791045652e+03
2.192950014233945694e+03
2.169539602232944617e+03
2.146129190231943539e+03
2.220639140549970307e+03
2.214542889413081411e+03
2.220639140549970307e+03
2.268566841305134858e+03
2.375367832571861982e+03
2.380054017315605961e+03
2.384740202059349940e+03
2.511491513482132177e+03
2.391737635063993821e+03
2.486867594477216699e+03
2.466781387985350193e+03
2.486867594477216699e+03
2.476824491231283446e+03
2.466781387985350193e+03
2.485143144847588701e+03
2.473537687630120217e+03
2.485143144847588701e+03
2.477723636057341082e+03
2.543876844740844263e+03
2.510800240399092672e+03
2.477723636057341082e+03
2.468137795183425624e+03
2.424718685658268441e+03
2.424718685658268441e+03
2.400624449169523814e+03
2.549006393824792667e+03
2.538873558169239914e+03
2.528740722513686705e+03
2.616808723028584609e+03
2.551378502775080506e+03
2.608846989943755489e+03
2.577939115597399450e+03
2.608846989943755489e+03
2.593393052770577469e+03
2.577939115597399450e+03
2.651946231217877084e+03
2.478903031869556798e+03
2.426977402243272991e+03
