1.789478725791163697e+03
1.789478725791163697e+03
1.893648509322218388e+03
1.893648509322218388e+03
1.893648509322218388e+03
2.000634819338723901e+03
2.026389082864732018e+03
2.038199447026158396e+03
2.050009811187585001e+03
2.089610938534264733e+03
2.120794820928649642e+03
2.181314518189584760e+03
2.291197131874536353e+03
2.368962020574262169e+03
2.368962020574262169e+03
2.368962020574262169e+03
2.392153590892990451e+03
2.415211362187304530e+03
2.451791206367727227e+03
2.504351818141034528e+03
2.554281578033455844e+03
2.520267092339118335e+03
2.520267092339118335e+03
2.388689920731368147e+03
2.388689920731368147e+03
2.388689920731368147e+03
2.388689920731368147e+03
2.388689920731368147e+03
1.730768788006942486e+03
1.730768788006942486e+03
1.730768788006942486e+03
1.730768788006942486e+03
1.730768788006942486e+03
1.730768788006942486e+03
1.686348681963697572e+03
1.684581750829135899e+03
1.682814819694574226e+03
1.618431299919603362e+03
1.605631989146302885e+03
1.605631989146302885e+03
1.598564996362066040e+03
1.600197928349966332e+03
1.600197928349966332e+03
1.600197928349966332e+03
1.666166458233832373e+03
1.669601609883530500e+03
1.689756030128527527e+03
1.689756030128527527e+03
1.691266030064567076e+03
1.688514142044220080e+03
1.685762254023873083e+03
1.672638122978138881e+03
1.670400083269875267e+03
1.670400083269875267e+03
1.712593033351432950e+03
1.727807593358014401e+03
1.729408515682615416e+03
1.731009438007216204e+03
1.784540679590142872e+03
1.784540679590142872e+03
1.803370406705066898e+03
1.770239224958666227e+03
1.713356864176907038e+03
1.692262620022147075e+03
1.671168375867386885e+03
1.631043059747233428e+03
1.609473197347555242e+03
1.562098544027414846e+03
1.550545073806202481e+03
1.492424400442515434e+03
1.486095920884925818e+03
1.479767441327335973e+03
1.454826229408397921e+03
1.446963322127958691e+03
1.397541987626728996e+03
1.384509757183256397e+03
1.301192104849308407e+03
1.278028380578189172e+03
1.254864656307069936e+03
1.239085719083716185e+03
1.192558174265349408e+03
1.192272531265406315e+03
1.186974154860252384e+03
1.152125779696282507e+03
1.152125779696282507e+03
1.152125779696282507e+03
1.173977370912998595e+03
1.217735710005010105e+03
1.248677342530383157e+03
1.248677342530383157e+03
1.182147978705146897e+03
1.182147978705146897e+03
1.182147978705146897e+03
1.165956898409265023e+03
1.165956898409265023e+03
1.125916535088626006e+03
1.095682677532121488e+03
1.035871027281554007e+03
1.035871027281554007e+03
1.035871027281554007e+03
1.035871027281554007e+03
1.026961273489966288e+03
1.016300032258331385e+03
1.013409585306775966e+03
9.692102389834319638e+02
9.366872163602338333e+02
9.041641937370355890e+02
8.636413077391948718e+02
8.636413077391948718e+02
8.932669648795575768e+02
9.115049337851036171e+02
9.115324969628469489e+02
9.254084955919886397e+02
9.392844942211304442e+02
9.392844942211304442e+02
9.067272924062048105e+02
8.805779026938350853e+02
8.364467059630776475e+02
8.221390655453716363e+02
7.867830693863425040e+02
7.514270732273133717e+02
7.048821579442197844e+02
6.932702091551512922e+02
6.751667663664832162e+02
6.751667663664832162e+02
6.333531030361378953e+02
6.333531030361378953e+02
6.333531030361378953e+02
6.982635666423570910e+02
7.369439084526208035e+02
8.838865133640134673e+02
9.859504594084075961e+02
1.007227774086694808e+03
1.033635220348608073e+03
1.060042666610521565e+03
1.207353694419322892e+03
1.263205555558569813e+03
1.263205555558569813e+03
1.189199726544740315e+03
1.109290554756519896e+03
1.062424829646944090e+03
1.015559104537368171e+03
9.956105070568423798e+02
9.698498577957087718e+02
9.527557906466821578e+02
9.426762881570275567e+02
9.360992948804022262e+02
9.216166398395669148e+02
9.071339847987316034e+02
8.694863205508673900e+02
8.324941555829909703e+02
7.914456911480282315e+02
7.914456911480282315e+02
8.018913501323160062e+02
8.255264171835415254e+02
8.491614842347670447e+02
8.591738938095049889e+02
8.897527323975755280e+02
9.941404010682038006e+02
1.095086101246362432e+03
1.095086101246362432e+03
1.093509823672970924e+03
1.091933546099579189e+03
1.031341891719662726e+03
1.018991583926711655e+03
1.018991583926711655e+03
1.018991583926711655e+03
1.017696257720505969e+03
9.561387439228317362e+02
8.945812301251573899e+02
8.094282055091911161e+02
7.771986164011747178e+02
7.685212226065300456e+02
7.531681057691671413e+02
7.221963020995257239e+02
7.221963020995257239e+02
7.221963020995257239e+02
7.654457065816023942e+02
8.528895321496974020e+02
8.901184638396024411e+02
8.901184638396024411e+02
9.429026638899124464e+02
9.447324641210868776e+02
9.465622643522611952e+02
1.020545965810131634e+03
1.032035082555342342e+03
1.038981640456221157e+03
1.032035082555342342e+03
1.092295787683678100e+03
1.112713599639310360e+03
1.133131411594942392e+03
1.345623521287986932e+03
1.509107138915057249e+03
1.540059268853578033e+03
1.540059268853578033e+03
1.621026132874090081e+03
1.605564034849594464e+03
1.590101936825098619e+03
1.621026132874090081e+03
1.759609456966917605e+03
1.759609456966917605e+03
1.507296935460964733e+03
1.258246737348705892e+03
1.258246737348705892e+03
1.258246737348705892e+03
1.267030519179258363e+03
1.382576600424696608e+03
1.532845550185769298e+03
1.630431869965900432e+03
1.674446686397856183e+03
1.794010123485225449e+03
1.913573560572594715e+03
2.006341465893764962e+03
2.197914164636837995e+03
2.197914164636837995e+03
2.119217491760523899e+03
1.611326734362471598e+03
1.592257600444738728e+03
1.573188466527005630e+03
1.549416909965630111e+03
1.477067457977200093e+03
1.418516430585434591e+03
1.354046956418641230e+03
1.291674059091930303e+03
1.291674059091930303e+03
1.291674059091930303e+03
1.370822098465717545e+03
1.511318241579241658e+03
1.610493462061400578e+03
1.639129356534907174e+03
1.650536597865072508e+03
1.644832977199989728e+03
1.639129356534907174e+03
1.614921382261010649e+03
1.614921382261010649e+03
1.772092529470806994e+03
1.816885910338670101e+03
1.913314699699491939e+03
2.016537936012947057e+03
2.119761172326402175e+03
2.646669271770258092e+03
2.889627993316386437e+03
3.090800768118986980e+03
3.251733721767252973e+03
3.251733721767252973e+03
3.082400022326114595e+03
2.913066322884976671e+03
2.540607091697958822e+03
2.314503136094710499e+03
2.054155622740100171e+03
1.845118910356708056e+03
1.615800464731905549e+03
1.512367491116638575e+03
1.408934517501371829e+03
1.408934517501371829e+03
1.420458812172781109e+03
1.486862285012255143e+03
1.486862285012255143e+03
1.422279586567140313e+03
1.422279586567140313e+03
1.422279586567140313e+03
1.470721803676634181e+03
1.497321770297356579e+03
1.516323162495147699e+03
1.516323162495147699e+03
1.474131791248934633e+03
1.412749374521665231e+03
1.287292946493725822e+03
1.287292946493725822e+03
1.089027435555431111e+03
1.071169816950102586e+03
1.089027435555431111e+03
1.114827784385341829e+03
1.162359422368126616e+03
1.162359422368126616e+03
8.805567544166138987e+02
8.805567544166138987e+02
8.741250000000000000e+02
8.741250000000000000e+02
7.991422256769546948e+02
7.991422256769546948e+02
7.991422256769546948e+02
8.612448017232918573e+02
8.821296287670195397e+02
1.041502800586411695e+03
1.041502800586411695e+03
1.041502800586411695e+03
1.098522307793376285e+03
1.155541815000340875e+03
1.378151870783106688e+03
1.378151870783106688e+03
1.374205085147802038e+03
1.291282176650963947e+03
1.193688623354220226e+03
1.185806659221372911e+03
1.177924695088525596e+03
1.177924695088525596e+03
1.177924695088525596e+03
1.183170116017960481e+03
1.183170116017960481e+03
1.111457141836881647e+03
1.111457141836881647e+03
1.111457141836881647e+03
1.121316126005585147e+03
1.129662813229745097e+03
1.121316126005585147e+03
1.082664040607016204e+03
1.060748090057495119e+03
1.060748090057495119e+03
1.060748090057495119e+03
1.060748090057495119e+03
1.058632279264146291e+03
1.025430444185339411e+03
9.435159793721444430e+02
9.435159793721444430e+02
9.452887214009372201e+02
9.470614634297299972e+02
9.998828639512372547e+02
1.000385295916372797e+03
1.012684173645298415e+03
1.012684173645298415e+03
1.012684173645298415e+03
1.027509254276135380e+03
1.042334334906972572e+03
1.074002899856257272e+03
1.093581960144416826e+03
1.103842868530798341e+03
1.103842868530798341e+03
1.100575284462254331e+03
1.100575284462254331e+03
1.100575284462254331e+03
1.129408999512223090e+03
1.133890451570557843e+03
1.137149895143264303e+03
1.137149895143264303e+03
1.137149895143264303e+03
1.141613140054832911e+03
1.146076384966401292e+03
1.177795940663833790e+03
1.255281105573921195e+03
1.266937444455903915e+03
1.445912788488000615e+03
1.456801684544903082e+03
1.532128190853933120e+03
1.607454697162963157e+03
1.644835705856685991e+03
1.722444027033355042e+03
1.776242792861753060e+03
1.903200641139767185e+03
1.994974774736874451e+03
2.052782264111026507e+03
2.110589753485178790e+03
2.110589753485178790e+03
2.074040456577032728e+03
1.969169862054034866e+03
1.900181522040267510e+03
1.877604900124897313e+03
1.840084938582549512e+03
1.802564977040201711e+03
1.692834112334775682e+03
1.613673816220750041e+03
1.613673816220750041e+03
1.723890121660493151e+03
1.723890121660493151e+03
1.723890121660493151e+03
1.708832634122281434e+03
1.708832634122281434e+03
1.687186598301477261e+03
1.687186598301477261e+03
1.798577918419309981e+03
1.863787923215017599e+03
1.895247865479424945e+03
1.926707807743832063e+03
1.963189564375119971e+03
2.003573003120988005e+03
2.031650182069718312e+03
2.055384274010578338e+03
2.138882315164228203e+03
2.150615519668090201e+03
2.162348724171952199e+03
2.304278669356745013e+03
2.304278669356745013e+03
2.307232133023700953e+03
2.307232133023700953e+03
2.382825237456072955e+03
2.382825237456072955e+03
2.382825237456072955e+03
2.382825237456072955e+03
2.348661172881070797e+03
2.390406080350629054e+03
2.472566622582668515e+03
2.539720513569252489e+03
2.544796451578543838e+03
2.549872389587835187e+03
2.549872389587835187e+03
2.534078003492365042e+03
2.534078003492365042e+03
2.714164641813656544e+03
2.903281927649310546e+03
2.929487124033137661e+03
2.955692320416964776e+03
3.104545487533477171e+03
2.955692320416964776e+03
2.948898385862889882e+03
2.948898385862889882e+03
2.948898385862889882e+03
3.064920254533609750e+03
2.713446485215544271e+03
2.713446485215544271e+03
2.639520190659296532e+03
2.237872712270114789e+03
2.237872712270114789e+03
2.237872712270114789e+03
1.894998846684563887e+03
1.894998846684563887e+03
1.681005349526377358e+03
1.590600042715418567e+03
1.590082574007013363e+03
1.590082574007013363e+03
1.653850992783014590e+03
1.716696654416168485e+03
1.779542316049322380e+03
1.781920801164414343e+03
1.781920801164414343e+03
1.809457391051321565e+03
1.819886824301119987e+03
2.030422954756483932e+03
2.030422954756483932e+03
2.030422954756483932e+03
1.954397077585599163e+03
1.904424144719004062e+03
1.954397077585599163e+03
2.423107550131930566e+03
2.664044778207613945e+03
2.664044778207613945e+03
2.664044778207613945e+03
2.720323865198855401e+03
2.630952179030923162e+03
2.470088460702739212e+03
2.441192376929868260e+03
2.268907095234269946e+03
2.231501433498175629e+03
2.194095771762081313e+03
2.194095771762081313e+03
2.256531365123706109e+03
2.346479313908148470e+03
2.646959763395636401e+03
2.646959763395636401e+03
2.599841655408408769e+03
2.552723547421180683e+03
2.290174392881921904e+03
2.152232827279216053e+03
1.811733658500868387e+03
1.666672920590182457e+03
1.590353401503264649e+03
1.529070275847743233e+03
1.467787150192222043e+03
1.429638078477196586e+03
1.429638078477196586e+03
1.525292077616293682e+03
1.561049650248872922e+03
1.582729445235373078e+03
1.646126549518981847e+03
1.709523653802590388e+03
1.727316912315418449e+03
1.727316912315418449e+03
1.595899688780976931e+03
1.550051641865951524e+03
1.469744097699009444e+03
1.466837913358612695e+03
1.463931729018216174e+03
1.463931729018216174e+03
1.468616775388622500e+03
1.486340405881963534e+03
1.525725973836345702e+03
1.525725973836345702e+03
1.455909092456855205e+03
1.386092211077364709e+03
1.379063666464483504e+03
1.386092211077364709e+03
1.409422862944849385e+03
1.553791205253901353e+03
1.553791205253901353e+03
1.495840135515647034e+03
1.437889065777392943e+03
1.231014863493062194e+03
1.153554046335929570e+03
1.153554046335929570e+03
1.188107817187430783e+03
1.301924449665679276e+03
1.322567108519174781e+03
1.343209767372670512e+03
1.347952283219724904e+03
1.347952283219724904e+03
1.399947962195522905e+03
1.399947962195522905e+03
1.396811664283536174e+03
1.374892672848760185e+03
1.352973681413984195e+03
1.352973681413984195e+03
1.383397289560443596e+03
1.392656840881278640e+03
1.413804721605898294e+03
1.538349404392966107e+03
1.707110100230325315e+03
1.875870796067684751e+03
2.178607490005898853e+03
2.349629113080488423e+03
2.349629113080488423e+03
2.270658408955113828e+03
2.163214770858492102e+03
2.041787070043802942e+03
1.920359369229114009e+03
1.813168963895728893e+03
1.611078142287540913e+03
1.405093723175692958e+03
1.288963427889120794e+03
1.179985598856191700e+03
1.142171061640749940e+03
1.104356524425308407e+03
1.090987749111804078e+03
9.914529164392960183e+02
9.621985190918104536e+02
9.126382550377084044e+02
8.155688398753870842e+02
8.155688398753870842e+02
8.155688398753870842e+02
8.899106981821968247e+02
1.061383071995629052e+03
1.140970355012495702e+03
1.140970355012495702e+03
1.031062097955215449e+03
9.918127900024009023e+02
9.525634820495863551e+02
9.047704994948447847e+02
8.423497042238785752e+02
8.414999276505067201e+02
7.875392082018853444e+02
7.142859769878454017e+02
7.115978890858375507e+02
7.089098011838295861e+02
7.089098011838295861e+02
7.843459408632641043e+02
7.843459408632641043e+02
7.582018612364823866e+02
7.582018612364823866e+02
7.848124538076089038e+02
8.114230463787354211e+02
1.064283627353284601e+03
1.064283627353284601e+03
1.012098814997991781e+03
1.008793430753726057e+03
1.008793430753726057e+03
1.086662793919909063e+03
1.164532157086091956e+03
1.196582278839432092e+03
1.196582278839432092e+03
1.125694137817643195e+03
1.028017819941067273e+03
7.788248268889242354e+02
7.361008782523747414e+02
6.933769296158253610e+02
6.933769296158253610e+02
7.151146920836694107e+02
7.425212149188572539e+02
7.151146920836694107e+02
6.099628542290519135e+02
6.063605946101060908e+02
6.027583349911603818e+02
5.951113955748677427e+02
5.764968519415295987e+02
5.705278707767093920e+02
5.397436001221902870e+02
5.705278707767093920e+02
6.117838429493733656e+02
6.530398151220374530e+02
8.069269792955733465e+02
8.392126243907656544e+02
9.696878758494675594e+02
9.696878758494675594e+02
1.009925570958856838e+03
1.009925570958856838e+03
1.009925570958856838e+03
1.131724001440785287e+03
1.257049781520315491e+03
1.257049781520315491e+03
1.235743291264728896e+03
1.189401239884847428e+03
1.189401239884847428e+03
1.189401239884847428e+03
1.198439685727887309e+03
1.198439685727887309e+03
1.203378765238632695e+03
1.234779752817404415e+03
1.234779752817404415e+03
1.374236894583286585e+03
1.374236894583286585e+03
1.398660486267102897e+03
1.486617199062704913e+03
1.601896795879052206e+03
1.601896795879052206e+03
1.279890432372063060e+03
1.279890432372063060e+03
1.279890432372063060e+03
1.394389345312956493e+03
1.521624661616653384e+03
1.597979577253535581e+03
1.699317330911919953e+03
1.720245249876207708e+03
1.765918926124999871e+03
1.811592602373792033e+03
2.106095567189669055e+03
2.296537386474016785e+03
2.396457994120009971e+03
2.596206361360306346e+03
2.826037094445227012e+03
2.871731744345403968e+03
2.917426394245581378e+03
2.917426394245581378e+03
2.498420072825792886e+03
2.475249887111504449e+03
2.205397974620562763e+03
2.165291335740072100e+03
1.997401189000058366e+03
1.706202840498252499e+03
1.584248088283777633e+03
1.525138789281753589e+03
1.525138789281753589e+03
1.103036487897564484e+03
8.859977400943715793e+02
8.859977400943715793e+02
8.859977400943715793e+02
8.859977400943715793e+02
1.102093481596223228e+03
1.102093481596223228e+03
1.102093481596223228e+03
1.094498957730690108e+03
1.094498957730690108e+03
1.094498957730690108e+03
1.209091231087959159e+03
1.209091231087959159e+03
1.234097016289769499e+03
1.203149253805491981e+03
1.132235651623445619e+03
1.132235651623445619e+03
1.132235651623445619e+03
1.167336310618276912e+03
1.255596943778379909e+03
1.278582159469772705e+03
1.295217115275077504e+03
1.295217115275077504e+03
1.336012673598781475e+03
1.376808231922485675e+03
1.425146635926478439e+03
1.475645691945905355e+03
1.475645691945905355e+03
1.522316498687476724e+03
1.550510346946125537e+03
1.550510346946125537e+03
1.550510346946125537e+03
1.631171269557843516e+03
1.698061216441227771e+03
1.698061216441227771e+03
1.665966233053760561e+03
1.665966233053760561e+03
1.709561136480252799e+03
1.753156039906745036e+03
2.058248472800232776e+03
2.125329694220114561e+03
2.272225878890177682e+03
2.411313207736649929e+03
2.411313207736649929e+03
2.313829172354945513e+03
2.216345136973241551e+03
1.938150260935522965e+03
1.759049021295290459e+03
1.743734795898135417e+03
1.714297804962729970e+03
1.711755632533976723e+03
1.711755632533976723e+03
1.711755632533976723e+03
1.864588255348325674e+03
1.936965818293122311e+03
1.936965818293122311e+03
1.923266345756073633e+03
1.714498414948296386e+03
1.662526517221846916e+03
1.610554619495397674e+03
1.557808657799211915e+03
1.557808657799211915e+03
1.607490477815799977e+03
1.607490477815799977e+03
1.607490477815799977e+03
1.608053949774064904e+03
1.608617421732329831e+03
1.608617421732329831e+03
1.599726211125347163e+03
1.599726211125347163e+03
1.599726211125347163e+03
1.601833433143583989e+03
1.601833433143583989e+03
1.601833433143583989e+03
1.616440765695553637e+03
1.616440765695553637e+03
1.548003542474223423e+03
1.538086897353187396e+03
1.548003542474223423e+03
1.568675454954180395e+03
1.589347367434137368e+03
1.592014525036642908e+03
1.786617511788392903e+03
1.824394091452297062e+03
1.864084363791438818e+03
1.864084363791438818e+03
1.847913680727008341e+03
1.831742997662578091e+03
1.831742997662578091e+03
1.817736362018110412e+03
1.827059879852639142e+03
1.817736362018110412e+03
1.778841389912147406e+03
1.759089961251399927e+03
1.739338532590652221e+03
1.746499457257322774e+03
1.739338532590652221e+03
1.612303156111646786e+03
1.516608279520049791e+03
1.485792525100104513e+03
1.478460516852823503e+03
1.471128508605542493e+03
1.478460516852823503e+03
1.485792525100104513e+03
1.854852195026440313e+03
1.854852195026440313e+03
1.882500209125766332e+03
1.884521800318979558e+03
1.886543391512192784e+03
1.960962754537348019e+03
1.983523024322615129e+03
1.985090805309885582e+03
1.985090805309885582e+03
1.978597439050035518e+03
1.978597439050035518e+03
1.978597439050035518e+03
2.108962902242453310e+03
2.111367395603465411e+03
2.162165437292198476e+03
2.162165437292198476e+03
2.184379611767661572e+03
2.178667524853498890e+03
2.172955437939336207e+03
2.211132362308394477e+03
2.172955437939336207e+03
2.213685360751368080e+03
2.163476151321350699e+03
2.213685360751368080e+03
2.186439737158148091e+03
2.186439737158148091e+03
2.047881947492010340e+03
1.967928739048262969e+03
1.932708485855270510e+03
1.911549704425776326e+03
1.911549704425776326e+03
1.841598741110054334e+03
1.841598741110054334e+03
1.841598741110054334e+03
1.589140875158950394e+03
1.589140875158950394e+03
1.552705763417726985e+03
1.589140875158950394e+03
1.599663615010381363e+03
1.610186354861812561e+03
1.610186354861812561e+03
1.607940402853354499e+03
1.607940402853354499e+03
1.619952812640533693e+03
1.619952812640533693e+03
1.634851583384630885e+03
1.649750354128728304e+03
1.634239046734443946e+03
1.634239046734443946e+03
1.621899597932154620e+03
1.608045786818829129e+03
1.564306800644331815e+03
1.561909070015228508e+03
1.559511339386125201e+03
1.507683067020879889e+03
1.466074000730017588e+03
1.466074000730017588e+03
1.466074000730017588e+03
1.486664559103772490e+03
1.505931420754336159e+03
1.525198282404900056e+03
1.525198282404900056e+03
1.521432042525726729e+03
1.521432042525726729e+03
1.528579918704964484e+03
1.543051760934235517e+03
1.545079209826008764e+03
1.547106658717782011e+03
1.553131846969092976e+03
1.553131846969092976e+03
1.571533862122003711e+03
1.566016757525155072e+03
1.583628106846713536e+03
1.574822432185934304e+03
1.566016757525155072e+03
1.486152277735677444e+03
1.466261530581093666e+03
1.402107140121442399e+03
1.374629896247314491e+03
1.320413670552492704e+03
1.320413670552492704e+03
1.320413670552492704e+03
1.323663696582906368e+03
1.323663696582906368e+03
1.299703222202789448e+03
1.223475784290057845e+03
1.169662722780308741e+03
1.168423755531915731e+03
1.167184788283522721e+03
1.167184788283522721e+03
1.187339899804806691e+03
1.215540794652869181e+03
1.215540794652869181e+03
1.136251236609996340e+03
1.117043557099112377e+03
1.097835877588228414e+03
1.085346616182696835e+03
1.061709645230725073e+03
1.061709645230725073e+03
1.064236126593070367e+03
1.086950614061887791e+03
1.086950614061887791e+03
1.086950614061887791e+03
1.099672113956971998e+03
1.099672113956971998e+03
1.096391538788985599e+03
1.044780349090760183e+03
9.053143037541811964e+02
9.053143037541811964e+02
9.053143037541811964e+02
8.996416848169826608e+02
8.776034763869715789e+02
8.776034763869715789e+02
8.959694032299964874e+02
1.018871783283091190e+03
1.056596808407184199e+03
1.094321833531276980e+03
1.220358106042023792e+03
1.228074337448228107e+03
1.263818197947889757e+03
1.263818197947889757e+03
1.182880064904458322e+03
1.099988054767661197e+03
1.017096044630863958e+03
9.982924397015076465e+02
9.982924397015076465e+02
9.991897139793431961e+02
9.991897139793431961e+02
9.485552741851763585e+02
9.305057765584617755e+02
9.124562789317471925e+02
8.882800948050522720e+02
8.429361492022286484e+02
8.119323164203871102e+02
7.678544748882201247e+02
7.197087115938975330e+02
7.197087115938975330e+02
7.197087115938975330e+02
8.707318189491755902e+02
1.111324891633339575e+03
1.111324891633339575e+03
1.090202239656004622e+03
9.599286383664640425e+02
9.599286383664640425e+02
9.599286383664640425e+02
1.012682882903102154e+03
1.241222174555449556e+03
1.484223737190963902e+03
1.484223737190963902e+03
1.362307674765491129e+03
1.318189843422486774e+03
1.274072012079482420e+03
1.268959542380671110e+03
1.158912324392734490e+03
1.060058340505054503e+03
1.000974867451597220e+03
1.000974867451597220e+03
1.008186812721595743e+03
1.015398757991594380e+03
1.047877013944164901e+03
1.158134512343476445e+03
1.200446770769881141e+03
1.200446770769881141e+03
1.081725977044353613e+03
1.068878027564481272e+03
1.056030078084608931e+03
1.035035590677225400e+03
1.035035590677225400e+03
1.044031688694331706e+03
1.044031688694331706e+03
9.800401715523228177e+02
9.769815286313993283e+02
9.739228857104758390e+02
9.684071538940115715e+02
9.684071538940115715e+02
9.617209214937423667e+02
9.309999704469504422e+02
8.125899531721051972e+02
8.081477705107475913e+02
8.037055878493899854e+02
8.125899531721051972e+02
8.944653944606355935e+02
9.122525515972475887e+02
9.122525515972475887e+02
8.588728756940192852e+02
8.547048882664005305e+02
8.505369008387816621e+02
8.588728756940192852e+02
9.347967134361385888e+02
9.393902613208973662e+02
9.347967134361385888e+02
8.068722526712339231e+02
8.068722526712339231e+02
8.068722526712339231e+02
8.084707650396248937e+02
8.148185425733444163e+02
8.467899155605749684e+02
8.467899155605749684e+02
8.528843122513017079e+02
8.528843122513017079e+02
8.528843122513017079e+02
9.572172345533967928e+02
9.921909829471766216e+02
9.921909829471766216e+02
9.963730786322770427e+02
1.064389697556648798e+03
1.190657424565425345e+03
1.316925151574201891e+03
1.464466381924770758e+03
1.698243950476983173e+03
2.090036171667410599e+03
2.090036171667410599e+03
1.996641066854884002e+03
1.960878556697696467e+03
1.925116046540508933e+03
1.925116046540508933e+03
1.925116046540508933e+03
1.762610002026915708e+03
1.439902058396491839e+03
1.065652501407470709e+03
9.739750434364385683e+02
8.822975854654064278e+02
8.255872266590134814e+02
7.863169535773000689e+02
7.863169535773000689e+02
8.351404289473433664e+02
8.852305063421661089e+02
9.443857870883173291e+02
1.003541067834468436e+03
1.304537086897804556e+03
1.304537086897804556e+03
1.168185676453720362e+03
1.102748880114658505e+03
9.955934679692663849e+02
9.955934679692663849e+02
9.955934679692663849e+02
1.049360065232650641e+03
1.088328473188814087e+03
1.131887733044265815e+03
1.121556828274817008e+03
1.131887733044265815e+03
1.354926564788326687e+03
1.387045157004388557e+03
1.387045157004388557e+03
1.439159514063482447e+03
1.439159514063482447e+03
1.428839784888503118e+03
1.333863094809998302e+03
1.321485901147600316e+03
1.321485901147600316e+03
1.321485901147600316e+03
1.230572480855346612e+03
1.230572480855346612e+03
1.230572480855346612e+03
1.230572480855346612e+03
1.392504495063988088e+03
1.392504495063988088e+03
1.542724019607493801e+03
1.894924964514952080e+03
1.894924964514952080e+03
1.870832670213148731e+03
1.870832670213148731e+03
1.853932811869659190e+03
1.837032953526169649e+03
1.837032953526169649e+03
1.750211336345746986e+03
1.710737251680614008e+03
1.479918176747324878e+03
1.244150069913887137e+03
1.143194186558405136e+03
1.042238303202923134e+03
1.042238303202923134e+03
1.156856332338446464e+03
1.177932546134147287e+03
1.177932546134147287e+03
1.177932546134147287e+03
1.205577464909413266e+03
1.233222383684679244e+03
1.435005507503781246e+03
1.443307097047334082e+03
1.620235578854553296e+03
1.732766394514023204e+03
1.732766394514023204e+03
1.721316425001795324e+03
1.709866455489567215e+03
1.709866455489567215e+03
1.737862847443608189e+03
1.737862847443608189e+03
1.647408365321984320e+03
1.540790218333944040e+03
1.505358294157511864e+03
1.469926369981079688e+03
1.407117340942761530e+03
1.311785153730503907e+03
1.250888634723607993e+03
1.158309722994817093e+03
1.080491822852639416e+03
1.080491822852639416e+03
1.080491822852639416e+03
1.117790514619503256e+03
1.147496347968380633e+03
1.147496347968380633e+03
1.083298301319965049e+03
1.071831520494067263e+03
1.069096901191322559e+03
1.066362281888578082e+03
1.016823434377444755e+03
1.016823434377444755e+03
1.049910050718500088e+03
1.049910050718500088e+03
1.049910050718500088e+03
1.086058383493756992e+03
1.122206716269013896e+03
1.137436526100616902e+03
1.144476323888267189e+03
1.144476323888267189e+03
1.144476323888267189e+03
1.158667557726796758e+03
1.147379621816521421e+03
1.136091685906246084e+03
1.136091685906246084e+03
1.136091685906246084e+03
1.169352545351424851e+03
1.181948621110648901e+03
1.187639329673325392e+03
1.187639329673325392e+03
1.187639329673325392e+03
1.170870456906082836e+03
1.119061733704038716e+03
1.119061733704038716e+03
1.103993360342683673e+03
1.128338703018844626e+03
1.162667580530651094e+03
1.196996458042457562e+03
1.212273965423175696e+03
1.375628773836931259e+03
1.406182449905827298e+03
1.501141410862821203e+03
1.521488874687829139e+03
1.592203590852127945e+03
1.662918307016426979e+03
1.693406283232883425e+03
1.693406283232883425e+03
1.659851707529376426e+03
1.579811937797707969e+03
1.588493281448493690e+03
1.584152609623100943e+03
1.579811937797707969e+03
1.559826784529580891e+03
1.521974504193477514e+03
1.559826784529580891e+03
1.589513410204273441e+03
1.619367399194806012e+03
1.604440404699539613e+03
1.589513410204273441e+03
1.633801010358637313e+03
1.598884954308815168e+03
1.633973752904192906e+03
1.787450465587327017e+03
1.819529721656052061e+03
1.854798967965000884e+03
1.890068214273949707e+03
1.923401013607624691e+03
1.906734613940787312e+03
1.890068214273949707e+03
1.797439707612815710e+03
1.797439707612815710e+03
1.884017723554678014e+03
1.970595739496540318e+03
2.107791541325979779e+03
2.390890035938011806e+03
2.394171305777985708e+03
2.477441445035268771e+03
2.541827566842341639e+03
2.570972772728770906e+03
2.600117978615200627e+03
2.765745524597076837e+03
2.765745524597076837e+03
2.581232922524557580e+03
2.581232922524557580e+03
2.581232922524557580e+03
2.589762090629781596e+03
2.651482711141348318e+03
2.765858827894960086e+03
2.651482711141348318e+03
2.598341425861084645e+03
2.393248620102256154e+03
2.393248620102256154e+03
2.113334401685513058e+03
2.113334401685513058e+03
2.113334401685513058e+03
2.113334401685513058e+03
1.999161772370626977e+03
1.999161772370626977e+03
2.078318370458612208e+03
2.192676141268564152e+03
2.307033912078516096e+03
2.442198380102621741e+03
2.442198380102621741e+03
2.347789182530163998e+03
2.287315102383728117e+03
2.256074376598849994e+03
2.208466187920780158e+03
2.160857999242710321e+03
2.115385003774969391e+03
2.051530934047856135e+03
2.045149810061459902e+03
2.045149810061459902e+03
2.207659230985292197e+03
2.288715153584631480e+03
2.369771076183971218e+03
2.369771076183971218e+03
2.315905867621726884e+03
2.315905867621726884e+03
2.451621010580568054e+03
2.583957647751762579e+03
2.583957647751762579e+03
2.583957647751762579e+03
2.609379805215869055e+03
2.609379805215869055e+03
2.749573392598913870e+03
2.749573392598913870e+03
2.548309018742590979e+03
2.536912599797605708e+03
2.525516180852620437e+03
2.548309018742590979e+03
2.513968799996949201e+03
2.497776934219245049e+03
2.337950653795328890e+03
2.217564031753666313e+03
2.155595396791110034e+03
2.093626761828554208e+03
1.951842360091756746e+03
1.850514280551666388e+03
1.850514280551666388e+03
1.947230273197164024e+03
2.039638797596332097e+03
2.045866122184372443e+03
2.052093446772412790e+03
2.052093446772412790e+03
1.914900675293032918e+03
1.841998861085522321e+03
1.814080571601127986e+03
1.803313475498678372e+03
1.727711468243469199e+03
1.652109460988260025e+03
1.558963798330975123e+03
1.473990462907650453e+03
1.473632536252568343e+03
1.435644296070059227e+03
1.403411447817097041e+03
1.393256553222756111e+03
1.383101658628415180e+03
1.364308362841187090e+03
1.364308362841187090e+03
1.369575728063238103e+03
1.369575728063238103e+03
1.341289817569115712e+03
1.338272954624495924e+03
1.335256091679875908e+03
1.331160640216456386e+03
1.255874142088432109e+03
1.225606543713318615e+03
1.211419436903778433e+03
1.168796056794531751e+03
1.167215073478411341e+03
1.165634090162290931e+03
1.165634090162290931e+03
1.217062612058194190e+03
1.249170545044216169e+03
1.249170545044216169e+03
1.141577235514189169e+03
1.101298749450727428e+03
1.061020263387265913e+03
1.061020263387265913e+03
1.072011390212741617e+03
1.110028956829234403e+03
1.189053713455423804e+03
1.189053713455423804e+03
1.164791546897195758e+03
1.140529380338967712e+03
1.091818363570508154e+03
1.035132858230855391e+03
9.786108580795620355e+02
9.425120212064640555e+02
8.147494056168203542e+02
7.967429051581679005e+02
7.787364046995154467e+02
7.787364046995154467e+02
7.930959496288626269e+02
8.959401384238020682e+02
9.165472150569544283e+02
9.578148320827522184e+02
9.927678153735405431e+02
1.027720798664328868e+03
1.061978455745805832e+03
1.175430385419566846e+03
1.293261577622596860e+03
1.293261577622596860e+03
1.282793951341330512e+03
1.282793951341330512e+03
1.282793951341330512e+03
1.310804240359155528e+03
1.375359921148431567e+03
1.502213243434669494e+03
1.562862167555866108e+03
1.562862167555866108e+03
1.503353909687050418e+03
1.443845651818234728e+03
1.365126676833167267e+03
1.318387316261411115e+03
1.288065082523987257e+03
1.253869183636073785e+03
1.143486652615499679e+03
1.114110174074977749e+03
1.084733695534455592e+03
1.079911778711030820e+03
1.070781603252696414e+03
1.070781603252696414e+03
1.010210568854257190e+03
9.037496837333975463e+02
9.037496837333975463e+02
9.037496837333975463e+02
9.208356013049796047e+02
9.251945681068100384e+02
9.932693351755261801e+02
1.018243419244865208e+03
1.018243419244865208e+03
1.013615235420825229e+03
1.008987051596785250e+03
1.008987051596785250e+03
1.163002780134270097e+03
1.201285892133972766e+03
1.201285892133972766e+03
1.071472603148491089e+03
1.071472603148491089e+03
1.071472603148491089e+03
1.081263485510764895e+03
1.096965234650239609e+03
1.096965234650239609e+03
1.055959534466500827e+03
1.048277316214282564e+03
1.044637789751577202e+03
1.040998263288871840e+03
1.048277316214282564e+03
1.135070626075884320e+03
1.323532631612407613e+03
1.472817596363237499e+03
1.509715540266133303e+03
1.509715540266133303e+03
1.509715540266133303e+03
1.468527446292453988e+03
1.336916533967990972e+03
1.198844268546477679e+03
1.139631516135598304e+03
9.317472511936664432e+02
9.317472511936664432e+02
9.317472511936664432e+02
1.083837842199145371e+03
1.264059780694194387e+03
1.304329300948230866e+03
1.304329300948230866e+03
1.112914083761286747e+03
1.112914083761286747e+03
1.112914083761286747e+03
1.130607560056595503e+03
1.165956199719521692e+03
1.165956199719521692e+03
1.166078329241979418e+03
1.175989951585161407e+03
1.357482219412303493e+03
1.538974487239445580e+03
1.750104689358105816e+03
1.801607649636636779e+03
1.801607649636636779e+03
1.801607649636636779e+03
1.583067501901835840e+03
1.583067501901835840e+03
1.583067501901835840e+03
1.729515084178310190e+03
1.909349650863912302e+03
2.388924678611209856e+03
2.665846897878676373e+03
2.785224371030692055e+03
2.861198366350799915e+03
2.937172361670907776e+03
3.620457373901313531e+03
3.620457373901313531e+03
3.478888335032133000e+03
3.478888335032133000e+03
3.478888335032133000e+03
3.416012504182476732e+03
3.353136673332820010e+03
3.136615200759241361e+03
2.634870857317980153e+03
2.588167385587035824e+03
2.588167385587035824e+03
2.570105215704422790e+03
2.570105215704422790e+03
2.570105215704422790e+03
2.239079909258187854e+03
1.968774699525794404e+03
1.879300245931308837e+03
1.579544032860940433e+03
1.132033279938911164e+03
1.132033279938911164e+03
1.132033279938911164e+03
1.444237193607730887e+03
1.846646030693036892e+03
2.019414273031771927e+03
2.021284072223209250e+03
2.162776065853890032e+03
2.470771064876636046e+03
2.778766063899382061e+03
2.778766063899382061e+03
2.389801299565720910e+03
2.389801299565720910e+03
2.569757914068596165e+03
2.600779821033510416e+03
2.642954154066241244e+03
2.685128487098972073e+03
2.730901880200539836e+03
2.750784177817681211e+03
2.750784177817681211e+03
2.618646338039816783e+03
2.618646338039816783e+03
2.687309999999999945e+03
2.702738100234078956e+03
2.702738100234078956e+03
2.691269897588399999e+03
2.691081028600105583e+03
2.563712030553362183e+03
2.506800956021736511e+03
2.298913518635502442e+03
2.232744619395576137e+03
1.908769974775852688e+03
1.238215367647058883e+03
1.238215367647058883e+03
1.183131516620805087e+03
1.183131516620805087e+03
1.159990015266367664e+03
1.136848513911930468e+03
1.136848513911930468e+03
1.136848513911930468e+03
1.135968205396360190e+03
1.072130495269152107e+03
9.743275176606261994e+02
9.735273741317026861e+02
9.727272306027791728e+02
9.743275176606261994e+02
9.985250524269414427e+02
1.043771807373349702e+03
1.046917916431151525e+03
1.057360081412593217e+03
1.153804810516145153e+03
1.250249539619697089e+03
1.311248052142563438e+03
1.311248052142563438e+03
1.222798365531194577e+03
1.180586848740448431e+03
1.180586848740448431e+03
1.227776995349991466e+03
1.274967141959534729e+03
1.303187576315018305e+03
1.303187576315018305e+03
1.251688204941928461e+03
1.229114021668833402e+03
1.229114021668833402e+03
1.229636746170564038e+03
1.230159470672294901e+03
1.240273889598935511e+03
1.343344864459645351e+03
1.366359842764096811e+03
1.366359842764096811e+03
1.343889348644263919e+03
1.343889348644263919e+03
1.343889348644263919e+03
1.371825494233351037e+03
1.398828005908323121e+03
1.398828005908323121e+03
1.384934543961083136e+03
1.244558417368503569e+03
1.244558417368503569e+03
1.244558417368503569e+03
1.231984125767842897e+03
1.213408920087286106e+03
1.171731996866031523e+03
1.156048661199049775e+03
1.171731996866031523e+03
1.229090610303654557e+03
1.286449223741277365e+03
1.484816918124448875e+03
1.484816918124448875e+03
1.451401718783123897e+03
1.432484220884108481e+03
1.432484220884108481e+03
1.455834522337261205e+03
1.479184823790413930e+03
1.517805799276878815e+03
1.589963363859667652e+03
1.610896575314492566e+03
1.662071001301071647e+03
1.691311456112322730e+03
1.772952663051003810e+03
1.854593869989684890e+03
1.854593869989684890e+03
1.761302737348486289e+03
1.696770877978098042e+03
1.696770877978098042e+03
1.727205040374817600e+03
1.787056586625420778e+03
1.846908132876023956e+03
1.846908132876023956e+03
1.828620466695155983e+03
1.828620466695155983e+03
1.875031151489190734e+03
1.927617464084385574e+03
1.956256208695971736e+03
1.984894953307557898e+03
2.043807647273488783e+03
2.043807647273488783e+03
2.034354818439044038e+03
2.034354818439044038e+03
2.038332035177681973e+03
2.074360023422430459e+03
2.110388011667179399e+03
2.127448629525462820e+03
2.127448629525462820e+03
1.904191153255546396e+03
