7.318627938628430911e+02
7.318627938628430911e+02
8.230365345480067845e+02
8.230365345480067845e+02
7.910369949152416211e+02
7.732151445455772318e+02
7.607466165392856965e+02
7.509794749078396308e+02
7.412123332763936787e+02
7.399984942465430322e+02
7.399984942465430322e+02
7.437521601335927244e+02
7.526243258890273182e+02
7.526243258890273182e+02
7.526243258890273182e+02
7.526243258890273182e+02
7.920678922206780044e+02
7.920678922206780044e+02
7.832436089687250842e+02
7.832436089687250842e+02
7.866332297552968384e+02
7.866332297552968384e+02
7.643255488210946851e+02
7.643255488210946851e+02
7.643255488210946851e+02
7.643255488210946851e+02
7.643255488210946851e+02
7.643255488210946851e+02
8.337781484156640772e+02
8.337781484156640772e+02
8.337781484156640772e+02
8.337781484156640772e+02
8.422790573822836677e+02
8.422790573822836677e+02
8.313598557338126511e+02
8.308355327566008555e+02
8.303112097793890598e+02
8.202892296265916912e+02
8.078600544058432433e+02
7.945204230951412683e+02
7.945204230951412683e+02
8.103674150541728523e+02
8.103674150541728523e+02
8.103674150541728523e+02
7.666273667069601743e+02
7.666273667069601743e+02
7.778428432138347262e+02
7.948846027543854689e+02
7.948846027543854689e+02
7.954506176736842917e+02
7.960166325929830009e+02
7.903534098969564639e+02
7.960166325929830009e+02
7.903534098969564639e+02
7.892033873352124829e+02
7.819714675973119711e+02
7.788227505990098507e+02
7.756740336007077303e+02
7.756740336007077303e+02
7.756740336007077303e+02
7.788986359032868450e+02
7.892789897527363792e+02
7.892789897527363792e+02
7.604291962375855292e+02
7.315794027224347928e+02
7.284307697113088125e+02
7.156303523144634937e+02
7.133508170253362550e+02
7.133508170253362550e+02
7.147655479608081350e+02
7.147655479608081350e+02
7.147655479608081350e+02
7.060620869360536744e+02
6.938777013831764862e+02
7.060620869360536744e+02
7.079835100995310313e+02
7.215615448898814748e+02
7.147725274947063099e+02
7.079835100995310313e+02
6.649933270609810734e+02
6.398536998040059416e+02
6.216764534970172917e+02
6.216764534970172917e+02
6.725790998182092153e+02
6.725790998182092153e+02
6.725790998182092153e+02
6.206737843212432608e+02
6.206737843212432608e+02
6.575353647190298716e+02
6.753186343413661916e+02
6.575353647190298716e+02
6.459008873932048118e+02
6.342664100673798657e+02
5.821056478793410633e+02
5.401973309806539874e+02
5.401973309806539874e+02
5.525308180800343507e+02
5.525308180800343507e+02
5.152180576243669066e+02
4.779052971686994624e+02
4.705725420260368992e+02
4.505908672358557965e+02
4.505908672358557965e+02
4.613794917148578065e+02
4.741160617523052565e+02
4.822455881001859552e+02
4.903751144480666539e+02
4.903751144480666539e+02
4.760965637992145503e+02
4.607219464708555847e+02
4.607219464708555847e+02
4.771679652642703218e+02
4.850176785917530538e+02
4.928673919192357857e+02
4.928673919192357857e+02
4.928673919192357857e+02
4.726012811774829174e+02
4.697222240559016200e+02
4.392549676355018846e+02
4.245248031531481843e+02
4.097946386707944839e+02
3.814946584012838002e+02
3.814946584012838002e+02
3.723201650576365864e+02
3.723201650576365864e+02
3.560898999606664574e+02
3.560898999606664574e+02
3.560898999606664574e+02
3.560898999606664574e+02
3.442792911998257637e+02
3.442792911998257637e+02
3.091650257868212748e+02
3.091650257868212748e+02
3.196608019649444259e+02
3.301565781430675202e+02
3.301565781430675202e+02
2.902212089049413066e+02
2.902212089049413066e+02
2.970287603664344260e+02
3.159948581257120850e+02
3.267055701133841694e+02
3.374162821010563107e+02
3.374162821010563107e+02
3.209230689791546070e+02
2.989890567705330113e+02
2.807534234925159922e+02
2.755460034285319466e+02
2.755460034285319466e+02
2.755460034285319466e+02
2.755460034285319466e+02
2.692266000937530066e+02
2.764734018276967049e+02
2.867386527770382258e+02
2.932036288567567794e+02
3.373888363899095566e+02
3.815740439230623338e+02
4.010142861729518131e+02
4.207193182899886779e+02
4.207193182899886779e+02
3.421938976727961972e+02
3.139831427370706933e+02
3.139831427370706933e+02
3.139831427370706933e+02
3.211518184421639717e+02
3.211518184421639717e+02
3.156924639823953385e+02
3.156924639823953385e+02
3.180782062868823914e+02
3.193160244992078560e+02
3.205538427115332638e+02
3.254431216289358986e+02
3.307546792899141224e+02
3.254431216289358986e+02
3.214288726148980118e+02
3.214288726148980118e+02
3.438245041959322634e+02
3.662201357769664583e+02
3.662201357769664583e+02
3.203224965378997240e+02
3.076473704801130111e+02
3.076473704801130111e+02
3.323981369337014371e+02
3.654709674103634143e+02
3.985437978870253914e+02
4.135337247111609713e+02
4.135337247111609713e+02
3.580742977464130377e+02
3.580742977464130377e+02
4.066814367394637202e+02
4.256036454307626968e+02
4.445258541220616735e+02
4.604592582240331922e+02
5.575106472772765756e+02
5.575106472772765756e+02
5.575106472772765756e+02
6.381632964663500616e+02
6.470834200849144509e+02
6.560035437034789538e+02
6.607187419694754453e+02
6.607187419694754453e+02
6.860288889701441803e+02
7.681147253045331809e+02
1.030068271254329375e+03
1.030068271254329375e+03
1.030068271254329375e+03
9.471364901723092089e+02
8.176309490036774150e+02
8.176309490036774150e+02
8.176309490036774150e+02
8.919764594715524026e+02
8.919764594715524026e+02
8.919764594715524026e+02
8.919764594715524026e+02
8.670089542715123798e+02
8.705882349744917974e+02
8.705882349744917974e+02
8.816916597272489753e+02
8.816916597272489753e+02
8.816916597272489753e+02
9.016896356313011438e+02
9.171238730713544101e+02
1.041523716567724932e+03
1.069527044493926496e+03
1.133593827025121527e+03
1.101560435759523898e+03
1.069527044493926496e+03
1.050079921847295964e+03
1.050079921847295964e+03
1.022813063952247830e+03
1.068337931752571194e+03
1.094876872116097502e+03
1.094876872116097502e+03
1.094876872116097502e+03
1.017497984025929213e+03
9.328910711331187713e+02
9.328910711331187713e+02
1.025998386245225447e+03
1.061177711168184032e+03
1.084178962248419793e+03
1.107180213328655782e+03
1.165033677671455507e+03
1.200311275933010620e+03
1.257940175645472209e+03
1.272485396749180836e+03
1.272849229884760234e+03
1.272849229884760234e+03
1.272849229884760234e+03
1.246701246631232152e+03
1.237331857105743893e+03
1.197385369545268077e+03
1.115444022237206354e+03
1.115444022237206354e+03
1.144662609600597762e+03
1.173881196963989169e+03
1.173881196963989169e+03
1.140137677402048894e+03
1.036955531010283039e+03
1.026311326845295525e+03
1.026311326845295525e+03
1.010057414235517854e+03
9.938035016257401821e+02
9.938035016257401821e+02
9.876071622954324312e+02
9.637778558079371578e+02
9.555665105831827759e+02
9.637778558079371578e+02
9.555665105831827759e+02
9.433542116040446217e+02
9.040025630765179585e+02
9.040025630765179585e+02
9.197582722890393825e+02
9.197582722890393825e+02
9.266420625405671672e+02
9.801189752552128311e+02
1.137322386009594766e+03
1.137322386009594766e+03
1.137322386009594766e+03
1.137322386009594766e+03
1.023409117484456829e+03
1.023409117484456829e+03
8.939955298371334038e+02
7.645819421898099790e+02
5.748048682574204804e+02
5.313999402117765385e+02
4.461137616276096196e+02
3.643033949287519135e+02
3.589869194674377013e+02
3.501122349080568483e+02
3.412375503486760522e+02
3.311557104216544190e+02
3.187363693773683053e+02
3.187363693773683053e+02
3.277158247606885766e+02
3.277158247606885766e+02
3.250000705330746769e+02
3.222843163054607203e+02
3.116443786069624480e+02
3.116443786069624480e+02
3.143239334948716532e+02
3.143239334948716532e+02
3.143239334948716532e+02
3.183111631924388121e+02
3.222983928900059141e+02
3.292076789674288761e+02
3.372701521273658045e+02
3.579900308022258741e+02
3.829694900726696574e+02
3.829694900726696574e+02
3.582762636881577691e+02
3.335830373036458809e+02
3.335830373036458809e+02
3.414986985002317397e+02
3.452418998246956221e+02
4.273459186720624530e+02
4.273459186720624530e+02
4.078099360369308215e+02
3.882739534017991332e+02
3.702272353964050922e+02
3.702272353964050922e+02
4.006873399519186023e+02
4.380531633763034165e+02
4.380531633763034165e+02
4.261275219829843763e+02
4.142018805896653930e+02
4.086835553093621911e+02
4.086835553093621911e+02
4.492412315010797101e+02
4.804777045622402056e+02
4.804777045622402056e+02
4.475847480359071824e+02
4.146917915095742160e+02
3.803069614180552094e+02
3.803069614180552094e+02
4.378151616941902944e+02
4.378151616941902944e+02
4.362656956757521698e+02
4.338312189537802510e+02
4.313967422318083322e+02
4.313967422318083322e+02
4.314888532407445609e+02
4.479752584151717087e+02
4.479752584151717087e+02
4.479752584151717087e+02
4.492581703855967135e+02
4.505410823560216613e+02
4.505410823560216613e+02
4.585171371222612038e+02
5.081160454061568998e+02
5.675264207060266699e+02
5.675264207060266699e+02
5.579638596630461507e+02
5.484012986200656314e+02
5.119302933921524073e+02
4.988361430042854749e+02
4.988361430042854749e+02
5.029965308199804213e+02
5.029965308199804213e+02
5.029965308199804213e+02
5.029965308199804213e+02
5.107800355170264197e+02
5.116507271350009773e+02
5.116507271350009773e+02
5.116507271350009773e+02
5.317794324882969477e+02
5.317794324882969477e+02
5.403456204590278276e+02
5.403456204590278276e+02
5.317794324882969477e+02
4.914023992237674179e+02
4.860462840282248749e+02
4.810311816095817221e+02
4.810311816095817221e+02
4.810311816095817221e+02
5.020789071541660178e+02
5.173196736093576646e+02
5.290162044123619580e+02
6.627853805151388542e+02
6.627853805151388542e+02
5.894408684253010051e+02
5.160963563354630423e+02
5.160963563354630423e+02
5.148111605852440107e+02
5.070011170590772736e+02
5.070011170590772736e+02
5.025145349626234861e+02
5.049595793600755087e+02
5.074046237575275882e+02
5.074046237575275882e+02
5.097647557806006944e+02
5.227528733513229326e+02
6.790291925212885644e+02
6.790291925212885644e+02
6.790291925212885644e+02
6.790291925212885644e+02
7.115345646470984775e+02
7.618289341404287143e+02
8.182923316839013523e+02
8.202349439449448028e+02
8.897965426789123740e+02
8.897965426789123740e+02
8.948509692038453522e+02
8.729195743685136222e+02
8.729195743685136222e+02
8.190262281692217812e+02
7.811918948509999154e+02
8.190262281692217812e+02
7.811918948509999154e+02
7.010374248482880830e+02
7.010374248482880830e+02
7.602760710413102743e+02
7.602760710413102743e+02
7.602760710413102743e+02
7.602760710413102743e+02
5.578766339489636721e+02
5.578766339489636721e+02
5.578766339489636721e+02
5.623044562845423116e+02
5.797471072659110405e+02
6.080577014564124738e+02
6.207630903139223619e+02
6.207630903139223619e+02
6.207630903139223619e+02
6.178613045698424457e+02
6.139602445418501020e+02
6.178613045698424457e+02
6.348386545712002089e+02
6.423543838725453270e+02
6.423543838725453270e+02
6.423543838725453270e+02
6.251511273982184775e+02
6.224611053083674506e+02
6.099747618969422547e+02
6.099747618969422547e+02
6.180005387752297565e+02
6.180005387752297565e+02
6.180005387752297565e+02
5.432962833820233755e+02
5.301543987162739313e+02
5.301543987162739313e+02
5.997282459104256986e+02
6.286087680901653130e+02
6.322746051110867711e+02
6.359404421320082292e+02
6.321514367176910127e+02
6.359404421320082292e+02
6.321514367176910127e+02
6.594011492324729033e+02
6.594011492324729033e+02
6.594011492324729033e+02
6.594011492324729033e+02
6.463154714132435856e+02
6.217355403210567601e+02
6.049227611322044140e+02
6.049227611322044140e+02
6.525346960487768229e+02
6.525346960487768229e+02
6.525346960487768229e+02
5.840949196951377189e+02
5.840949196951377189e+02
6.011128591536275962e+02
6.127401357030765894e+02
6.127401357030765894e+02
6.123230692050642574e+02
6.119060027070518117e+02
5.703665448005186818e+02
5.487321534180349545e+02
5.487321534180349545e+02
5.632707054760048777e+02
5.829200457887278617e+02
5.829200457887278617e+02
5.829200457887278617e+02
5.829200457887278617e+02
5.740020911398448789e+02
5.863541409890522118e+02
5.914295187142120085e+02
5.914295187142120085e+02
5.763543036321796080e+02
5.612790885501472076e+02
5.310586990529892546e+02
5.310586990529892546e+02
5.310586990529892546e+02
5.591274946606073399e+02
5.224351020392500686e+02
5.224351020392500686e+02
5.224351020392500686e+02
4.778480980409618155e+02
4.758341048798457109e+02
4.758341048798457109e+02
5.152132499563105057e+02
5.152132499563105057e+02
5.077821802975196874e+02
5.003511106387288692e+02
4.979629717710204204e+02
4.446828429639652995e+02
4.446828429639652995e+02
4.492220453564676177e+02
4.639870593320770240e+02
4.639870593320770240e+02
4.639870593320770240e+02
4.079820829572236676e+02
4.032345206578614238e+02
3.626653630116489353e+02
3.563566679309335541e+02
3.345045523896259851e+02
3.345045523896259851e+02
3.345045523896259851e+02
3.156562933025156212e+02
3.057265759102134552e+02
3.156562933025156212e+02
3.539665797339509936e+02
3.714248373700545471e+02
3.714248373700545471e+02
3.714248373700545471e+02
3.518778626157323970e+02
3.370073430725583421e+02
3.167779342333164436e+02
3.124731040160185671e+02
2.972824121417409060e+02
2.972824121417409060e+02
2.972824121417409060e+02
2.751916780202684549e+02
2.719935985033802126e+02
2.570309926350651040e+02
2.570309926350651040e+02
2.796195670610778734e+02
2.880445185798606644e+02
2.964694700986435123e+02
2.985534845086732503e+02
3.066501388255291545e+02
3.419623199157917384e+02
3.570302029466014346e+02
3.570302029466014346e+02
3.523284909366838633e+02
3.476267789267662920e+02
3.319573762579257732e+02
3.319573762579257732e+02
3.453324755070144079e+02
3.484300883580843902e+02
3.950359283558067318e+02
4.069572331893597266e+02
4.188785380229127782e+02
4.655543864424222420e+02
4.655543864424222420e+02
4.088923082037019299e+02
3.725119478416361858e+02
3.725119478416361858e+02
3.933901371702440315e+02
4.142683264988518772e+02
4.142683264988518772e+02
3.976471250821979311e+02
3.976471250821979311e+02
3.979992611468882728e+02
5.225708487766763710e+02
5.306781681416075571e+02
5.387854875065386295e+02
5.561816184829957592e+02
6.123935443993632362e+02
6.123935443993632362e+02
6.123935443993632362e+02
6.021159181630951025e+02
6.021159181630951025e+02
6.021159181630951025e+02
5.882385729020858207e+02
5.882385729020858207e+02
6.128125061400786535e+02
6.596654644947971065e+02
7.362339873891455682e+02
7.362339873891455682e+02
7.362339873891455682e+02
7.362339873891455682e+02
8.166752451721814623e+02
8.642917642157573255e+02
9.172289745270347794e+02
9.172289745270347794e+02
9.083346992286694785e+02
8.994404239303040640e+02
8.994404239303040640e+02
8.888092517093455172e+02
8.228649582059769045e+02
8.228649582059769045e+02
8.228649582059769045e+02
8.217402816749254271e+02
8.206156051438738359e+02
8.206156051438738359e+02
8.682664174536836299e+02
8.682664174536836299e+02
8.682664174536836299e+02
9.702492938861668108e+02
9.780345332733161285e+02
9.858197726604654463e+02
1.033640195542892798e+03
1.108739249795169144e+03
1.140909355944544814e+03
1.309090747511140989e+03
1.309090747511140989e+03
1.320017324428749134e+03
1.320017324428749134e+03
1.320017324428749134e+03
1.333677170898190980e+03
1.487546644000485003e+03
1.754929068135136504e+03
1.754929068135136504e+03
1.531200417221090675e+03
1.307471766307044845e+03
1.212161523283966289e+03
1.059244733989779888e+03
1.011849499441813236e+03
1.011849499441813236e+03
1.011849499441813236e+03
9.538214393019788986e+02
8.957933791621445607e+02
8.607709292844670017e+02
8.607709292844670017e+02
8.350651817569963669e+02
8.110369084750498132e+02
8.350651817569963669e+02
8.458885771748496154e+02
8.567119725927029776e+02
8.567119725927029776e+02
8.567119725927029776e+02
8.515559799999647339e+02
8.011480105297313230e+02
8.011480105297313230e+02
7.722812590694526307e+02
7.218291567843994017e+02
7.218291567843994017e+02
7.304272930856656103e+02
7.308722550078708764e+02
7.308722550078708764e+02
9.067549354484707465e+02
9.067549354484707465e+02
9.067549354484707465e+02
9.067549354484707465e+02
6.477240178733925404e+02
6.477240178733925404e+02
5.140126824472724820e+02
5.087571896881231055e+02
5.028960501698469443e+02
4.970349106515707831e+02
4.829105142672588045e+02
4.654163663156185748e+02
4.654163663156185748e+02
5.339227067744550368e+02
5.339227067744550368e+02
5.026001849744160381e+02
4.712776631743769826e+02
4.176939378683320001e+02
4.150214170416045931e+02
4.139011835021332217e+02
4.110684666736618738e+02
4.110684666736618738e+02
4.270737852554108258e+02
4.430791038371597210e+02
4.531759741071468852e+02
4.837147106183416554e+02
5.068122304762911199e+02
4.837147106183416554e+02
4.515078429488299889e+02
4.479776167472870725e+02
4.444473905457441560e+02
4.228800961892039254e+02
4.228800961892039254e+02
4.383991566412070142e+02
4.471194790414773479e+02
4.504860483184327791e+02
4.534343949980295747e+02
4.563827416776264272e+02
4.599222408013120003e+02
4.599222408013120003e+02
4.630693377719454134e+02
4.597012116982724592e+02
4.630693377719454134e+02
4.596552791917721947e+02
4.562412206115989761e+02
4.562412206115989761e+02
4.562412206115989761e+02
5.128875898250969385e+02
5.128875898250969385e+02
4.955796620647785176e+02
4.761528547556160902e+02
4.567260474464536060e+02
4.396175324653186749e+02
4.396175324653186749e+02
4.694836089497293869e+02
4.694836089497293869e+02
4.673213144624633060e+02
4.267244854737207902e+02
3.861276564849782744e+02
3.861276564849782744e+02
4.174507772937569143e+02
4.607823483189167177e+02
4.607823483189167177e+02
4.207400011641109927e+02
4.156147721059030005e+02
4.104895430476950082e+02
3.604022829879378946e+02
3.604022829879378946e+02
3.911877564556447737e+02
4.605403110294660678e+02
4.605403110294660678e+02
4.285268790275976016e+02
3.965134470257291355e+02
3.965134470257291355e+02
3.955148836239554839e+02
4.139251201003700089e+02
4.004637467534067810e+02
4.762783494977642249e+02
4.679729924074337646e+02
4.596676353171033043e+02
4.740207472861563360e+02
4.596676353171033043e+02
4.219149376854279012e+02
3.847743625024633047e+02
3.708612188146934159e+02
3.582928589986801171e+02
3.457244991826668183e+02
3.708612188146934159e+02
3.396070886008449747e+02
3.396070886008449747e+02
3.396070886008449747e+02
3.198150513724752386e+02
3.198150513724752386e+02
3.198150513724752386e+02
3.189371082272376157e+02
3.189371082272376157e+02
3.192289117921864658e+02
3.281884630143068193e+02
4.378408344536948107e+02
4.378408344536948107e+02
4.378408344536948107e+02
4.010362700672431515e+02
3.642317056807914923e+02
3.376709847742878878e+02
3.376709847742878878e+02
3.251589796614006787e+02
3.238589149027958456e+02
3.225588501441910694e+02
3.121593800075193599e+02
3.098376949898787416e+02
3.098376949898787416e+02
3.098376949898787416e+02
3.036366411732295205e+02
3.078061691163115938e+02
3.119756970593937240e+02
3.241707207428531774e+02
3.241707207428531774e+02
3.153610317269664165e+02
3.153610317269664165e+02
2.974964430736180816e+02
2.974964430736180816e+02
2.974964430736180816e+02
2.974964430736180816e+02
2.922459382131183361e+02
2.980554257708029695e+02
2.980554257708029695e+02
2.980554257708029695e+02
3.092754013578637000e+02
3.041450444363653105e+02
3.041450444363653105e+02
2.951426408191684914e+02
2.951426408191684914e+02
3.069160700106833133e+02
3.776598801823980125e+02
5.261575973171843543e+02
5.261575973171843543e+02
5.261575973171843543e+02
3.796077943894982809e+02
3.796077943894982809e+02
3.482639644140674022e+02
3.347126418420720597e+02
3.347126418420720597e+02
3.347126418420720597e+02
3.281107411052761904e+02
3.161655861218242194e+02
3.150426367023221701e+02
2.994818212815495144e+02
2.910667772379367761e+02
2.910667772379367761e+02
2.910667772379367761e+02
2.910667772379367761e+02
2.869799217340785731e+02
2.804860771731682689e+02
2.799500375515046926e+02
2.773166514303929944e+02
2.753666539024363260e+02
2.734166563744796576e+02
2.734166563744796576e+02
2.789196582200416401e+02
2.789196582200416401e+02
2.929818232422046549e+02
2.754833067625302760e+02
2.733476775472080362e+02
2.712120483318858533e+02
2.672670755839295111e+02
2.712120483318858533e+02
2.672670755839295111e+02
2.719845309259178521e+02
2.725620108925876934e+02
2.756741917519614162e+02
2.787863726113350822e+02
2.787863726113350822e+02
2.829476321097100140e+02
2.833398348887496354e+02
2.833398348887496354e+02
2.833398348887496354e+02
2.806636107655466503e+02
2.779873866423436652e+02
2.702987911174548117e+02
2.722051835284024719e+02
2.722051835284024719e+02
2.815761095930943725e+02
2.962127538789382015e+02
2.962127538789382015e+02
2.962127538789382015e+02
2.908561493583143829e+02
2.866254384034641021e+02
2.821732230630177582e+02
2.821732230630177582e+02
3.038914980031278787e+02
3.038914980031278787e+02
3.038914980031278787e+02
2.968924343033169180e+02
2.766577209977368170e+02
2.712920621544321307e+02
2.766577209977368170e+02
2.848633205874178316e+02
2.848633205874178316e+02
2.848633205874178316e+02
2.848633205874178316e+02
2.960188594548396850e+02
2.960188594548396850e+02
3.018589403284774448e+02
3.048169700363769152e+02
3.048169700363769152e+02
3.048169700363769152e+02
2.861275245377981378e+02
2.861275245377981378e+02
3.113010338005438484e+02
3.323978449560819399e+02
3.323978449560819399e+02
3.131105274426109872e+02
2.938232099291400914e+02
2.837122119417524573e+02
2.723743378028257212e+02
2.711036258395425307e+02
2.711036258395425307e+02
2.799992034838883797e+02
2.807598127219097250e+02
2.815204219599310704e+02
2.799992034838883797e+02
2.663831171527220931e+02
2.663831171527220931e+02
3.066541933745895108e+02
3.066541933745895108e+02
3.146277493940240220e+02
3.226013054134585332e+02
3.056304632069548006e+02
3.226013054134585332e+02
3.307782211913195169e+02
3.307924153711643385e+02
3.307924153711643385e+02
3.168726166307800440e+02
3.029528178903956928e+02
3.029528178903956928e+02
3.186718742409855167e+02
3.229630132338352269e+02
3.229630132338352269e+02
3.534129154652460443e+02
3.534129154652460443e+02
3.534129154652460443e+02
3.167503563869369714e+02
3.167503563869369714e+02
3.129432944657236817e+02
3.129432944657236817e+02
3.129432944657236817e+02
3.416815240561543305e+02
3.704197536465849794e+02
3.704197536465849794e+02
3.702378351733559043e+02
3.702378351733559043e+02
3.833096534671507243e+02
4.044964181356303925e+02
4.211534716180499345e+02
4.378105251004694196e+02
4.197931534734036063e+02
4.293389225117592218e+02
4.293389225117592218e+02
4.527387364232817504e+02
4.574409249188323088e+02
4.739077547239218120e+02
4.903745845290113721e+02
4.775203615856128181e+02
4.775203615856128181e+02
4.543866519636384851e+02
4.543866519636384851e+02
4.609510581810025087e+02
4.876637903043532560e+02
5.143765224277040033e+02
5.143765224277040033e+02
4.659304422686740850e+02
4.654965811904892803e+02
4.654965811904892803e+02
4.613048187120468242e+02
4.613048187120468242e+02
4.613048187120468242e+02
4.873237729685474164e+02
5.314981209544447438e+02
5.553533568301580772e+02
5.631984090695144687e+02
5.631984090695144687e+02
5.486586436602638059e+02
5.341188782510132569e+02
4.885624768902479786e+02
4.732674988484232017e+02
4.732674988484232017e+02
5.063711376270518372e+02
5.409308181983569739e+02
5.409308181983569739e+02
5.409308181983569739e+02
5.366625307911876916e+02
5.366625307911876916e+02
6.075385453331653025e+02
6.135963844427412823e+02
6.075385453331653025e+02
5.514510027948091420e+02
4.953634602564529814e+02
4.953634602564529814e+02
4.784512471920583039e+02
4.176899025211827166e+02
4.045112560423843320e+02
4.045112560423843320e+02
3.933848013123858891e+02
3.822583465823874462e+02
3.822583465823874462e+02
3.822583465823874462e+02
4.088482530291444164e+02
4.192295519131075139e+02
4.420392182839038924e+02
4.487110518807399444e+02
4.553828854775759964e+02
4.433281239406052237e+02
4.553828854775759964e+02
5.059408756854195985e+02
5.962765012059403489e+02
5.962765012059403489e+02
5.624878965191965108e+02
5.286992918324527864e+02
5.286992918324527864e+02
5.282970829801646460e+02
5.623812413556328238e+02
5.623812413556328238e+02
6.028951491838922720e+02
6.028951491838922720e+02
6.028951491838922720e+02
4.629020476822856267e+02
4.629020476822856267e+02
4.773797287800775280e+02
5.011886724284730121e+02
5.403138332485348201e+02
5.403138332485348201e+02
5.403138332485348201e+02
4.862991937841860590e+02
4.862991937841860590e+02
4.880071740503241244e+02
5.081599744675272063e+02
5.209230657684263406e+02
5.509494900943977882e+02
5.809759144203693495e+02
5.907079291723216556e+02
6.291501232888288087e+02
6.291501232888288087e+02
6.207135159621840330e+02
6.207135159621840330e+02
7.070400295780621036e+02
8.278847437611398163e+02
8.278847437611398163e+02
9.556567231172698484e+02
9.556567231172698484e+02
8.558947111403346071e+02
8.558947111403346071e+02
9.717007024871278418e+02
9.938905636148551821e+02
9.717007024871278418e+02
9.702734936391285601e+02
8.837927243703031763e+02
8.837927243703031763e+02
8.837927243703031763e+02
9.702734936391285601e+02
9.702734936391285601e+02
9.923022338382368162e+02
1.126375631003116496e+03
1.126375631003116496e+03
1.126375631003116496e+03
1.218761279830632930e+03
1.218761279830632930e+03
1.218761279830632930e+03
1.218218679749241801e+03
1.177845103297806418e+03
1.183907550821861605e+03
1.183907550821861605e+03
1.276323966176073554e+03
1.354367602609036112e+03
1.432411239041998897e+03
1.504522395578862415e+03
1.549928182593496103e+03
1.549928182593496103e+03
1.388844125910890625e+03
1.114428074080519082e+03
1.113678597536515099e+03
1.112929120992511116e+03
9.871952974174281508e+02
9.871952974174281508e+02
1.015520977763444421e+03
1.015520977763444421e+03
1.021632465703242360e+03
1.050737187155700894e+03
1.079841908608159429e+03
1.126316558430996110e+03
1.126316558430996110e+03
1.070401515169932054e+03
9.884025647744856542e+02
9.545823293804600098e+02
9.274704440580258051e+02
9.003585587355916005e+02
8.895242743988459324e+02
8.730835586089194749e+02
8.191370354366713400e+02
8.074385907866674188e+02
7.727951777860854463e+02
7.625076701320656412e+02
7.522201624780459497e+02
7.495756249717865103e+02
7.395451743369631004e+02
7.365589708307342107e+02
7.290878299577574353e+02
7.064606739507244129e+02
6.958566129345034597e+02
6.852525519182825064e+02
6.792132282608700962e+02
6.618775059965390710e+02
6.618775059965390710e+02
6.859368864592447608e+02
6.878283403488984504e+02
6.936022089422942827e+02
6.993760775356902286e+02
6.878283403488984504e+02
7.139713909008854671e+02
7.329199418115352955e+02
7.807657371240239854e+02
7.807657371240239854e+02
7.802542039140087127e+02
7.797426707039933262e+02
7.609647072261549283e+02
7.609647072261549283e+02
7.856510843695764379e+02
7.965388280403343515e+02
7.965388280403343515e+02
7.748447894280732271e+02
7.531507508158119890e+02
6.916602681833977613e+02
6.916602681833977613e+02
7.299574116356237710e+02
7.671975739006740014e+02
7.671975739006740014e+02
7.670864298347082695e+02
7.669752857687424239e+02
7.551097313954845731e+02
7.551097313954845731e+02
7.722816254328115519e+02
8.161960122939325402e+02
8.161960122939325402e+02
8.064185827922306089e+02
7.966411532905286776e+02
7.774888469680871594e+02
7.774888469680871594e+02
7.774888469680871594e+02
8.314030767811404985e+02
8.314030767811404985e+02
7.956746693151885665e+02
7.599462618492367483e+02
7.599462618492367483e+02
7.820331679324615379e+02
7.916152960477085117e+02
7.820331679324615379e+02
7.310328053768769223e+02
7.206886350195800333e+02
7.103444646622831442e+02
7.057123725509578662e+02
6.867594555072053026e+02
6.867594555072053026e+02
7.771145603963327630e+02
7.867095060663820050e+02
8.067611157429121249e+02
8.268127254194422449e+02
8.432440948653094210e+02
8.350284101423758329e+02
8.268127254194422449e+02
8.268678040199698671e+02
8.166430927008213985e+02
8.217554483603955759e+02
8.268678040199698671e+02
8.045777169763946404e+02
7.748425292370203579e+02
7.734931910691652774e+02
7.696439062792114782e+02
7.652067465246885831e+02
7.289639571473517208e+02
7.289639571473517208e+02
7.351492845607955360e+02
7.374950447406683907e+02
7.521364538915473759e+02
7.380851300924044835e+02
7.380851300924044835e+02
7.380851300924044835e+02
7.315093603451510944e+02
7.409742167299657467e+02
7.409742167299657467e+02
7.409742167299657467e+02
6.567050773301814388e+02
6.567050773301814388e+02
6.567050773301814388e+02
6.567050773301814388e+02
7.159924895976741936e+02
7.729333826101891418e+02
7.952883984839576215e+02
8.086558746793585897e+02
8.086558746793585897e+02
8.055408239897797102e+02
8.024257733002009445e+02
8.024257733002009445e+02
8.024257733002009445e+02
7.835127805444557225e+02
7.835127805444557225e+02
7.686676465059415477e+02
7.695536075957090816e+02
7.704395686854765017e+02
7.704395686854765017e+02
7.855920999650401200e+02
7.855920999650401200e+02
7.898878177282032311e+02
8.009936213723174205e+02
8.091865291285567992e+02
8.173794368847961778e+02
8.173794368847961778e+02
8.334625619762335873e+02
8.045680617813666231e+02
8.366486969981384618e+02
8.039882836941986852e+02
8.063444850452422088e+02
8.087006863962858461e+02
8.087006863962858461e+02
8.087006863962858461e+02
8.045336869152646386e+02
8.018351203070046722e+02
8.025523682594736101e+02
8.025523682594736101e+02
8.025523682594736101e+02
8.107819224795830451e+02
8.107819224795830451e+02
7.901167179492173318e+02
7.901167179492173318e+02
7.722223125640754233e+02
7.865352063535858633e+02
8.008481001430964170e+02
7.665067626588457870e+02
7.665067626588457870e+02
7.665067626588457870e+02
7.677216931145406988e+02
7.731375533688474206e+02
7.731375533688474206e+02
7.731375533688474206e+02
7.731375533688474206e+02
7.674179598501341388e+02
7.742216457607419215e+02
7.880488813877406074e+02
7.880488813877406074e+02
7.853268134016411750e+02
7.826047454155416290e+02
7.712069722076582821e+02
7.826047454155416290e+02
7.397056092988393630e+02
7.899050403263443059e+02
7.632918066580815548e+02
7.632918066580815548e+02
7.632918066580815548e+02
7.454083546658571322e+02
7.454083546658571322e+02
7.421133836781793889e+02
7.461247997270472752e+02
7.426495512611796812e+02
7.426495512611796812e+02
7.426495512611796812e+02
7.234838039588410084e+02
7.215168502025180715e+02
6.964379303118444113e+02
7.215168502025180715e+02
7.204970349370363465e+02
7.281285982412208568e+02
7.357601615454053672e+02
7.314085148969479633e+02
7.357601615454053672e+02
7.686203050736455680e+02
7.752189573319202509e+02
8.336946529776357693e+02
8.392236476763563360e+02
8.447526423750769027e+02
8.395695565052365055e+02
8.447526423750769027e+02
8.452488779852830021e+02
8.653725554570278291e+02
9.148528593257324246e+02
9.169471561654868310e+02
9.190414530052412374e+02
9.605171659027942042e+02
9.679967456423428303e+02
9.679967456423428303e+02
9.495151214441242473e+02
9.495151214441242473e+02
9.438865509575081205e+02
9.382579804708919937e+02
9.063332704187107538e+02
8.905474669448452687e+02
8.905474669448452687e+02
8.774043527876833650e+02
8.774043527876833650e+02
8.638018010433402196e+02
8.501992492989970742e+02
8.501992492989970742e+02
8.569256050365339661e+02
8.569256050365339661e+02
8.260431584198278188e+02
7.717030358221513779e+02
7.717030358221513779e+02
7.717030358221513779e+02
7.729084784579499683e+02
7.995874141034248623e+02
8.186397257967803398e+02
8.285078582976556163e+02
8.285078582976556163e+02
8.338794024183882811e+02
8.392509465391209460e+02
8.392509465391209460e+02
8.392509465391209460e+02
8.330130924303565507e+02
7.722662403056749554e+02
6.837911236670701101e+02
6.636119341472050337e+02
6.434327446273399573e+02
6.289661415680120626e+02
5.147501277971956597e+02
4.921512755660681364e+02
4.712664620390909818e+02
4.921512755660681364e+02
5.407899176676367006e+02
5.894285597692052079e+02
6.363991156591687286e+02
6.363991156591687286e+02
6.243841375119126269e+02
5.770399377403796279e+02
6.243841375119126269e+02
6.461545967357601512e+02
6.679250559596077892e+02
6.679250559596077892e+02
5.800988541818531985e+02
5.456633753218811762e+02
4.851237446474978583e+02
4.851237446474978583e+02
5.054813576565252333e+02
5.258389706655526652e+02
6.626569358754942414e+02
7.233843297198493474e+02
7.233843297198493474e+02
6.588398249552909647e+02
6.454007796913224411e+02
6.267609789477123741e+02
6.081211782041024208e+02
6.081211782041024208e+02
6.081211782041024208e+02
5.416357793202372477e+02
5.416357793202372477e+02
5.979370109706479752e+02
6.146231222719309244e+02
6.313092335732139873e+02
6.516112479085950326e+02
6.780922478303270964e+02
7.397739224973407772e+02
7.510508040819391908e+02
8.151596264254749258e+02
8.151596264254749258e+02
8.151596264254749258e+02
8.151596264254749258e+02
8.291110500052441239e+02
8.291110500052441239e+02
7.425486100305821537e+02
7.425486100305821537e+02
8.521391390942968656e+02
9.617296681580115774e+02
9.617296681580115774e+02
8.128061335335572721e+02
8.128061335335572721e+02
9.218005580002347870e+02
9.218005580002347870e+02
8.716844945369538209e+02
8.215684310736728548e+02
8.215684310736728548e+02
8.489301219486827677e+02
8.833845146136404765e+02
1.035245172354898159e+03
1.035245172354898159e+03
1.012845815622323926e+03
9.904464588897498061e+02
9.904464588897498061e+02
9.435009253727976102e+02
1.010710918164225177e+03
1.059466368466314179e+03
1.059466368466314179e+03
1.059466368466314179e+03
1.059466368466314179e+03
1.100753316942583069e+03
1.126813971462535164e+03
1.194361522413904595e+03
1.212702349453833904e+03
1.278655744608081250e+03
1.291509721963634320e+03
1.304363699319187390e+03
1.304363699319187390e+03
1.302186408628592289e+03
1.290309784604999550e+03
1.302186408628592289e+03
1.401010349708562444e+03
1.408801270411309815e+03
1.416592191114056959e+03
1.416592191114056959e+03
1.416592191114056959e+03
1.560656045651646764e+03
1.560656045651646764e+03
1.476975700701535061e+03
1.304750709190873295e+03
1.132525717680211528e+03
1.132525717680211528e+03
1.149388528739216554e+03
1.357879964703893620e+03
1.357879964703893620e+03
1.357879964703893620e+03
1.485871008964221346e+03
1.613862053224548845e+03
1.613862053224548845e+03
1.584525965401343910e+03
1.576143589758507687e+03
1.576143589758507687e+03
1.747787933682891889e+03
1.882817516020539188e+03
2.017847098358186486e+03
2.017847098358186486e+03
1.982931200163659923e+03
1.939410777227865310e+03
1.839624343535607522e+03
1.839624343535607522e+03
1.813122661798317267e+03
1.837960662092619486e+03
1.813122661798317267e+03
1.837960662092619486e+03
1.807298741124493290e+03
1.789644644912177228e+03
1.789644644912177228e+03
1.866618619084089687e+03
1.866618619084089687e+03
1.787164942596380797e+03
1.550860510599697591e+03
1.550860510599697591e+03
1.550860510599697591e+03
1.483743880338771078e+03
1.483743880338771078e+03
1.483743880338771078e+03
1.358535089678199711e+03
1.316421786426582230e+03
1.158870139260886845e+03
1.013326968360016053e+03
9.095917336726894291e+02
8.684163042607342504e+02
8.272408748487791854e+02
6.354501311001955628e+02
6.237466736625788144e+02
6.237466736625788144e+02
5.972559324825344902e+02
5.962487555265622632e+02
5.857641850269093311e+02
5.752796145272563990e+02
5.740084351103080280e+02
5.686168057621679282e+02
5.507589927709834683e+02
5.140556697371187056e+02
5.140556697371187056e+02
5.156170946582719807e+02
5.171785195794251422e+02
5.171785195794251422e+02
4.879983349889145074e+02
4.688203353187432185e+02
4.528245321076050800e+02
4.414807428807663996e+02
4.471526374941857398e+02
4.528245321076050800e+02
4.414807428807663996e+02
4.636692239348379871e+02
4.636692239348379871e+02
4.636692239348379871e+02
4.562261019538605069e+02
4.562261019538605069e+02
4.562261019538605069e+02
4.706763591017391946e+02
4.706763591017391946e+02
4.860733669063371849e+02
5.456940844364247596e+02
5.456940844364247596e+02
5.047576705768581746e+02
4.638212567172915897e+02
4.638212567172915897e+02
4.815466141930546655e+02
5.597491195929972037e+02
5.705174094058482979e+02
5.705174094058482979e+02
5.405466188472263411e+02
5.105758282886043276e+02
4.488608186555377415e+02
4.488608186555377415e+02
4.560935488761960528e+02
4.860465842743697067e+02
4.860465842743697067e+02
4.596118099186192580e+02
4.331770355628688094e+02
4.237074558569908049e+02
4.237074558569908049e+02
4.514308196691961825e+02
4.987298978607790332e+02
4.987298978607790332e+02
4.641767046308644922e+02
4.296235114009500080e+02
4.191229906906338556e+02
4.205319470201854415e+02
4.205319470201854415e+02
4.205319470201854415e+02
4.139078158968528101e+02
4.078960786282718800e+02
4.018843413596908931e+02
4.018843413596908931e+02
4.178646103187264202e+02
5.198303522961361978e+02
4.776817091429237507e+02
4.776817091429237507e+02
4.776817091429237507e+02
4.776817091429237507e+02
3.820784017202552718e+02
3.900095219253470873e+02
3.494728755295312226e+02
3.900095219253470873e+02
4.285460572978552136e+02
4.285460572978552136e+02
4.285460572978552136e+02
4.285460572978552136e+02
4.818823697860617585e+02
5.449666452827968897e+02
