8.145926720005679726e+02
8.145926720005679726e+02
9.025162781771148275e+02
9.025162781771148275e+02
8.738953341661090235e+02
8.196086435848417295e+02
8.100688437188763373e+02
8.100688437188763373e+02
8.100688437188763373e+02
8.100688437188763373e+02
7.812750968599829093e+02
7.558989269136145595e+02
7.497281344304273034e+02
7.464231176255207174e+02
7.401086701629053550e+02
7.337942227002898790e+02
7.378905329495374872e+02
7.251781080650819149e+02
7.251781080650819149e+02
7.251781080650819149e+02
7.842461022739366854e+02
8.671688758389261693e+02
8.671688758389261693e+02
9.642277185973999849e+02
9.642277185973999849e+02
9.642277185973999849e+02
9.642277185973999849e+02
9.642277185973999849e+02
9.495055829962356029e+02
9.495055829962356029e+02
9.495055829962356029e+02
9.495055829962356029e+02
9.495055829962356029e+02
9.181921637371143561e+02
8.979916919749476847e+02
8.977040673324959243e+02
8.974164426900441640e+02
8.677433022938738532e+02
8.247268983472176842e+02
8.247268983472176842e+02
8.413210564311333428e+02
8.831801546370259075e+02
8.831801546370259075e+02
8.831801546370259075e+02
8.675908877270720723e+02
8.370296863774249232e+02
8.275312305933722428e+02
8.168968950242054916e+02
8.168968950242054916e+02
8.288091686537586611e+02
8.407214422833118306e+02
8.682400808124536979e+02
8.781692172533757912e+02
9.893004163196445688e+02
1.015259624865622754e+03
1.049765405712100801e+03
1.051776316586140183e+03
1.053787227460179565e+03
1.058326966074158008e+03
1.058326966074158008e+03
1.023519041535701831e+03
1.003976719646143010e+03
9.642946560315922397e+02
9.173464787412782471e+02
8.703983014509642544e+02
8.572322478433609376e+02
8.572322478433609376e+02
8.572322478433609376e+02
8.252550855243866863e+02
7.772010386045747055e+02
7.772010386045747055e+02
7.772010386045747055e+02
7.795882745060910111e+02
7.795882745060910111e+02
7.376495758405910692e+02
7.179810581825215650e+02
7.179810581825215650e+02
7.639069136332216203e+02
8.098327690839217894e+02
8.437807368771875645e+02
8.437807368771875645e+02
8.057288953382848149e+02
7.857823346661881487e+02
7.625201459656026373e+02
7.503059346931587470e+02
7.380917234207148567e+02
6.518466433894449210e+02
6.113093399769188636e+02
5.270577826004422377e+02
4.605333671255987156e+02
4.605333671255987156e+02
4.765365070662406879e+02
4.925396470068827171e+02
4.925396470068827171e+02
4.925396470068827171e+02
5.157329579547816820e+02
5.157329579547816820e+02
4.881299635825149039e+02
4.432101090067762925e+02
3.982902544310376243e+02
3.535165360530446605e+02
3.535165360530446605e+02
3.360519390589403201e+02
3.360519390589403201e+02
3.360519390589403201e+02
3.332628570883975954e+02
3.304737751178549274e+02
3.514337130117061747e+02
2.790242965266224928e+02
2.899433101697737811e+02
2.758245527275383324e+02
2.899433101697737811e+02
3.032847030825189449e+02
3.166260959952640519e+02
3.316217773862183549e+02
3.316217773862183549e+02
3.441383107698172807e+02
3.522181453850176922e+02
3.897344457108685560e+02
3.897344457108685560e+02
3.897344457108685560e+02
3.797230273156691283e+02
3.447909458365105024e+02
2.823662105417849375e+02
2.823662105417849375e+02
2.994436005535954450e+02
2.994436005535954450e+02
2.994436005535954450e+02
2.657308128770967528e+02
2.541856382335147941e+02
2.541856382335147941e+02
2.499782391011560492e+02
2.499782391011560492e+02
2.489056896859427468e+02
2.478331402707294444e+02
2.382326591496522497e+02
2.366816223836673316e+02
2.255084190532091952e+02
2.178138002411399157e+02
2.178138002411399157e+02
2.429645333317945699e+02
2.681152664224492241e+02
2.681152664224492241e+02
2.611134691398904124e+02
2.583055575875857812e+02
2.583055575875857812e+02
3.120686685139788210e+02
3.174779952678280210e+02
3.228873220216772211e+02
3.347873185320138987e+02
3.347873185320138987e+02
3.180246723662368140e+02
2.859928647714828003e+02
2.859928647714828003e+02
2.807566426911911321e+02
2.755204206108994072e+02
2.865066084643091813e+02
2.616348594153416229e+02
2.865066084643091813e+02
2.868248372940662989e+02
2.981448738580061786e+02
2.924848555760362387e+02
2.868248372940662989e+02
2.621728067760363388e+02
2.238176072612534142e+02
2.238176072612534142e+02
2.247317620182442681e+02
3.055953976489840898e+02
3.057777199163937780e+02
3.059600421838034663e+02
3.059600421838034663e+02
2.748103933033827957e+02
2.748103933033827957e+02
2.810225914568583789e+02
2.810225914568583789e+02
2.724108670318591976e+02
2.637991426068600163e+02
2.617902675189661750e+02
2.585481359265351102e+02
2.585481359265351102e+02
2.542233247506241298e+02
2.888095369277293685e+02
2.883460798276587980e+02
2.878826227275882275e+02
2.878826227275882275e+02
2.726569997450251890e+02
2.558032886350796673e+02
2.530809638659652023e+02
2.530809638659652023e+02
2.435330108497713013e+02
2.339850578335774003e+02
2.339850578335774003e+02
2.412150762304893306e+02
2.412150762304893306e+02
2.412150762304893306e+02
2.769092153640913807e+02
2.769092153640913807e+02
2.769092153640913807e+02
2.769092153640913807e+02
3.586127011256628521e+02
3.822837134294752559e+02
3.960207683837422792e+02
4.059627194349082515e+02
4.262450657395061171e+02
4.465274120441039258e+02
4.633030585646298505e+02
4.633030585646298505e+02
4.693360736196775065e+02
4.885806963346581711e+02
5.525398446622034498e+02
6.138622975172877432e+02
6.751847503723719228e+02
6.751847503723719228e+02
6.751847503723719228e+02
6.884443720269712230e+02
6.884443720269712230e+02
7.284152623344818949e+02
7.128245004374107339e+02
6.972337385403396866e+02
8.102519844800084456e+02
9.014277239604464285e+02
9.047600275539956556e+02
9.059379492131059806e+02
1.113258916660320210e+03
1.113258916660320210e+03
1.113258916660320210e+03
8.831997048008591946e+02
8.762556643924490345e+02
7.711384384104769651e+02
7.065715606467662155e+02
7.013718284294681098e+02
7.013718284294681098e+02
7.013718284294681098e+02
6.687476345735414043e+02
6.687476345735414043e+02
7.426120320661042342e+02
7.426120320661042342e+02
8.537988221551640891e+02
8.305704668021236330e+02
8.073421114490831769e+02
8.073421114490831769e+02
7.848203926920222102e+02
7.796540896257284885e+02
7.796540896257284885e+02
7.865776746972119327e+02
8.362476503119160043e+02
8.859176259266201896e+02
9.049900870634958210e+02
9.049900870634958210e+02
8.638253689431284101e+02
8.489162877154607258e+02
8.419176752894536548e+02
8.419176752894536548e+02
8.419176752894536548e+02
8.419176752894536548e+02
9.085565887654046264e+02
8.789891109610792910e+02
8.789891109610792910e+02
8.443996751304779309e+02
8.295156562950186299e+02
8.146316374595593288e+02
7.892581042227894841e+02
7.892581042227894841e+02
7.967524320749182607e+02
8.280287110181784556e+02
8.944739880800724450e+02
8.965919773669598953e+02
8.987099666538473457e+02
8.987099666538473457e+02
9.051278028297759874e+02
9.486384942115283820e+02
9.973774160884900084e+02
9.973774160884900084e+02
1.085712125150378597e+03
1.176170403691920228e+03
1.176170403691920228e+03
1.176170403691920228e+03
1.176170403691920228e+03
1.129266994163798699e+03
1.129266994163798699e+03
1.102639615393016811e+03
1.076012236622235150e+03
1.076012236622235150e+03
8.944652138311640783e+02
8.475374741026760148e+02
6.917714943842175899e+02
6.034910877357729078e+02
5.575098182349090621e+02
5.115285487340452732e+02
5.115285487340452732e+02
5.115285487340452732e+02
5.098366661530371857e+02
4.910851555224022036e+02
4.910851555224022036e+02
4.910851555224022036e+02
4.910851555224022036e+02
4.480348830250554784e+02
4.480348830250554784e+02
4.480348830250554784e+02
4.390063314177195934e+02
4.318431280113942421e+02
4.318431280113942421e+02
4.318431280113942421e+02
4.392683851251644569e+02
4.392683851251644569e+02
4.170306670480152889e+02
4.170306670480152889e+02
4.598295397975425658e+02
5.303140552614530634e+02
6.007985707253635610e+02
6.007985707253635610e+02
5.593662615316118263e+02
5.112406544128253927e+02
5.015724133145224641e+02
4.690634945972487913e+02
4.690634945972487913e+02
4.690634945972487913e+02
4.807298208364478000e+02
4.807298208364478000e+02
4.844066695989740197e+02
4.765357200832029889e+02
4.984483969534932726e+02
4.984483969534932726e+02
4.984483969534932726e+02
4.984483969534932726e+02
4.684061456842455300e+02
4.664637625153483782e+02
4.664637625153483782e+02
4.973920785591088816e+02
4.973920785591088816e+02
4.973920785591088816e+02
4.973920785591088816e+02
5.051577371763916062e+02
5.160609856984566477e+02
5.051577371763916062e+02
5.237144034296869677e+02
5.351754674824969698e+02
5.466365315353070855e+02
5.625900673825457261e+02
5.625900673825457261e+02
5.354436502631909889e+02
5.010399830292591332e+02
5.010399830292591332e+02
5.170719468590547194e+02
5.331039106888503056e+02
5.679867851413341668e+02
6.278311681761867931e+02
6.416467613495614160e+02
6.416467613495614160e+02
6.344496005391827111e+02
6.293468820153698289e+02
6.242441634915568329e+02
6.151880042294006898e+02
6.063077744600363985e+02
6.039748687053006506e+02
5.528131799052326869e+02
5.403627522877004594e+02
5.403627522877004594e+02
5.403627522877004594e+02
5.481597158404724723e+02
5.830611891804780953e+02
5.931627230141887139e+02
6.583247301606367046e+02
6.583247301606367046e+02
6.583247301606367046e+02
6.681049500256349347e+02
6.681049500256349347e+02
5.698078769888198849e+02
5.670803032913898960e+02
5.614386661328247783e+02
5.614386661328247783e+02
5.837700746691089080e+02
6.061014832053930377e+02
6.476861603564951793e+02
6.572945067607522560e+02
6.949491152702477166e+02
7.155339656257376646e+02
7.155339656257376646e+02
6.867754240691115228e+02
6.580168825124852674e+02
6.234533015028767977e+02
6.160535175963433403e+02
6.160535175963433403e+02
5.976257519659446871e+02
5.894250056563550970e+02
5.879260515999720837e+02
5.864270975435890705e+02
5.825737267099307246e+02
5.634863530349430221e+02
5.584818860816756114e+02
5.584818860816756114e+02
5.780634502988102668e+02
5.924507814479286480e+02
6.068381125970470293e+02
6.230677621146514866e+02
6.409144930375887270e+02
6.409144930375887270e+02
6.332057851101531014e+02
6.332057851101531014e+02
6.783381706244502993e+02
6.993148202635720736e+02
7.293345426509891922e+02
7.293345426509891922e+02
7.214248938246895477e+02
7.078559947798503345e+02
7.078559947798503345e+02
6.992057298851641463e+02
6.851554479969234990e+02
6.851554479969234990e+02
6.331898486952712801e+02
6.081165327563776373e+02
6.081165327563776373e+02
6.081165327563776373e+02
5.760382886893808063e+02
5.760382886893808063e+02
5.860890579302215428e+02
5.760382886893808063e+02
5.727286133851068826e+02
5.727286133851068826e+02
5.776588315950734795e+02
5.776588315950734795e+02
5.776588315950734795e+02
5.598186733349166389e+02
5.586737520206489762e+02
5.586737520206489762e+02
5.899953644040091376e+02
5.968083412430833050e+02
6.004790151967064276e+02
6.041496891503295501e+02
5.968083412430833050e+02
6.019338901790188174e+02
5.849690406941990659e+02
5.622757051500226453e+02
5.622757051500226453e+02
5.726844134914583719e+02
5.830931218328942123e+02
6.377589088293277655e+02
6.377589088293277655e+02
5.993762632698686730e+02
5.993762632698686730e+02
5.984125572659042973e+02
6.035140126199285078e+02
6.086154679739528319e+02
6.192278737619225240e+02
6.192278737619225240e+02
6.168117964439931029e+02
5.971031298558426670e+02
5.325500830095992342e+02
5.256219461723893573e+02
5.186938093351794805e+02
4.822493164586596208e+02
4.798725254928972959e+02
4.509815712778374746e+02
3.665963924403316128e+02
3.665963924403316128e+02
3.920106926046190097e+02
4.174249927689064066e+02
4.174249927689064066e+02
4.344993235188014751e+02
4.344993235188014751e+02
4.344993235188014751e+02
4.022887503146981771e+02
3.980197932876092182e+02
3.937508362605202592e+02
3.596261779477957816e+02
3.199167548716702640e+02
3.147718072901189430e+02
3.147718072901189430e+02
3.889676135425448251e+02
4.191869538773244130e+02
4.494062942121040010e+02
4.494062942121040010e+02
3.478137994766244105e+02
3.081659518022894986e+02
2.842911674737196677e+02
2.842911674737196677e+02
3.127546782653978994e+02
3.412181890570761311e+02
3.412181890570761311e+02
3.419917473652710100e+02
3.269034965021103858e+02
3.422202351519919148e+02
3.434819365028674270e+02
3.434819365028674270e+02
3.434819365028674270e+02
3.434819365028674270e+02
3.362987692137491536e+02
3.204950250368004276e+02
3.204950250368004276e+02
3.231148574593261742e+02
3.306530758417707148e+02
3.381912942242151985e+02
3.381912942242151985e+02
3.373006785319008145e+02
3.373006785319008145e+02
3.469947612490468032e+02
3.605863098142633021e+02
3.537905355316550526e+02
3.469947612490468032e+02
3.234372935574237999e+02
3.140537927808430254e+02
3.191760591221691925e+02
3.191760591221691925e+02
4.061823452140831137e+02
4.145959409543071388e+02
4.230095366945312207e+02
4.299172449421150759e+02
4.512858314449281352e+02
4.512858314449281352e+02
4.512858314449281352e+02
4.445846331810814718e+02
4.445846331810814718e+02
4.445846331810814718e+02
4.445846331810814718e+02
4.430084194064674534e+02
3.771320391158120060e+02
3.742401433103157160e+02
3.059726643032905145e+02
3.059726643032905145e+02
3.059726643032905145e+02
3.196580074429596152e+02
3.196580074429596152e+02
3.001354729940164816e+02
2.916499852795344054e+02
2.916499852795344054e+02
2.928183813595933316e+02
2.939867774396523146e+02
2.939867774396523146e+02
2.737778163412272079e+02
2.595774885368763876e+02
2.595774885368763876e+02
3.479280692064626805e+02
3.479280692064626805e+02
3.479280692064626805e+02
3.298746959054037688e+02
3.032090526915059172e+02
2.963719837466832132e+02
2.979031762708398219e+02
2.979031762708398219e+02
3.067476891930845113e+02
3.155922021153292576e+02
3.619386605197933022e+02
3.631559542910360960e+02
3.631559542910360960e+02
3.235090499274730291e+02
3.235090499274730291e+02
3.246800901581684116e+02
3.258511303888637940e+02
3.558991224366325241e+02
3.258511303888637940e+02
3.233711205705823772e+02
3.233711205705823772e+02
3.960711351213756188e+02
4.035551256326241969e+02
4.110391161438727750e+02
4.110391161438727750e+02
4.110391161438727750e+02
4.284804102221839912e+02
3.773844231162968867e+02
4.284804102221839912e+02
4.512538777093665203e+02
4.740273451965490494e+02
4.991539093074019320e+02
4.991539093074019320e+02
4.710989409935327217e+02
4.710989409935327217e+02
7.446803988816958508e+02
7.813781480755221764e+02
8.180758972693483884e+02
8.180758972693483884e+02
9.104394425341891974e+02
9.645484147572551592e+02
1.071749405289092920e+03
1.163733974492612106e+03
1.201827705722679184e+03
1.239921436952746490e+03
1.239921436952746490e+03
1.124727503740264638e+03
1.124727503740264638e+03
1.199141134156026737e+03
1.254423200938523678e+03
1.254423200938523678e+03
1.254423200938523678e+03
1.337570781285709700e+03
1.389150758027726852e+03
1.337570781285709700e+03
1.389150758027726852e+03
1.347122528386542626e+03
1.347122528386542626e+03
1.347122528386542626e+03
1.081938817785199490e+03
8.353917203998337300e+02
8.353917203998337300e+02
8.965083969468453233e+02
8.965083969468453233e+02
8.965083969468453233e+02
8.965083969468453233e+02
8.957772652990680626e+02
8.957772652990680626e+02
9.368815870896520437e+02
1.152619325782698070e+03
1.152619325782698070e+03
9.765122040761957578e+02
8.004050823696934458e+02
6.497374570202567838e+02
6.309952181296381468e+02
6.238145072294158808e+02
6.309952181296381468e+02
6.422708553654986190e+02
7.240858127969916040e+02
8.059007702284844754e+02
8.059007702284844754e+02
7.984723463285430398e+02
7.003833718862941851e+02
7.003833718862941851e+02
6.734772781049179002e+02
6.734772781049179002e+02
6.734772781049179002e+02
6.664730440696764617e+02
6.503313074846305426e+02
6.441832661868940022e+02
6.441832661868940022e+02
6.441832661868940022e+02
6.962404264521651385e+02
7.596482357390434572e+02
7.596482357390434572e+02
7.140880446476214729e+02
6.373322944518382656e+02
6.373322944518382656e+02
7.293903614457831281e+02
8.739152186833352971e+02
8.739152186833352971e+02
8.739152186833352971e+02
8.084242362436517624e+02
8.084242362436517624e+02
8.084242362436517624e+02
6.898494497191344408e+02
6.604381357915340232e+02
6.310268218639337192e+02
6.195399344851459773e+02
6.195399344851459773e+02
6.213674008245316145e+02
7.173743024796697227e+02
8.600578984556890418e+02
8.600578984556890418e+02
8.600578984556890418e+02
7.879933794528242288e+02
7.386679432510255765e+02
7.113311552243918641e+02
6.447540031439339145e+02
6.447540031439339145e+02
6.677245453858424753e+02
6.906950876277510361e+02
7.988238311672391774e+02
8.247018196229017803e+02
8.247018196229017803e+02
7.825611595746206604e+02
7.825611595746206604e+02
7.825611595746206604e+02
7.825611595746206604e+02
6.955793514106048860e+02
6.953766611625551377e+02
6.649832792453509001e+02
6.649832792453509001e+02
6.910894688008909270e+02
6.910894688008909270e+02
6.910894688008909270e+02
6.802042811794519821e+02
6.280310361850706613e+02
6.280310361850706613e+02
6.189789611134294773e+02
6.300098649213108501e+02
6.497305760948408988e+02
6.694512872683708338e+02
6.787972849473596852e+02
6.952015552053413785e+02
6.952015552053413785e+02
6.952015552053413785e+02
6.652963984073278425e+02
6.485071461889658622e+02
6.317178939706038818e+02
6.078020078310553345e+02
5.744717043126422595e+02
5.585334596261872093e+02
5.395872062697723095e+02
5.025908883398509488e+02
4.830684419756972829e+02
4.635459956115436171e+02
4.592759823331256257e+02
4.280196622959672936e+02
4.182710937192401275e+02
4.044497700297242204e+02
3.987482084878440105e+02
3.987482084878440105e+02
3.987482084878440105e+02
3.987482084878440105e+02
3.814503383309082096e+02
3.814503383309082096e+02
4.000737722810064270e+02
4.036277608395132575e+02
4.150035248358713034e+02
4.263792888322293493e+02
4.275891870870582352e+02
4.275891870870582352e+02
4.206251815587521605e+02
4.206251815587521605e+02
4.317397191310117819e+02
4.505342788069581843e+02
4.693288384829045867e+02
5.101542606469060956e+02
5.101542606469060956e+02
4.984814820747104704e+02
4.921424708975281987e+02
4.219582877481652758e+02
4.096817023023778006e+02
3.974051168565903254e+02
3.927668623427956049e+02
3.751871341678154863e+02
3.598597184282104422e+02
3.306092178856846999e+02
3.306092178856846999e+02
3.435894187450252844e+02
3.565696196043658688e+02
3.580041472121270090e+02
3.761714209612670174e+02
3.761714209612670174e+02
3.689518853332026538e+02
3.689518853332026538e+02
3.689518853332026538e+02
3.689518853332026538e+02
3.914898120533661086e+02
4.140277387735295065e+02
4.371118875859086756e+02
4.371118875859086756e+02
4.246827419444655334e+02
4.109989560338924548e+02
3.973151701233193194e+02
3.704638019105961462e+02
3.571598676974977025e+02
3.500308075516131225e+02
3.133467116861356772e+02
3.133467116861356772e+02
3.276809743447811343e+02
3.420152370034266482e+02
3.420152370034266482e+02
3.420152370034266482e+02
3.422395604649888696e+02
3.447832447045948356e+02
3.584008270469988702e+02
3.637934517979521729e+02
3.691860765489054756e+02
3.691860765489054756e+02
3.691860765489054756e+02
3.824793963088984015e+02
3.824793963088984015e+02
3.904216050131265661e+02
3.860829883113003689e+02
3.817443716094741717e+02
3.817443716094741717e+02
3.790003656975832200e+02
3.610788131958286726e+02
3.610788131958286726e+02
3.537227260665681001e+02
3.610454304731329103e+02
3.683681348796976636e+02
3.683681348796976636e+02
4.255648315311742067e+02
4.255648315311742067e+02
4.255648315311742067e+02
4.001090182959808885e+02
3.965828151229673040e+02
3.930566119499537194e+02
3.709043518434016278e+02
3.580863992074724251e+02
3.140549992289285797e+02
3.020499753098974338e+02
2.935896365408178781e+02
2.935896365408178781e+02
2.935896365408178781e+02
2.924869453066804112e+02
2.941806102254884081e+02
2.924869453066804112e+02
2.695021628472538850e+02
2.689026651397848013e+02
2.689026651397848013e+02
2.689026651397848013e+02
2.772876534902308094e+02
2.840618882635272939e+02
3.431376515231158351e+02
3.436797236724086702e+02
3.773943077133968700e+02
4.096439794180415674e+02
4.418936511226863217e+02
4.418936511226863217e+02
4.000920539989851363e+02
3.739550377196065369e+02
3.335000903712701756e+02
3.169346364255856656e+02
3.167661528218110902e+02
3.165976692180365148e+02
3.002046325947064815e+02
3.002046325947064815e+02
3.110191474046326903e+02
3.110191474046326903e+02
2.891244423401688550e+02
2.882199134000100003e+02
2.873153844598512023e+02
2.820774894238734873e+02
2.805284220622717726e+02
2.820774894238734873e+02
2.805284220622717726e+02
2.715051655708901990e+02
2.715051655708901990e+02
2.715051655708901990e+02
2.957962386446902201e+02
3.029274797937465564e+02
3.436490519456132802e+02
3.436490519456132802e+02
3.353013897046294574e+02
3.353013897046294574e+02
3.353013897046294574e+02
3.353013897046294574e+02
3.363070428791845075e+02
3.316212666819176320e+02
3.137915576460603120e+02
2.775979915452748514e+02
2.750092164511698911e+02
2.724204413570649308e+02
2.775979915452748514e+02
2.863765182632564006e+02
2.915927911476980512e+02
2.915927911476980512e+02
2.720370621522256442e+02
2.720370621522256442e+02
2.720370621522256442e+02
2.796046965989021942e+02
2.796046965989021942e+02
2.666840994775845957e+02
2.615814153408492189e+02
2.615814153408492189e+02
3.215899647991171832e+02
3.815985142573850908e+02
4.238866729418364798e+02
4.525745236744784279e+02
4.525745236744784279e+02
3.489344842449532393e+02
3.191026762153612708e+02
3.172475263541304571e+02
3.153923764928996434e+02
3.191026762153612708e+02
3.259456093449722403e+02
3.368449455959490706e+02
3.379917400728040207e+02
3.486960864269266835e+02
3.547285780916949989e+02
3.607610697564633710e+02
3.627938249732444547e+02
3.939097762664545144e+02
3.940360875057724002e+02
4.062037940409689440e+02
4.277405768676435969e+02
4.348407578175295498e+02
4.419409387674155028e+02
5.275948814520937731e+02
5.275948814520937731e+02
5.119600579759162997e+02
4.880411737212890557e+02
5.119600579759162997e+02
5.570709383639002681e+02
6.021818187518842933e+02
6.021818187518842933e+02
5.804225898709953526e+02
5.340573017881705482e+02
5.027694766349870861e+02
4.932795244985662748e+02
4.845926451731384077e+02
4.759057658477104837e+02
4.932795244985662748e+02
4.766070862299901023e+02
4.766070862299901023e+02
4.509782974658868966e+02
4.357795854412876224e+02
4.284088928977643604e+02
4.210382003542410985e+02
4.357795854412876224e+02
4.288382816641222917e+02
4.374755316311293996e+02
4.362234621852815053e+02
4.362234621852815053e+02
4.136080107435988111e+02
3.909925593019161738e+02
3.773468072258568213e+02
3.530794683076385354e+02
3.436619564814282057e+02
3.436619564814282057e+02
4.911087018281144196e+02
4.911087018281144196e+02
4.911087018281144196e+02
4.584154923319928230e+02
4.584154923319928230e+02
4.705539388453948959e+02
4.705539388453948959e+02
4.888772454306637201e+02
4.816130806684620893e+02
4.743489159062605154e+02
4.743489159062605154e+02
4.469221286354416520e+02
4.469221286354416520e+02
4.469221286354416520e+02
4.394061141318372847e+02
4.220483886166284719e+02
4.046906631014196591e+02
3.551346970663353773e+02
3.427752418812908672e+02
3.427752418812908672e+02
4.420478944431972650e+02
4.617552911445291102e+02
4.858189799848244661e+02
5.098826688251198220e+02
5.098826688251198220e+02
4.836824573409551249e+02
4.836824573409551249e+02
4.836824573409551249e+02
4.782274413195144120e+02
4.519780439154110354e+02
4.257286465113076019e+02
3.302511650868877950e+02
3.302511650868877950e+02
3.422706628616327862e+02
3.422706628616327862e+02
3.422706628616327862e+02
3.343748285286321789e+02
3.264789941956316284e+02
3.264789941956316284e+02
2.593948883165774646e+02
2.593948883165774646e+02
2.794418958633292505e+02
2.794418958633292505e+02
2.794418958633292505e+02
2.794418958633292505e+02
3.071677073489108238e+02
3.668874176945553245e+02
3.896368209182419946e+02
3.668874176945553245e+02
3.507413261539548444e+02
3.507413261539548444e+02
3.507413261539548444e+02
3.618731903019328797e+02
3.747075988562555722e+02
3.747075988562555722e+02
3.353569663340228431e+02
2.987974401283494785e+02
2.947000848952510523e+02
2.906027296621526830e+02
2.758495852054721240e+02
2.678355065264899508e+02
2.758495852054721240e+02
3.481084859836468013e+02
3.481084859836468013e+02
3.204958876676072350e+02
2.928832893515676687e+02
2.759930273931478837e+02
2.636638097654281410e+02
2.558073900365596671e+02
2.558073900365596671e+02
2.558073900365596671e+02
2.604345419381350553e+02
2.650616938397104718e+02
2.650616938397104718e+02
2.650616938397104718e+02
2.659425311564747858e+02
2.693628621275865385e+02
2.693628621275865385e+02
2.972607103218646216e+02
3.151141326000632148e+02
3.151141326000632148e+02
2.723421570381094057e+02
2.545138283275935862e+02
2.545138283275935862e+02
2.323826371989154325e+02
2.850491423489012845e+02
1.902512995139654493e+02
2.633852359042473381e+02
2.633852359042473381e+02
2.805716411801228674e+02
2.805716411801228674e+02
2.805716411801228674e+02
2.805716411801228674e+02
2.805716411801228674e+02
3.113159915270856004e+02
2.832638922912973385e+02
2.933093161036846936e+02
2.933093161036846936e+02
3.318948719965557643e+02
3.853829440778815183e+02
4.388710161592072723e+02
4.388710161592072723e+02
3.978108325396980831e+02
3.247918101222363134e+02
3.247918101222363134e+02
3.247918101222363134e+02
3.256711559610571385e+02
3.265505017998780204e+02
3.616368339791613948e+02
5.201994741539577944e+02
5.201994741539577944e+02
4.903813838379588788e+02
4.903813838379588788e+02
5.433615727871354011e+02
5.963417617363120371e+02
6.063698397404758680e+02
6.063698397404758680e+02
5.956669341723970774e+02
5.581769222459245157e+02
5.376550643802154354e+02
5.358217965370597540e+02
5.339885286939039588e+02
5.103218761324051798e+02
5.223670586027665195e+02
4.953303218842272031e+02
5.223670586027665195e+02
5.402852129750184531e+02
5.491800259006332681e+02
5.580748388262480830e+02
5.602753510018401357e+02
5.602753510018401357e+02
5.470916425441957927e+02
5.470916425441957927e+02
5.916109164550433661e+02
5.930435688718202982e+02
5.944762212885971167e+02
6.554305447912593081e+02
6.610203485974794830e+02
6.554305447912593081e+02
6.439667063094350397e+02
6.439667063094350397e+02
6.490544757767647752e+02
6.541422452440945108e+02
6.541422452440945108e+02
6.829264209694639476e+02
6.515230711178106731e+02
6.515230711178106731e+02
6.180413773024052944e+02
6.180413773024052944e+02
6.180413773024052944e+02
6.401738074769700688e+02
6.401738074769700688e+02
6.401738074769700688e+02
6.440216552416540026e+02
6.545671308607833225e+02
6.565309023271239539e+02
6.584946737934645853e+02
6.718933788529661797e+02
6.719809899730450979e+02
7.085474582111528434e+02
7.211372484091324395e+02
7.211372484091324395e+02
7.170154127276105100e+02
7.128935770460884669e+02
6.943110380144009923e+02
6.787192241608355516e+02
6.662983733663529620e+02
6.661133839190312074e+02
6.661133839190312074e+02
6.717129763812771444e+02
6.773125688435230813e+02
7.209981944114130101e+02
7.390684421723051400e+02
7.574466618774840754e+02
8.425696296499565960e+02
8.497113863736661870e+02
8.532891363134189078e+02
8.568668862531716286e+02
8.497113863736661870e+02
8.411864245561341704e+02
8.110148384163296669e+02
8.104954671345266206e+02
8.104954671345266206e+02
8.213065303269019068e+02
8.321175935192771931e+02
8.790946189565740951e+02
9.462901016550003988e+02
9.626746315910220346e+02
9.626746315910220346e+02
9.718414896412280086e+02
9.615198555627182486e+02
9.511982214842083749e+02
9.292960258360089938e+02
8.567097292914526179e+02
8.459567816612178603e+02
8.398229147523600204e+02
8.459567816612178603e+02
8.984832918649248086e+02
9.510098020686317568e+02
9.510098020686317568e+02
9.771702112688901707e+02
1.003330620469148585e+03
1.037380618349019187e+03
1.037380618349019187e+03
1.041564982480865183e+03
1.045749346612710951e+03
1.020253036443101564e+03
1.020253036443101564e+03
9.547424513333913865e+02
9.452704310258071700e+02
9.376529593999823646e+02
9.140039025007554301e+02
9.119038820061208526e+02
9.119038820061208526e+02
8.498145874826989257e+02
8.122259765263853524e+02
7.536342238613457312e+02
7.492500000000000000e+02
7.492500000000000000e+02
7.556314016887301932e+02
8.281662248954487495e+02
9.386954592529148158e+02
9.386954592529148158e+02
9.541187439772015750e+02
9.541187439772015750e+02
9.541187439772015750e+02
8.295043002020490803e+02
8.295043002020490803e+02
8.295043002020490803e+02
8.187446097943412724e+02
7.942990443599926493e+02
7.942990443599926493e+02
7.942990443599926493e+02
7.942990443599926493e+02
7.612462023784280518e+02
7.311321277034115838e+02
6.698754186367599459e+02
6.698754186367599459e+02
7.486881247213283359e+02
7.580264092171056518e+02
7.673646937128829677e+02
7.733598045138293173e+02
7.929696935528331778e+02
8.118050088857836499e+02
8.523451732761740232e+02
8.591060158760810737e+02
8.591060158760810737e+02
8.591060158760810737e+02
8.437471023029938806e+02
8.171011170703337712e+02
8.171011170703337712e+02
8.171011170703337712e+02
8.350150614094931143e+02
8.415028842539002198e+02
8.479907070983072117e+02
8.479907070983072117e+02
8.187833540983823468e+02
8.145966985826464679e+02
8.145966985826464679e+02
8.809292267867766668e+02
8.814476024712101889e+02
8.819659781556437110e+02
8.819659781556437110e+02
8.518142724864137563e+02
8.399641248734415058e+02
8.298117228624188328e+02
7.716138486828050418e+02
7.716138486828050418e+02
7.716138486828050418e+02
7.879275436878676828e+02
8.493956773660635236e+02
8.928695530745279711e+02
9.223044491346009863e+02
9.462265048168015937e+02
9.553517432587350413e+02
9.644769817006683752e+02
9.644769817006683752e+02
9.485750600101212058e+02
9.472214993243392200e+02
9.472214993243392200e+02
9.353455534310947996e+02
9.353455534310947996e+02
9.353455534310947996e+02
9.966105092778572043e+02
1.019206739978448809e+03
1.022448145975991224e+03
1.019209982051923589e+03
1.022448145975991224e+03
1.114811518379668996e+03
1.207174890783346882e+03
1.207174890783346882e+03
1.176589182621240298e+03
1.168870647130154111e+03
1.144977484147056202e+03
1.144977484147056202e+03
1.155162444912949013e+03
1.165347405678841824e+03
1.191184149420716494e+03
1.191910069588596571e+03
1.216956003621408399e+03
1.382121135042575816e+03
1.390392646384691943e+03
1.398051140335373020e+03
1.405709634286054097e+03
1.524219896231086977e+03
1.524219896231086977e+03
1.447073479489278725e+03
1.375105339435127917e+03
1.361186349654163223e+03
1.360390943711043747e+03
1.359595537767924498e+03
1.338676338199252314e+03
1.338676338199252314e+03
1.297671747236623105e+03
1.261162054698890415e+03
1.259251925716402866e+03
1.259251925716402866e+03
1.259251925716402866e+03
1.275286978100911938e+03
1.275286978100911938e+03
1.179449913932889103e+03
1.169286941888093907e+03
1.169286941888093907e+03
1.169286941888093907e+03
1.169286941888093907e+03
1.140195003713950882e+03
1.093844487909585268e+03
9.791370393708243682e+02
8.005637407382322408e+02
7.967353235880273132e+02
7.846003238773942030e+02
7.724653241667609791e+02
6.564908790800128600e+02
6.432243947127929005e+02
5.730526296635165409e+02
5.730526296635165409e+02
6.440427305436314782e+02
6.440427305436314782e+02
6.440427305436314782e+02
6.059380041692619443e+02
6.023716335108101703e+02
5.722849014976773105e+02
5.722849014976773105e+02
5.722849014976773105e+02
5.683189877396716838e+02
5.643530739816661708e+02
5.540140805305449021e+02
5.358813278679054974e+02
4.830706340027550141e+02
4.416169473790519078e+02
4.416169473790519078e+02
4.350309956402452372e+02
4.284450439014385097e+02
4.284450439014385097e+02
4.026765777841748672e+02
3.551295696212591793e+02
3.412056409207507386e+02
3.412056409207507386e+02
3.271712681934773173e+02
3.131368954662038391e+02
3.131368954662038391e+02
3.304016908562461481e+02
3.821758171659964773e+02
3.851615001526407127e+02
3.851615001526407127e+02
3.851615001526407127e+02
3.851615001526407127e+02
3.398032492109560394e+02
3.398032492109560394e+02
3.426505774819943895e+02
3.950205789928459126e+02
4.024003178786380204e+02
4.115398074941707023e+02
4.206792971097033842e+02
4.206792971097033842e+02
4.206792971097033842e+02
4.009996335850199216e+02
3.430996483439147369e+02
3.430996483439147369e+02
3.445184773304715691e+02
3.459373063170283444e+02
3.881221001615336945e+02
3.881221001615336945e+02
3.881221001615336945e+02
3.580036579195649438e+02
3.538774408599663275e+02
3.487720440556514632e+02
3.436666472513365989e+02
2.760253456734642441e+02
2.465394461939901589e+02
2.423235552538000661e+02
2.423235552538000661e+02
3.246315843878056171e+02
3.302183774171649588e+02
3.358051704465243006e+02
3.453288650630626080e+02
3.358051704465243006e+02
3.080967800316121270e+02
3.033470406654654425e+02
3.033470406654654425e+02
3.033470406654654425e+02
3.033470406654654425e+02
2.651074991670217855e+02
2.651074991670217855e+02
2.739202832983095277e+02
3.043885932506885297e+02
4.314746835796756272e+02
4.603506343723906866e+02
4.892265851651056892e+02
4.902786512444160962e+02
5.016501332743448529e+02
5.104247488323117068e+02
5.104247488323117068e+02
5.104247488323117068e+02
5.087151395359267667e+02
5.070055302395418266e+02
4.467221374976998050e+02
4.467221374976998050e+02
4.916005290393367773e+02
5.592704072760479903e+02
4.998955956091655821e+02
4.998955956091655821e+02
4.998955956091655821e+02
4.998955956091655821e+02
5.576738857688975486e+02
7.081750670480115559e+02
8.104088549482949020e+02
8.312627668858300467e+02
8.208358109170624175e+02
8.104088549482949020e+02
7.291240935341990053e+02
7.084316383682893274e+02
7.084316383682893274e+02
7.093290341069526903e+02
8.573340813008419445e+02
8.865347179598661569e+02
9.157353546188903692e+02
9.196003871306935480e+02
9.709099877577607458e+02
9.709099877577607458e+02
9.155537392955469613e+02
9.155537392955469613e+02
8.458039090315156727e+02
7.760540787674843841e+02
7.938956833248216753e+02
7.760540787674843841e+02
7.938956833248216753e+02
9.001914356816733971e+02
1.188236755710068110e+03
1.123270661411570472e+03
1.058304567113072835e+03
1.115349563750369043e+03
1.115349563750369043e+03
1.115349563750369043e+03
1.121114991702522957e+03
1.121114991702522957e+03
1.134080194826567777e+03
1.147045397950612596e+03
1.149685106860932592e+03
1.147045397950612596e+03
1.149685106860932592e+03
1.184389858172522736e+03
1.184389858172522736e+03
1.194669239434574138e+03
1.204948620696625539e+03
1.178655786836852712e+03
1.178564913597199165e+03
1.142522903152937261e+03
1.142522903152937261e+03
1.089988327385145794e+03
1.326943924726262594e+03
1.423630682084138925e+03
1.423630682084138925e+03
1.584491024010554383e+03
1.584491024010554383e+03
1.584491024010554383e+03
1.386675992742754488e+03
1.386675992742754488e+03
1.386675992742754488e+03
1.405325584960764445e+03
1.405325584960764445e+03
1.470591984929334103e+03
1.470591984929334103e+03
1.361525568934395778e+03
1.361525568934395778e+03
1.361525568934395778e+03
1.361525568934395778e+03
1.293532216127841366e+03
1.293532216127841366e+03
1.293532216127841366e+03
1.202914942944795939e+03
1.103523966337173079e+03
1.004132989729550218e+03
9.745489074891120254e+02
9.432059789829276042e+02
9.432059789829276042e+02
1.001628994783176381e+03
1.001628994783176381e+03
9.901713088210005935e+02
9.787136228588248059e+02
9.722017342093907928e+02
9.503507008904988425e+02
9.455629879961679762e+02
9.455629879961679762e+02
1.006678090102152055e+03
1.025569287678102000e+03
1.044460485254051946e+03
1.049970625874876077e+03
1.055927287891785909e+03
1.072261703736581239e+03
1.072261703736581239e+03
1.027690029635925384e+03
9.934140718857319143e+02
9.591381141355384443e+02
9.260891487823364514e+02
9.260891487823364514e+02
9.417662632757635492e+02
9.417662632757635492e+02
9.417662632757635492e+02
9.387678026296887310e+02
9.357693419836137991e+02
9.324581795536971640e+02
9.110507197004340014e+02
8.711934588692366788e+02
8.465039797953713787e+02
7.886857690144852313e+02
7.477210783254649868e+02
7.067563876364448561e+02
6.351508006274818854e+02
5.672545075317873398e+02
4.921827625290159176e+02
4.841411831628244613e+02
4.700104731365609041e+02
4.700104731365609041e+02
4.700104731365609041e+02
5.039867892231880546e+02
5.063302400069940177e+02
5.039867892231880546e+02
4.811672921331501698e+02
4.794178643262313244e+02
4.794178643262313244e+02
4.794178643262313244e+02
4.758387357252016727e+02
4.758387357252016727e+02
4.685464917137300063e+02
4.685464917137300063e+02
4.752528634977147135e+02
5.101160057687986864e+02
5.449791480398827161e+02
7.007762100707340096e+02
7.007762100707340096e+02
6.527298996755215512e+02
6.245378768987300191e+02
6.245378768987300191e+02
5.870823708276786874e+02
5.496268647566273557e+02
5.475627029645285120e+02
5.408875875111782534e+02
5.408875875111782534e+02
5.625473105097996722e+02
5.809447685009996576e+02
6.072340477933607872e+02
6.335233270857220305e+02
6.619782702622050010e+02
7.196979677950878340e+02
7.196979677950878340e+02
