2.215757341335105139e+03
2.215757341335105139e+03
1.928688013024056090e+03
1.866757181752499491e+03
1.807216552986589932e+03
1.779241933317438907e+03
1.763394301499993844e+03
1.711579046328865843e+03
1.659763791157737614e+03
1.655132998140709105e+03
1.557239813704832613e+03
1.420653517343320345e+03
1.399401846655755662e+03
1.399401846655755662e+03
1.523594718492094216e+03
1.647787590328432771e+03
1.658523048420497389e+03
1.727723903582839966e+03
1.759958288991861082e+03
1.955009678911179890e+03
2.045129195302677999e+03
2.045129195302677999e+03
1.831116858308268093e+03
1.831116858308268093e+03
1.831116858308268093e+03
1.831116858308268093e+03
1.831116858308268093e+03
1.831116858308268093e+03
1.808107768986109704e+03
1.808107768986109704e+03
1.808107768986109704e+03
1.808107768986109704e+03
1.808107768986109704e+03
1.638008920859308319e+03
1.554075365902484691e+03
1.510791930081395321e+03
1.467508494260305952e+03
1.339015942199072242e+03
1.239829799141768035e+03
1.231845231683188103e+03
1.207477677825093679e+03
1.231845231683188103e+03
1.406992579450278299e+03
1.582139927217368495e+03
1.724607143622734611e+03
1.724607143622734611e+03
1.694220178173819022e+03
1.636950100755022504e+03
1.572280949373152225e+03
1.543564810133759011e+03
1.514848670894365796e+03
1.471107058002488202e+03
1.435561741503767053e+03
1.433655667544063590e+03
1.428320355040399363e+03
1.433655667544063590e+03
1.536505665839675203e+03
1.639355664135287043e+03
1.819100534772359197e+03
2.111641002457025024e+03
2.112208506048869822e+03
2.112208506048869822e+03
2.027160964477636753e+03
1.975689165584257580e+03
1.924217366690878407e+03
1.846481227746492095e+03
1.683353154019722069e+03
1.499604238955420897e+03
1.411870711544728692e+03
1.411870711544728692e+03
1.421837477186717479e+03
1.431804242828706037e+03
1.432137091601188104e+03
1.432137091601188104e+03
1.286804347998518097e+03
1.285501363827217119e+03
1.285501363827217119e+03
1.370060668448957358e+03
1.454619973070697597e+03
1.617695426780884418e+03
1.617695426780884418e+03
1.465722238865218742e+03
1.365274761631455249e+03
1.365274761631455249e+03
1.462270322721514731e+03
1.559265883811574440e+03
1.630210754559316911e+03
1.630210754559316911e+03
1.484072275515740557e+03
1.484072275515740557e+03
1.569577815656077973e+03
1.604953926476331162e+03
1.640330037296584351e+03
1.700753046382860020e+03
1.700753046382860020e+03
1.657477051652876298e+03
1.609957259530362080e+03
1.609957259530362080e+03
1.668810576868806947e+03
1.727663894207252042e+03
1.765953006258051118e+03
1.775911329741858481e+03
1.787065605711518174e+03
1.967289409775687091e+03
1.967289409775687091e+03
1.957051209127740094e+03
1.946813008479793098e+03
1.739687800764788790e+03
1.570692349711772067e+03
1.553424323730221658e+03
1.553424323730221658e+03
1.783119342426236244e+03
1.900046278430048005e+03
2.016973214433859994e+03
2.183225672076804585e+03
2.183225672076804585e+03
2.283185856476206027e+03
2.283185856476206027e+03
2.365254043376693062e+03
2.365254043376693062e+03
2.365254043376693062e+03
2.284142369819437135e+03
2.284142369819437135e+03
2.401814592531849030e+03
2.419120833512306945e+03
2.401814592531849030e+03
2.322288837236702420e+03
2.242763081941555811e+03
2.023429140767201943e+03
1.911590108403788008e+03
1.738051799775973222e+03
1.579884308582687709e+03
1.545471147434805971e+03
1.537460104551406857e+03
1.529449061668007516e+03
1.459733318990239241e+03
1.432335777505203623e+03
1.432335777505203623e+03
1.565240983744803771e+03
1.995403329564079968e+03
2.048770383117217079e+03
2.102137436670353964e+03
2.102137436670353964e+03
1.944375295244542485e+03
1.939344441927187063e+03
1.856729855008948789e+03
1.826554423241873565e+03
1.809251171436226059e+03
1.791947919630578554e+03
1.683751125917354784e+03
1.522896536584266414e+03
1.470386132815754081e+03
1.470386132815754081e+03
1.613704870141813899e+03
1.613704870141813899e+03
1.613704870141813899e+03
1.764816565339284807e+03
1.764816565339284807e+03
2.192523140775629599e+03
2.207566507654743873e+03
2.207566507654743873e+03
2.138914718536207147e+03
2.070262929417669966e+03
1.812839429612160757e+03
1.709330540857675260e+03
1.709330540857675260e+03
1.855596922520326416e+03
1.861247283261770690e+03
1.858422102891048553e+03
1.855596922520326416e+03
1.683769198707923351e+03
1.652249039452528223e+03
1.554747478744259752e+03
1.538421773483550169e+03
1.538421773483550169e+03
1.636521180947671837e+03
1.734620588411793506e+03
1.781785639844617208e+03
1.781785639844617208e+03
1.781785639844617208e+03
1.972174895587960918e+03
2.233571888563437369e+03
2.469579304249741199e+03
2.705586719936045029e+03
2.960470031349850160e+03
2.964365705281625196e+03
2.964365705281625196e+03
3.397847695007319089e+03
4.388039162387573924e+03
4.944181324023566049e+03
5.500323485659558173e+03
6.173790812617711708e+03
7.177850547239660045e+03
7.978911440975084588e+03
9.127816998967895415e+03
1.045457716269147932e+04
1.045457716269147932e+04
1.045457716269147932e+04
6.947010584798923446e+03
6.801265528318011093e+03
6.801265528318011093e+03
6.939989303235583066e+03
6.939989303235583066e+03
6.895702994651433073e+03
6.851416686067283081e+03
5.876515861222376770e+03
5.876515861222376770e+03
6.023212441397038674e+03
8.259507526605480962e+03
8.767398689321715210e+03
8.767398689321715210e+03
8.767398689321715210e+03
7.868002818021299390e+03
7.868002818021299390e+03
9.869125585420231801e+03
9.869125585420231801e+03
8.564566190253466630e+03
8.260404628760297783e+03
7.956243067267129845e+03
7.343439118373614292e+03
7.343439118373614292e+03
7.714581369015230848e+03
7.714581369015230848e+03
6.878256480616150839e+03
6.667450989574571395e+03
6.456645498532991951e+03
6.392491519994739065e+03
5.519894810260103441e+03
5.428646409626161585e+03
5.428646409626161585e+03
6.375309640693471010e+03
6.375309640693471010e+03
6.375309640693471010e+03
6.105982113657240916e+03
6.105982113657240916e+03
6.115214797147050376e+03
6.911397429898612245e+03
8.075416579560454011e+03
8.624133701449916771e+03
9.172850823339380440e+03
9.551720590756478487e+03
9.564674996292511423e+03
9.564674996292511423e+03
9.875559930499979600e+03
9.875559930499979600e+03
9.364639620372712670e+03
8.853719310245443921e+03
6.874461059425293570e+03
5.692306462024380380e+03
4.439468517904344480e+03
3.611877172128687107e+03
2.897575160601149946e+03
2.842587678267113915e+03
2.787600195933078339e+03
2.372631835946604042e+03
2.214644240484436978e+03
2.214644240484436978e+03
2.320252032645717009e+03
2.968605211358386896e+03
2.968605211358386896e+03
2.968605211358386896e+03
2.914352309819028505e+03
2.645896970567146582e+03
2.357394536615508969e+03
2.137692811464618899e+03
1.979866363753944370e+03
1.953489468513700331e+03
1.927112573273456292e+03
1.707240828907742298e+03
1.489971697975382085e+03
1.459510700160963097e+03
1.459510700160963097e+03
2.059418181818182347e+03
2.105689240725847867e+03
3.609865171279603146e+03
3.609865171279603146e+03
3.609865171279603146e+03
2.047472970054752750e+03
2.047472970054752750e+03
1.810045264152776781e+03
1.810045264152776781e+03
1.810045264152776781e+03
1.404939627740226797e+03
1.366049639241445902e+03
1.366049639241445902e+03
1.432223146780842853e+03
1.506863064771730933e+03
1.631257224681380649e+03
1.755651384591030592e+03
2.069603514492752765e+03
2.113841753349815917e+03
2.214492935511532778e+03
2.214492935511532778e+03
2.214492935511532778e+03
2.227459492211452471e+03
2.240426048911372163e+03
2.279688104334788022e+03
2.240426048911372163e+03
2.137653609260933081e+03
2.137653609260933081e+03
2.239564067567512211e+03
2.239564067567512211e+03
2.239564067567512211e+03
2.168367105264500879e+03
1.881035155074302338e+03
1.694750749094709818e+03
1.694750749094709818e+03
1.732881428340653429e+03
1.817129684234428623e+03
1.901377940128204045e+03
1.901377940128204045e+03
1.872258536452761291e+03
1.635623703842076338e+03
1.553831624665315530e+03
1.553831624665315530e+03
1.624504020751072403e+03
1.695176416836829048e+03
1.730920430342164309e+03
1.730920430342164309e+03
1.716255539562697095e+03
1.716255539562697095e+03
1.918377336387932701e+03
2.133659299279298466e+03
2.348941262170664686e+03
2.519475986165055019e+03
2.519475986165055019e+03
2.521780430242116836e+03
2.521780430242116836e+03
2.562292780137595855e+03
2.562292780137595855e+03
2.562292780137595855e+03
2.271079165997626205e+03
2.062959772913404322e+03
2.017213235100434986e+03
1.900798515363438355e+03
1.900798515363438355e+03
1.978882321339881855e+03
2.056966127316325128e+03
2.056966127316325128e+03
1.958879851525764707e+03
1.886063908808559972e+03
1.867824263025496066e+03
1.886063908808559972e+03
2.013604248852124556e+03
2.141144588895689139e+03
2.216148058133465838e+03
2.357080608550375018e+03
2.417998951572441001e+03
2.536411323258164430e+03
2.995692443873345383e+03
3.186619059242468211e+03
3.377545674611591039e+03
3.467412862057064103e+03
3.484417841667432185e+03
3.484417841667432185e+03
3.484417841667432185e+03
3.436350107571255194e+03
3.419718800242637826e+03
3.403087492914020459e+03
3.403087492914020459e+03
3.921421191149223887e+03
4.340150408410031559e+03
4.340150408410031559e+03
4.340150408410031559e+03
4.340150408410031559e+03
3.831750577759456064e+03
3.831750577759456064e+03
3.811498095005644700e+03
3.785774909437052884e+03
3.811498095005644700e+03
3.823068225044994961e+03
3.823068225044994961e+03
3.823068225044994961e+03
3.691832394664511867e+03
3.682374764685536775e+03
3.364249097377254657e+03
3.310019450316708117e+03
3.310019450316708117e+03
3.457300033895436172e+03
3.604580617474164683e+03
3.721060700391607952e+03
3.604580617474164683e+03
3.558268836947063392e+03
3.477610305853561840e+03
3.430457245243923808e+03
3.399853374838054151e+03
3.369249504432184040e+03
3.355002558155271799e+03
3.231327695681568457e+03
2.802554189423581647e+03
2.802554189423581647e+03
3.098906246588637259e+03
3.377415484565019142e+03
3.655924722541401025e+03
3.851568399288266846e+03
3.851568399288266846e+03
3.628567149774367863e+03
3.628567149774367863e+03
3.762359296927195828e+03
3.876319260996839148e+03
3.876319260996839148e+03
3.565196574120063815e+03
3.565196574120063815e+03
3.582377249985701837e+03
3.850419677596507427e+03
3.872478717571044854e+03
3.872478717571044854e+03
3.647980856992885037e+03
3.506511096906084276e+03
3.434100835131698204e+03
2.708772963818129028e+03
2.708772963818129028e+03
2.708772963818129028e+03
2.488541904771745976e+03
2.488541904771745976e+03
2.488541904771745976e+03
1.918275618012992027e+03
1.583632908527979680e+03
1.445643804616732950e+03
1.445643804616732950e+03
1.448372157094360091e+03
1.451100509571987232e+03
1.553065173964766245e+03
1.590956772522619303e+03
1.650277304438726105e+03
1.818336252210360499e+03
1.941083505662857988e+03
1.941083505662857988e+03
1.941083505662857988e+03
1.826688399127933280e+03
1.695382597026859685e+03
1.557975806424622306e+03
1.435398322888569510e+03
1.435398322888569510e+03
1.474256141579351834e+03
1.513113960270134157e+03
1.759376989281192436e+03
1.844616503169853559e+03
1.844616503169853559e+03
1.620746297227102104e+03
1.620746297227102104e+03
1.647632751042689961e+03
1.674519204858278044e+03
1.674519204858278044e+03
1.659347903095140509e+03
1.659347903095140509e+03
1.715333991325235047e+03
1.991236474813176301e+03
2.380318511336610754e+03
2.769400547860045208e+03
3.364128482375712338e+03
3.364128482375712338e+03
3.106330198779734928e+03
2.640611258295456082e+03
2.271179591613574758e+03
2.170678730405325041e+03
2.070177869197074870e+03
1.733535822650485898e+03
1.530276428369866835e+03
1.419880864497753691e+03
1.306882115896843288e+03
1.306882115896843288e+03
1.446882211504446332e+03
1.586882307112049602e+03
1.800136028277367359e+03
1.944239136214885093e+03
2.139798839259034139e+03
2.432371377313887933e+03
3.127264577056106191e+03
3.127264577056106191e+03
3.127264577056106191e+03
2.521908044497192805e+03
2.521908044497192805e+03
2.794138230316050340e+03
3.194638175777954075e+03
3.194638175777954075e+03
3.044285733949993300e+03
2.893933292122032526e+03
2.461701992514778794e+03
2.156835181154131988e+03
1.909278773218075912e+03
1.909278773218075912e+03
1.946314023475377553e+03
1.946314023475377553e+03
1.946314023475377553e+03
1.997901077138684968e+03
1.997901077138684968e+03
1.997901077138684968e+03
1.912452714086168726e+03
1.740423942536933055e+03
1.738201803003173154e+03
1.735979663469413254e+03
1.740423942536933055e+03
1.778128667542407356e+03
1.791626482370980739e+03
1.896399251381418026e+03
1.943959050632679919e+03
1.943959050632679919e+03
1.943959050632679919e+03
1.629462954232941001e+03
1.417751644858296913e+03
1.354883372463151545e+03
1.354883372463151545e+03
1.688751604656326208e+03
1.779941998619281094e+03
1.871132392582235980e+03
2.274153787323232336e+03
2.667552383154096788e+03
2.909614022384444979e+03
2.991083035836221370e+03
3.277135969700984333e+03
3.277135969700984333e+03
3.277135969700984333e+03
2.662081793419094083e+03
2.225675683369021044e+03
2.076532521418361284e+03
1.907558223883634355e+03
1.777551693700129817e+03
1.755859997955373501e+03
1.734168302210617185e+03
1.562876967184329487e+03
1.270392437089210944e+03
1.270392437089210944e+03
1.282387519978332193e+03
1.299593354129681757e+03
1.338412368050540181e+03
1.377231381971398605e+03
1.377231381971398605e+03
1.247545364130782218e+03
1.247545364130782218e+03
1.284473804953064018e+03
1.390246683127059441e+03
1.390246683127059441e+03
1.390246683127059441e+03
1.267951618566175966e+03
1.267951618566175966e+03
1.276029747157268503e+03
1.421487833791163439e+03
1.609958303120240998e+03
1.645883946679613018e+03
1.681809590238985038e+03
1.691759681876344075e+03
1.918749325436675917e+03
1.918749325436675917e+03
1.748067237747264699e+03
1.748067237747264699e+03
1.849522858680353920e+03
1.950978479613443142e+03
2.005944913202882390e+03
2.102152928147376770e+03
2.384308434812698579e+03
3.163347751031126336e+03
4.515686154585720942e+03
4.880530218692600101e+03
5.245374282799479261e+03
5.245374282799479261e+03
4.796462781571597588e+03
4.015224773252407886e+03
3.746605112874046881e+03
3.581866171190793011e+03
3.581866171190793011e+03
3.581866171190793011e+03
2.691279656386233000e+03
2.373509348772191970e+03
2.208021287360464612e+03
2.164454913122866401e+03
2.208021287360464612e+03
2.175536081828781334e+03
2.143050876297098057e+03
2.051215280678314684e+03
1.800916517570994301e+03
1.800916517570994301e+03
2.169470313755752613e+03
2.496288122885964640e+03
2.496288122885964640e+03
2.496288122885964640e+03
2.173097186701008468e+03
2.173097186701008468e+03
3.264345452375324385e+03
4.256144663512617626e+03
4.369765532750052444e+03
4.312955098131335035e+03
4.256144663512617626e+03
3.203601079433360155e+03
3.059568798441318449e+03
3.059568798441318449e+03
4.196866676387218831e+03
4.196866676387218831e+03
4.078999803004607202e+03
3.961132929621995117e+03
3.961132929621995117e+03
5.011310851467159409e+03
5.574017996372937887e+03
7.075833438612941791e+03
7.075833438612941791e+03
7.338465107814469775e+03
7.338465107814469775e+03
7.439100018450795687e+03
7.439100018450795687e+03
9.122969950573626193e+03
9.122969950573626193e+03
7.257354801621129809e+03
6.117451259477953499e+03
4.977547717334776280e+03
4.977547717334776280e+03
5.421303155511795012e+03
6.111675104295414712e+03
8.169050100665061109e+03
1.181584659990170439e+04
1.213317066723406060e+04
1.245049473456641681e+04
1.409218721733092025e+04
1.409218721733092025e+04
1.409218721733092025e+04
1.622005934260504000e+04
1.622005934260504000e+04
1.600950997864705460e+04
1.579896061468906919e+04
1.323220066848063288e+04
1.249110803645053420e+04
1.245492218983614839e+04
1.181871834878051231e+04
9.660256532703706398e+03
8.337184349843160817e+03
7.014112166982615236e+03
5.899222870938962842e+03
5.899222870938962842e+03
8.286711773237913803e+03
8.286711773237913803e+03
7.473964093825779855e+03
7.473964093825779855e+03
7.473964093825779855e+03
7.473964093825779855e+03
7.061459778916909272e+03
7.061459778916909272e+03
7.061459778916909272e+03
5.550603105543612401e+03
4.982360508052612204e+03
4.414117910561612007e+03
4.356094430440381075e+03
4.217720792926321337e+03
4.151388780243411929e+03
3.945282943894424079e+03
3.933096722443853650e+03
3.523785595044992533e+03
3.114474467646131416e+03
2.704291170898809014e+03
2.656688593862989364e+03
2.656688593862989364e+03
2.813163931550087909e+03
3.105308798459257105e+03
3.361471909744880577e+03
3.617635021030504049e+03
3.617635021030504049e+03
3.586833986455578724e+03
3.307993217352170177e+03
3.103772232036852984e+03
2.958587976854691533e+03
2.930153668242786807e+03
2.901719359630882536e+03
2.812552726154196534e+03
2.715883584284789322e+03
2.221225176003085380e+03
1.874166181589296002e+03
1.651215562807456763e+03
1.633885153582648854e+03
1.616554744357840946e+03
1.616554744357840946e+03
1.602756686735425092e+03
1.632010661876992572e+03
1.632010661876992572e+03
1.830829528916148320e+03
2.016813686071168377e+03
2.202797843226188434e+03
2.202797843226188434e+03
1.796835016940199694e+03
1.508619039296261235e+03
1.171172076485920797e+03
1.171172076485920797e+03
1.219563064920188481e+03
1.267954053354456164e+03
1.267954053354456164e+03
1.183476941150876883e+03
1.183476941150876883e+03
1.336686869277461710e+03
1.483381380078391203e+03
1.570505557453150232e+03
1.657629734827909488e+03
1.657629734827909488e+03
1.467883420768173892e+03
1.414021695919310105e+03
1.414021695919310105e+03
1.430199013187558194e+03
1.463409196250949662e+03
1.496619379314341131e+03
1.496619379314341131e+03
1.492330839598072089e+03
1.462716390735474988e+03
1.462716390735474988e+03
1.554194327718275417e+03
1.623742178389841229e+03
1.693290029061407040e+03
1.693290029061407040e+03
1.571480684994156491e+03
1.429079417821375500e+03
1.256285747488329662e+03
1.256285747488329662e+03
1.330975494957182946e+03
1.405665242426036457e+03
1.410554646488177241e+03
1.519280987325360229e+03
1.618668322909104290e+03
1.679790363894979919e+03
1.838380711109083904e+03
1.966719116224910977e+03
2.095057521340737821e+03
2.369803239005613705e+03
2.369803239005613705e+03
2.236627400903941179e+03
2.003847425912576909e+03
1.835751214490069287e+03
1.817768883740749970e+03
1.799786552991430881e+03
1.799786552991430881e+03
1.814357285440814849e+03
2.066840529626116222e+03
2.175164279248432194e+03
2.347691188421256356e+03
2.446031738521017360e+03
2.544372288620778818e+03
2.544372288620778818e+03
2.544372288620778818e+03
2.544372288620778818e+03
2.622437203866171785e+03
2.622437203866171785e+03
2.446568290744510705e+03
2.270699377622849624e+03
1.952993724975120358e+03
1.709683250938136325e+03
1.662534328306796624e+03
1.620412296812497061e+03
1.620412296812497061e+03
1.716604805849745844e+03
1.812797314886994400e+03
1.925441581443582436e+03
1.925441581443582436e+03
1.789418588769326561e+03
1.754066538181350097e+03
1.739695161292638204e+03
1.723292821779943552e+03
1.706890482267248899e+03
1.687472571736817599e+03
1.650571108390987092e+03
1.614005891876958913e+03
1.613706573500182458e+03
1.613706573500182458e+03
1.643667897482565650e+03
1.673629221464948841e+03
1.733823824494954351e+03
1.832033959698581612e+03
1.857034690726600957e+03
1.903054359624981089e+03
1.998445995989688754e+03
1.998445995989688754e+03
1.993597946353729640e+03
1.993597946353729640e+03
1.663507651735250647e+03
1.663507651735250647e+03
1.663507651735250647e+03
1.588236605764681372e+03
1.500702810459686134e+03
1.413169015154690896e+03
1.254319801379452201e+03
1.142029017474735610e+03
1.142029017474735610e+03
1.182719131393049111e+03
1.213759194090614074e+03
1.274731079198868201e+03
1.335702964307122329e+03
1.530268108733418785e+03
1.530268108733418785e+03
1.383092818430602847e+03
1.318201447471758911e+03
1.318201447471758911e+03
1.386235227258318446e+03
1.454269007044877753e+03
1.597835754764764943e+03
1.701634243440296586e+03
1.817158444284044435e+03
1.880547122746979994e+03
1.880547122746979994e+03
1.817667207421299281e+03
1.754787292095618341e+03
1.650553742163838479e+03
1.628136588007642786e+03
1.534848631123152245e+03
1.470273853063940805e+03
1.470273853063940805e+03
1.512596396943119316e+03
1.554918940822297827e+03
1.686945590184852108e+03
1.686945590184852108e+03
1.524069213731090031e+03
1.516407986134233397e+03
1.516407986134233397e+03
1.603196107945811491e+03
1.689984229757389357e+03
1.813984961374966360e+03
1.843012235415636724e+03
1.894062607248232098e+03
1.933090599451588105e+03
1.955163712707592822e+03
1.972255921839232769e+03
1.989348130970872717e+03
2.006681104306735506e+03
2.061932642369092719e+03
2.061932642369092719e+03
2.169873599078339794e+03
2.362781823286939471e+03
2.453507810964703822e+03
2.544233798642468173e+03
2.544233798642468173e+03
2.330495138300283998e+03
2.179158624440523454e+03
2.179158624440523454e+03
2.254054784157045560e+03
2.398759794735087780e+03
2.543464805313130000e+03
2.543464805313130000e+03
2.343028924126287166e+03
2.197617337629490066e+03
2.073054138545981004e+03
2.073054138545981004e+03
2.131684260003820782e+03
2.190314381461660105e+03
2.190314381461660105e+03
2.157526300992861252e+03
2.157526300992861252e+03
2.157526300992861252e+03
1.940938909376862966e+03
1.918239396370203394e+03
1.895539883363544050e+03
1.693743459207822298e+03
1.543402587778602992e+03
1.408874659544192582e+03
1.382393710022969117e+03
1.382393710022969117e+03
1.487421816681782502e+03
1.592449923340595888e+03
1.910813378832512853e+03
2.169513055754835023e+03
2.557571810873136201e+03
3.448035091597708288e+03
3.674452968685041924e+03
3.674452968685041924e+03
3.674452968685041924e+03
3.451269745528749354e+03
3.451269745528749354e+03
4.163906274526100788e+03
4.163906274526100788e+03
3.892009559384042859e+03
3.675268519632285916e+03
3.458527479880528972e+03
2.914809843065667792e+03
2.168257162505040469e+03
1.661011114474840952e+03
1.555124816001252384e+03
1.490392804177805601e+03
1.482855347828827234e+03
1.475317891479849095e+03
1.319675466640930836e+03
1.232769529524961627e+03
1.232769529524961627e+03
1.373026026028194565e+03
1.701711529478820694e+03
1.772349123804189276e+03
1.842986718129558085e+03
1.842986718129558085e+03
1.794010350607383089e+03
1.794010350607383089e+03
2.004864624653092960e+03
2.022731970951989297e+03
2.039804595029508164e+03
2.056877219107027031e+03
2.056877219107027031e+03
1.958882694143311937e+03
1.882415893784948366e+03
1.882415893784948366e+03
1.914007593348082310e+03
1.914007593348082310e+03
1.914007593348082310e+03
1.805329152440748885e+03
1.764181079022542917e+03
1.764181079022542917e+03
1.786308811585279955e+03
1.977116497622682800e+03
1.980547646229244037e+03
1.983978794835805274e+03
1.993695678684983932e+03
1.993695678684983932e+03
2.101634423723537566e+03
2.164599796039857665e+03
2.164599796039857665e+03
2.164599796039857665e+03
2.164599796039857665e+03
2.196863715047622463e+03
2.634867003578692220e+03
3.251197528862277977e+03
3.251197528862277977e+03
2.869877920562976215e+03
2.601497015936219668e+03
2.333116111309463122e+03
2.265462069341233928e+03
2.265462069341233928e+03
2.265462069341233928e+03
2.286051996416158545e+03
2.732607374336078465e+03
3.043558956327985470e+03
3.354510538319892021e+03
3.947143372574782006e+03
4.040941629552818085e+03
4.040941629552818085e+03
3.643387773154519891e+03
2.672741789238099045e+03
2.395162476979283383e+03
2.117583164720468176e+03
1.795069347303193126e+03
1.777810363007819433e+03
1.777810363007819433e+03
2.159607227310933013e+03
2.159607227310933013e+03
2.158113269809430676e+03
2.156619312307928794e+03
1.982568532687962488e+03
1.982568532687962488e+03
2.270270962808070180e+03
2.458839067852798053e+03
3.802159126659201775e+03
4.262472410628355647e+03
4.722785694597509973e+03
4.910089982708440402e+03
7.336387030367775878e+03
9.251232864604240604e+03
9.251232864604240604e+03
8.388778423856545487e+03
8.377478379821266572e+03
8.366178335785987656e+03
7.426579734365675904e+03
7.426579734365675904e+03
7.292961894782948548e+03
6.304556579410994345e+03
5.005778566908090397e+03
4.626003932939790502e+03
4.246229298971490607e+03
3.163152142821772031e+03
2.884972294545339537e+03
2.884972294545339537e+03
4.224773629411007278e+03
4.724783582719808692e+03
4.724783582719808692e+03
4.724783582719808692e+03
3.405079687141439081e+03
3.341543409494527168e+03
3.341543409494527168e+03
3.884227485093068935e+03
3.884227485093068935e+03
3.727959478384354497e+03
3.571691471675640059e+03
3.192380412722496203e+03
3.091319870946611900e+03
2.782462155551961587e+03
2.768832069439036786e+03
2.768832069439036786e+03
2.869175555635157252e+03
2.969519041831278173e+03
3.273981609434882557e+03
3.546888003728266085e+03
3.546888003728266085e+03
3.285098001967908203e+03
3.148361441643932267e+03
3.285098001967908203e+03
4.476356493679002597e+03
5.860519198535776923e+03
5.860519198535776923e+03
7.161172972880490306e+03
7.161172972880490306e+03
7.161172972880490306e+03
7.161172972880490306e+03
7.161172972880490306e+03
7.842630654735791722e+03
7.842630654735791722e+03
7.240400921061969711e+03
7.240400921061969711e+03
8.278426512717724108e+03
8.278426512717724108e+03
8.278426512717724108e+03
6.710476306319487776e+03
5.406966532678264230e+03
5.406966532678264230e+03
5.836355841609236450e+03
5.836355841609236450e+03
5.832730921774368653e+03
5.829106001939500857e+03
5.575959729327451896e+03
5.511077612163937374e+03
4.890575378232581897e+03
4.890575378232581897e+03
4.906342015700688535e+03
5.374151852361830606e+03
5.841961689022971768e+03
6.401326743367295421e+03
6.610290198070476436e+03
7.285840848029056360e+03
9.237432155301599778e+03
1.081708796773098038e+04
1.081708796773098038e+04
1.081708796773098038e+04
1.034638302124724032e+04
8.663661512905198833e+03
8.663661512905198833e+03
8.563480034664951745e+03
8.563480034664951745e+03
7.785561082464804713e+03
7.007642130264657681e+03
6.345201428977392425e+03
5.758031173329051853e+03
5.342479358741326905e+03
4.735488029243878373e+03
3.757671568668116834e+03
3.757671568668116834e+03
3.757671568668116834e+03
3.827495972788527979e+03
3.827495972788527979e+03
3.732811953110318427e+03
3.725752703529640712e+03
3.714773785533713635e+03
3.687417781267561622e+03
3.660061777001409155e+03
3.481033263177122080e+03
3.048043765397568222e+03
2.788133303108475502e+03
2.736769672128500133e+03
2.736769672128500133e+03
2.795900989604811457e+03
2.855032307081122781e+03
2.855032307081122781e+03
2.765920503364206979e+03
2.601744748536546467e+03
2.389741910913629908e+03
2.389741910913629908e+03
2.409991873127818508e+03
2.430241835342006652e+03
2.430241835342006652e+03
2.430241835342006652e+03
2.498213839291984186e+03
2.928893071133280046e+03
3.688491720569792051e+03
3.840878784709461797e+03
3.993265848849131089e+03
3.993265848849131089e+03
3.100173445914602326e+03
2.775251097030400615e+03
2.506736014913076360e+03
2.506736014913076360e+03
2.560527837682219797e+03
2.614319660451362779e+03
2.679858803448412800e+03
2.745305020795813107e+03
2.747956420228470961e+03
2.918309546687738930e+03
3.027190037965242482e+03
3.108771643832594691e+03
3.190353249699946900e+03
3.529210164807914680e+03
3.529210164807914680e+03
3.484204054989278575e+03
3.484204054989278575e+03
3.484204054989278575e+03
3.456979539316313094e+03
3.429755023643348068e+03
3.190363002255186530e+03
3.038922193670406159e+03
3.026229560794962708e+03
3.014257665608612115e+03
2.990501162444531019e+03
2.990501162444531019e+03
2.990501162444531019e+03
3.033209092563843114e+03
3.068017208362578913e+03
3.246293893522737108e+03
3.681421418385389188e+03
4.746702146839264060e+03
4.812300868980417363e+03
4.877899591121571575e+03
4.746702146839264060e+03
4.869317191563390224e+03
4.991932236287516389e+03
5.351571318940552374e+03
5.565202731576216138e+03
5.565202731576216138e+03
5.565202731576216138e+03
5.297560350533635756e+03
4.744329155043544233e+03
4.556610202355092952e+03
4.556610202355092952e+03
5.203168438773214802e+03
5.634667860182642471e+03
6.066167281592070140e+03
6.556442329115227949e+03
7.249323932031616096e+03
7.249323932031616096e+03
6.632327443920567930e+03
6.491298315163219740e+03
6.491298315163219740e+03
6.306843015665795974e+03
6.177537769157773255e+03
5.796462106971545836e+03
5.374786790762502278e+03
2.909160714042708150e+03
2.909160714042708150e+03
2.909160714042708150e+03
2.909160714042708150e+03
2.750848207758065200e+03
2.750848207758065200e+03
2.259498014885625707e+03
1.936319814601917642e+03
1.872498292120318865e+03
1.872498292120318865e+03
1.872498292120318865e+03
1.881051799211526486e+03
1.881051799211526486e+03
1.607978345670494491e+03
1.607978345670494491e+03
1.731958758931870307e+03
1.887497701319462521e+03
2.043036643707054736e+03
2.043036643707054736e+03
1.879446959378856718e+03
1.725949050039919712e+03
1.615627632910172906e+03
1.615627632910172906e+03
1.722086157312709247e+03
1.828544681715245588e+03
1.828544681715245588e+03
1.780374630801487911e+03
1.780374630801487911e+03
1.783295792597768468e+03
1.844515498296992064e+03
1.891399362712642414e+03
1.938283227128292765e+03
2.009343134919072781e+03
2.009343134919072781e+03
1.716058383080693375e+03
1.559871011167299685e+03
1.407206629110636413e+03
1.407206629110636413e+03
1.407206629110636413e+03
1.694806068185765980e+03
1.735317597270468923e+03
1.800124582664987201e+03
1.864889515436951115e+03
2.048756724600906182e+03
2.171270123746514400e+03
2.293783522892122619e+03
2.557851599373796034e+03
2.557851599373796034e+03
2.048489062136162374e+03
1.979577516920468042e+03
1.979577516920468042e+03
2.051639304346021163e+03
2.123701091771574738e+03
2.123701091771574738e+03
2.055787572282464225e+03
2.007796701603865586e+03
2.007796701603865586e+03
2.012701592889007088e+03
2.073287858668303670e+03
2.133874124447600025e+03
2.133874124447600025e+03
2.131282875027598948e+03
2.004391872614016847e+03
1.909991503020603204e+03
1.836793113601356708e+03
1.802774114170832036e+03
1.768755114740307363e+03
1.540307188182910295e+03
1.402612089123532996e+03
1.402612089123532996e+03
1.493470451964317817e+03
1.672134283467300975e+03
1.731754526317459749e+03
1.791374769167618297e+03
1.791374769167618297e+03
1.661125445048136498e+03
1.568437646500100300e+03
1.568437646500100300e+03
1.621324153285318971e+03
1.677585464967801272e+03
1.733846776650283573e+03
1.733846776650283573e+03
1.650237750802255505e+03
1.650237750802255505e+03
1.764685459847312814e+03
1.764685459847312814e+03
1.703829326082692660e+03
1.642973192318072506e+03
1.361114777964843370e+03
1.198262991966575100e+03
1.194136648948398488e+03
1.194136648948398488e+03
1.249207058091270483e+03
1.427707960658228330e+03
1.606208863225186178e+03
1.633478368893171137e+03
1.732355935066907932e+03
1.873566295082265015e+03
1.873566295082265015e+03
1.865676527900284100e+03
1.797758527676137419e+03
1.729840527451990738e+03
1.398312721543188900e+03
1.310814148948439424e+03
1.200297371994999367e+03
1.200297371994999367e+03
1.418341462532066316e+03
1.425531349302762465e+03
1.432721236073458385e+03
1.432721236073458385e+03
1.432721236073458385e+03
1.549538652299578871e+03
1.749956616474519024e+03
1.883729252425925552e+03
1.883729252425925552e+03
1.883729252425925552e+03
1.877921269193811895e+03
1.828021980571730410e+03
1.877921269193811895e+03
1.943792439759058880e+03
2.159457921262634500e+03
2.159457921262634500e+03
2.159457921262634500e+03
2.111271996195087922e+03
1.885811594689725553e+03
1.723495507640604956e+03
1.723495507640604956e+03
1.926535992806763943e+03
1.926535992806763943e+03
1.926535992806763943e+03
1.785989812481022909e+03
1.602827468363549997e+03
1.590541411361919927e+03
1.503866613773661129e+03
1.503866613773661129e+03
1.550150464170210398e+03
1.596434314566759440e+03
1.596434314566759440e+03
1.596434314566759440e+03
1.792885446419409618e+03
2.161259131855857049e+03
2.637480131529907794e+03
2.908554726032443796e+03
3.179629320534979797e+03
3.179629320534979797e+03
3.179629320534979797e+03
3.212242014025667231e+03
3.618761670197100102e+03
4.205409966701858139e+03
4.205409966701858139e+03
4.205409966701858139e+03
4.205409966701858139e+03
4.308907391119308159e+03
5.240325825108908248e+03
5.240325825108908248e+03
4.968157392313933087e+03
4.558866979356344018e+03
4.149576566398755858e+03
4.096046014348775316e+03
4.096046014348775316e+03
4.679977415765241858e+03
4.844394281063261587e+03
5.166128719715394254e+03
5.166128719715394254e+03
5.166128719715394254e+03
5.166128719715394254e+03
5.118520655923384766e+03
4.661188452036927629e+03
4.661188452036927629e+03
5.268757516802556893e+03
5.268757516802556893e+03
5.268757516802556893e+03
4.412469748098346827e+03
3.896285015484560063e+03
3.896285015484560063e+03
4.463327632301999984e+03
4.824452616287330784e+03
4.824452616287330784e+03
4.824452616287330784e+03
4.432514874959945701e+03
4.123230062394053675e+03
4.048085950303276149e+03
4.048085950303276149e+03
4.048085950303276149e+03
4.334240474697064201e+03
4.620394999090851343e+03
4.910920005393931206e+03
5.566223802821048594e+03
6.035391602470961516e+03
6.107300837767072153e+03
6.147763824181203745e+03
6.509127284261709065e+03
6.870490744342214384e+03
7.378905408486429224e+03
8.906923839409117136e+03
1.085505282053202063e+04
1.085505282053202063e+04
1.068698663251272410e+04
9.705736503386080585e+03
8.724486374259438890e+03
7.777280542550334758e+03
7.777280542550334758e+03
8.909498459723634369e+03
1.105024963986666808e+04
1.552022495575377252e+04
1.552022495575377252e+04
1.552022495575377252e+04
1.302435961374663202e+04
1.209505768222031111e+04
1.067930679123734444e+04
1.035183318789226723e+04
1.033039257950093997e+04
9.038298397147871583e+03
7.746204214794804102e+03
5.140509809154359573e+03
4.721916575313257454e+03
4.561344499616959183e+03
4.561344499616959183e+03
3.110996571287041661e+03
2.912583469692852304e+03
2.714170368098662493e+03
2.714170368098662493e+03
3.223284059930238072e+03
3.799225238462885045e+03
4.507518639517185875e+03
5.147809884281514314e+03
5.879320049056703283e+03
6.610830213831891342e+03
6.610830213831891342e+03
5.204886164521419232e+03
5.204886164521419232e+03
6.641632387407128590e+03
6.847390359018114395e+03
6.847390359018114395e+03
6.847390359018114395e+03
6.847390359018114395e+03
6.719278222937077771e+03
6.719278222937077771e+03
5.984738003621500866e+03
5.691664325465401816e+03
5.330857304255076087e+03
4.970050283044751268e+03
4.631125668468715958e+03
4.631125668468715958e+03
4.608636284177147900e+03
4.172594171325502430e+03
3.768420476022849471e+03
3.768420476022849471e+03
3.458629179058630143e+03
3.458629179058630143e+03
2.113296736048685943e+03
2.113296736048685943e+03
2.105860416666666879e+03
2.105860416666666879e+03
1.921882183176553099e+03
1.737903949686439091e+03
1.413027321768061938e+03
1.399750494402083177e+03
1.386975212933421062e+03
1.221399897364983644e+03
1.221399897364983644e+03
1.432537724644813579e+03
1.643675551924643514e+03
1.712163357739232424e+03
1.712163357739232424e+03
1.483663235361320631e+03
1.483663235361320631e+03
1.533043415513530363e+03
1.702943614629639569e+03
1.872843813745748776e+03
2.160386327491968132e+03
2.160386327491968132e+03
1.869305186987592833e+03
1.712590869863760190e+03
1.712590869863760190e+03
1.811101823602894456e+03
1.909612777342028721e+03
1.909612777342028721e+03
1.697639917923741677e+03
1.680398953639719821e+03
1.680398953639719821e+03
1.806332505480796044e+03
1.806332505480796044e+03
1.806332505480796044e+03
1.740996859156354731e+03
1.685157534768690311e+03
1.641163479837649220e+03
1.633272953151400316e+03
1.641163479837649220e+03
1.711244349520380865e+03
1.781325219203112511e+03
1.917117109531177675e+03
1.962509585982304088e+03
1.962509585982304088e+03
1.962509585982304088e+03
2.056406207549330702e+03
2.056406207549330702e+03
2.056406207549330702e+03
1.932220808942179019e+03
1.674656630130964913e+03
1.360490346435152333e+03
1.081271281230768864e+03
1.081271281230768864e+03
1.221752078897187857e+03
1.362232876563606624e+03
1.395397313232635497e+03
1.395397313232635497e+03
1.341695163296197961e+03
1.341695163296197961e+03
1.455085213117666626e+03
1.664721325881763278e+03
1.874357438645859929e+03
2.028791120272299167e+03
2.049867387913735001e+03
2.056581603553934201e+03
2.056581603553934201e+03
2.570826305830009005e+03
2.631345499217370616e+03
2.691864692604732227e+03
2.691864692604732227e+03
2.546164723719257836e+03
2.388529083598630223e+03
2.388529083598630223e+03
2.562467424254166872e+03
2.701145828507007536e+03
2.839824232759848655e+03
2.839824232759848655e+03
2.609729503119353012e+03
2.609729503119353012e+03
2.681868301415608585e+03
3.328836144557972602e+03
3.328836144557972602e+03
3.328836144557972602e+03
3.263564089841653640e+03
3.193105075202008265e+03
3.193105075202008265e+03
3.383300707674489786e+03
3.995844313125977806e+03
3.995844313125977806e+03
3.995844313125977806e+03
4.273000572427156840e+03
3.914760177666239088e+03
3.648419847850410861e+03
