1.243957827874116902e+03
1.243957827874116902e+03
8.587911028867733876e+02
8.253051351685394366e+02
7.972587031939081044e+02
7.662366812761470101e+02
7.142875506217218344e+02
7.076309380248189882e+02
7.009743254279160283e+02
7.142875506217218344e+02
8.493892379606731993e+02
8.493892379606731993e+02
8.215037456068836264e+02
8.029331019802759783e+02
8.029331019802759783e+02
8.029331019802759783e+02
8.029331019802759783e+02
7.152875039761430571e+02
7.152875039761430571e+02
7.855348888301228953e+02
7.855348888301228953e+02
7.671948728835518523e+02
7.488548569369806955e+02
7.488548569369806955e+02
7.488548569369806955e+02
7.488548569369806955e+02
7.488548569369806955e+02
7.488548569369806955e+02
9.949631540089851569e+02
9.949631540089851569e+02
9.949631540089851569e+02
9.949631540089851569e+02
1.025365977220801142e+03
1.025365977220801142e+03
8.787515920459762810e+02
8.293609932783249405e+02
7.799703945106737137e+02
7.799703945106737137e+02
7.700579263263285839e+02
7.521922775426053249e+02
6.971547139156922412e+02
6.971547139156922412e+02
7.533949721922977005e+02
8.096352304689032735e+02
8.321648851280383496e+02
8.321648851280383496e+02
9.152136348578547995e+02
9.152136348578547995e+02
9.033822539184951665e+02
9.033822539184951665e+02
9.033822539184951665e+02
9.499052576391711682e+02
9.499052576391711682e+02
8.516202405067572272e+02
8.516202405067572272e+02
8.971679742961581496e+02
9.523902801303024717e+02
1.007612585964446794e+03
1.047121047935493834e+03
1.054522676948351773e+03
1.054522676948351773e+03
1.068115695943994069e+03
1.122686521097688001e+03
1.141942686018891436e+03
1.161198850940094871e+03
1.161198850940094871e+03
9.736272449159420148e+02
9.666763800281987642e+02
9.736272449159420148e+02
1.020983126790793222e+03
1.027405273754726750e+03
1.033827420718660505e+03
1.075008743935599796e+03
1.097190171902433121e+03
1.144919654466555585e+03
1.144919654466555585e+03
1.111941962137306064e+03
1.111941962137306064e+03
1.111941962137306064e+03
1.111941962137306064e+03
9.552291174455408509e+02
9.299327252828716155e+02
9.201921667983177713e+02
9.299327252828716155e+02
9.250624460405947502e+02
9.201921667983177713e+02
9.067612120939465967e+02
8.414891485008704421e+02
8.414891485008704421e+02
8.033949082575494458e+02
7.559695833554700357e+02
7.556908096401028843e+02
7.554120359247357328e+02
7.554120359247357328e+02
7.320718663691438906e+02
6.996012548612202409e+02
6.576727770599952692e+02
6.367103249300892003e+02
6.065781995613713207e+02
5.764460741926535547e+02
5.564061007228749531e+02
5.564061007228749531e+02
5.852273468061296171e+02
5.852273468061296171e+02
5.852273468061296171e+02
5.767176439366035083e+02
5.682079410670775133e+02
5.369114566849966650e+02
5.304661051801159601e+02
5.304661051801159601e+02
5.450795048665372633e+02
5.460389819837619143e+02
5.722195548965255512e+02
5.984001278092893017e+02
5.984001278092893017e+02
6.057975090312911561e+02
5.835481877882863273e+02
6.057975090312911561e+02
5.841890947953875184e+02
5.841890947953875184e+02
5.841890947953875184e+02
5.756730856048328633e+02
5.536196348877539322e+02
5.354724995505097240e+02
5.353487295659256233e+02
5.353487295659256233e+02
5.611051483095542380e+02
5.868615670531828528e+02
5.868615670531828528e+02
5.242098837863487688e+02
4.854877792084052999e+02
4.642336420577434524e+02
4.642336420577434524e+02
4.800523659122894742e+02
4.958710897668354960e+02
4.958710897668354960e+02
5.254858878129890627e+02
5.409711243098690829e+02
6.489482479687151226e+02
8.190977796134204709e+02
8.739312451520562490e+02
9.287647106906920271e+02
9.287647106906920271e+02
8.729754705358069486e+02
8.472870250782824542e+02
7.841516631489540714e+02
7.231238548576862968e+02
7.116781924803326547e+02
7.002325301029790126e+02
6.929544351692084092e+02
6.250682339718085814e+02
6.198676945930517377e+02
6.128943266464701765e+02
6.198676945930517377e+02
6.622110389119484353e+02
7.045543832308451329e+02
7.050586019607384287e+02
7.045543832308451329e+02
6.907834220242664287e+02
6.801761816054029168e+02
6.652531524676035133e+02
6.652531524676035133e+02
6.652531524676035133e+02
6.677453641052633202e+02
7.093162113634805337e+02
7.393810703020089932e+02
7.393810703020089932e+02
7.630703874207653143e+02
7.412834939541407948e+02
7.194966004875162753e+02
7.119151263153099762e+02
6.544420093199319126e+02
6.025541295522373275e+02
6.001389033059144822e+02
6.001389033059144822e+02
6.001389033059144822e+02
6.001389033059144822e+02
5.583486632621646777e+02
5.458495375626861232e+02
5.458495375626861232e+02
5.667988285548553904e+02
6.151089557094603606e+02
6.580189910114373788e+02
7.009290263134143970e+02
7.334953245435777944e+02
7.334953245435777944e+02
7.221936863908308624e+02
7.221936863908308624e+02
8.015870292639184527e+02
8.507913135241963118e+02
8.999955977844740573e+02
9.511224176293980008e+02
1.102988682213190941e+03
1.243273953589183520e+03
1.391381253726037812e+03
1.507399388874639499e+03
1.529944855674099699e+03
1.552490322473559900e+03
1.572878963168232758e+03
1.566875273277725682e+03
1.572878963168232758e+03
1.577247664096196331e+03
1.659531541830126343e+03
1.683512223494919226e+03
1.707492905159712109e+03
1.707492905159712109e+03
1.769710423588415097e+03
1.907420786511596816e+03
2.400576259059460426e+03
2.400576259059460426e+03
2.128843625910856645e+03
1.857110992762253090e+03
1.705132499934280304e+03
1.705132499934280304e+03
1.845174911360920760e+03
1.845174911360920760e+03
1.978466791590961293e+03
1.978466791590961293e+03
1.978466791590961293e+03
1.978466791590961293e+03
1.825256482035148792e+03
1.732682053181171113e+03
1.635717576679662443e+03
1.260631379434319570e+03
1.149822231305093737e+03
1.039013083175867678e+03
8.256508839874147725e+02
7.911430699315071706e+02
7.911430699315071706e+02
1.049235672205943956e+03
1.049235672205943956e+03
1.007564521889049161e+03
9.658933715721543649e+02
9.094417151505374477e+02
9.094417151505374477e+02
1.019704596226202057e+03
1.140299281085070788e+03
1.364693084783981249e+03
1.364693084783981249e+03
1.364693084783981249e+03
1.352878798924687089e+03
1.320961113631882199e+03
1.320961113631882199e+03
1.196496592628751159e+03
1.196496592628751159e+03
1.196496592628751159e+03
1.196496592628751159e+03
9.127003852474870200e+02
8.377960254900434620e+02
7.726624857426504605e+02
7.708278142711330929e+02
7.647866944092501171e+02
7.545590719565821018e+02
7.443314495039140866e+02
7.479507483137484769e+02
7.479507483137484769e+02
7.692539721484583879e+02
7.752892079807973005e+02
7.752892079807973005e+02
7.768903170261688729e+02
7.784914260715404453e+02
7.784914260715404453e+02
7.385490412201879735e+02
7.252673009109770419e+02
6.313480114866129043e+02
6.313480114866129043e+02
5.773915052099981722e+02
5.773915052099981722e+02
5.008036703691684579e+02
5.008036703691684579e+02
5.342921732257094618e+02
6.119239799087840765e+02
7.129143072200184861e+02
7.206748330777396632e+02
7.206748330777396632e+02
4.666217874347885868e+02
4.666217874347885868e+02
4.666217874347885868e+02
4.666217874347885868e+02
4.666217874347885868e+02
5.264139773316204582e+02
5.862061672284523866e+02
5.862061672284523866e+02
5.595635808111418328e+02
5.409290073189470149e+02
5.409290073189470149e+02
5.409290073189470149e+02
5.820529667897907302e+02
6.231769262606344455e+02
6.231769262606344455e+02
6.496631463318224178e+02
6.496631463318224178e+02
6.496631463318224178e+02
6.676594434577759785e+02
6.869436504593618338e+02
7.062278574609475754e+02
7.170164324261215825e+02
7.544222096956104906e+02
7.880858638080695755e+02
7.880858638080695755e+02
8.230012381961551000e+02
8.638013636322491493e+02
9.046014890683431986e+02
9.464262975966729527e+02
9.464262975966729527e+02
8.323216019019905616e+02
7.731275385541756577e+02
8.206774665087719995e+02
8.206774665087719995e+02
8.206774665087719995e+02
8.206774665087719995e+02
8.172175607470521754e+02
7.144412668316180088e+02
7.144412668316180088e+02
7.752070074381434779e+02
7.768955885484738246e+02
7.785841696588042851e+02
7.752070074381434779e+02
7.622558618156227794e+02
7.622558618156227794e+02
8.106767145721242969e+02
9.288973478598671818e+02
1.112629655459345258e+03
1.296361963058823449e+03
1.499364606029055494e+03
1.499364606029055494e+03
1.499364606029055494e+03
1.596798125878693554e+03
1.712061798819340993e+03
1.654429962349017387e+03
1.596798125878693554e+03
1.437749664979266299e+03
1.204115249663799432e+03
1.102808253289007098e+03
1.086137554581073573e+03
1.086137554581073573e+03
1.186511124327042580e+03
1.286884694073011588e+03
1.325455928608461363e+03
1.389475408249302063e+03
1.555803229372418400e+03
1.555803229372418400e+03
1.243542690066579098e+03
1.213502339365612443e+03
1.183461988664645787e+03
1.243542690066579098e+03
1.257435431384230696e+03
1.317275502795638431e+03
1.341602326711235492e+03
1.462297002734969510e+03
1.504167558005300180e+03
1.546038113275631076e+03
1.669072986671161516e+03
1.669072986671161516e+03
1.632826339181397088e+03
1.623681702955785568e+03
1.386657959298600645e+03
1.386657959298600645e+03
1.386657959298600645e+03
1.544495029817197519e+03
1.566846867336487094e+03
1.703839460749875116e+03
1.764386675258837613e+03
1.764386675258837613e+03
1.764386675258837613e+03
1.480380994733945499e+03
1.480380994733945499e+03
1.480380994733945499e+03
1.642416802556339917e+03
1.642416802556339917e+03
1.419991895170069029e+03
1.399627058177704839e+03
1.379262221185340877e+03
1.373120685015062918e+03
1.319630315770622474e+03
1.251319016405402863e+03
1.251319016405402863e+03
1.362999908309885541e+03
1.414222823886562765e+03
1.465445739463239988e+03
1.524061411848889520e+03
1.534839636627048321e+03
1.592530038999200315e+03
1.592530038999200315e+03
1.516659565259096098e+03
1.460788665239990451e+03
1.404917765220884803e+03
1.360255135185462450e+03
1.360255135185462450e+03
1.360255135185462450e+03
1.421240180386320617e+03
1.485738625975110381e+03
1.490026628937860778e+03
1.494314631900611175e+03
1.494314631900611175e+03
1.461984815650241217e+03
1.461984815650241217e+03
1.476090800225712883e+03
1.546081756602774703e+03
1.552325296249846815e+03
1.558568835896918699e+03
1.572077389636041516e+03
1.558568835896918699e+03
1.419440556885096157e+03
1.388593266242137361e+03
1.226472069969452832e+03
1.226472069969452832e+03
1.335345296436279568e+03
1.417591826729967579e+03
1.417591826729967579e+03
1.261473224043946857e+03
1.261473224043946857e+03
1.261473224043946857e+03
1.261473224043946857e+03
1.261473224043946857e+03
1.284228809442173088e+03
1.284228809442173088e+03
1.168231718768772225e+03
1.078084713201287514e+03
9.052779297018773832e+02
9.052779297018773832e+02
9.052779297018773832e+02
9.944362061511395723e+02
9.944362061511395723e+02
8.148630072390091073e+02
8.148630072390091073e+02
8.426996814138033187e+02
8.441645041612501927e+02
8.456293269086970668e+02
8.456293269086970668e+02
8.456293269086970668e+02
8.310822917047207739e+02
8.244457583909673986e+02
8.244457583909673986e+02
8.541875457878369389e+02
8.839293331847064792e+02
9.551195923531452081e+02
9.551195923531452081e+02
9.102979558723179707e+02
8.679379971484027010e+02
8.533015887737223011e+02
8.533015887737223011e+02
8.533015887737223011e+02
8.788793088317713682e+02
8.828876109999703203e+02
8.836302703351717582e+02
9.489414957740596037e+02
1.457513353490633108e+03
1.460747291599885102e+03
1.463981229709136869e+03
1.493726695475349970e+03
1.493726695475349970e+03
1.488092830722721374e+03
1.433820562989177233e+03
1.229140436492251183e+03
1.156089624003686822e+03
1.083038811515122461e+03
8.348268948510320797e+02
7.834693708822845792e+02
7.113819554875909716e+02
5.375659008660677500e+02
5.375659008660677500e+02
7.112013883368988445e+02
8.848368758077299390e+02
8.899628116684094721e+02
9.648848634753893521e+02
9.648848634753893521e+02
1.017731956703020046e+03
1.147704566852504513e+03
1.149002909585813995e+03
1.150301252319123250e+03
1.181909054855075510e+03
1.242888200246235783e+03
1.309634268179007677e+03
1.309634268179007677e+03
1.300071019737658617e+03
1.221078642395342058e+03
1.142086265053025500e+03
9.466190854363592280e+02
9.436498233073285746e+02
9.436498233073285746e+02
9.547334928671767784e+02
9.547334928671767784e+02
9.544604760024197958e+02
9.541874591376628132e+02
8.332634178625351069e+02
8.332634178625351069e+02
8.292177287851334313e+02
8.292177287851334313e+02
7.961088180711735731e+02
7.781552313425413558e+02
7.602016446139091386e+02
7.389006542073238961e+02
6.434909025303236376e+02
6.434909025303236376e+02
6.198987496047193417e+02
6.198987496047193417e+02
6.144279098498413987e+02
6.089570700949633419e+02
5.875117549459059774e+02
5.659225175063128290e+02
5.063644581578745374e+02
5.063644581578745374e+02
6.424695888871207217e+02
6.662820382565699902e+02
6.900944876260192586e+02
7.295848311618395883e+02
8.445056385443822364e+02
9.068324538194524393e+02
9.068324538194524393e+02
9.096655418379704088e+02
8.771557725785883122e+02
8.446460033192061019e+02
8.480626679601363094e+02
8.446460033192061019e+02
8.077017260377299408e+02
7.120857776382503062e+02
7.120857776382503062e+02
7.134900418290322932e+02
7.148943060198142803e+02
7.148943060198142803e+02
5.859200920884925381e+02
5.859200920884925381e+02
5.859200920884925381e+02
5.622663775016865202e+02
5.529458141180699613e+02
5.436252507344534024e+02
5.076806108176345447e+02
5.076806108176345447e+02
5.145745453065229640e+02
5.505224381497080230e+02
5.606083712115516846e+02
5.555654046806298538e+02
5.505224381497080230e+02
5.615749331443495294e+02
5.615749331443495294e+02
6.594723948830080644e+02
6.599467094075571367e+02
6.673974554652728557e+02
6.990436823811501199e+02
7.306899092970274978e+02
7.674675042535557168e+02
8.145167130506911235e+02
8.145167130506911235e+02
6.844648579366445347e+02
6.156127030932466369e+02
6.156127030932466369e+02
6.156127030932466369e+02
6.217140795953927181e+02
7.371524077820457705e+02
9.468138479657698099e+02
9.989507216674898018e+02
1.239680510737479835e+03
1.239680510737479835e+03
1.239680510737479835e+03
1.269194950232119709e+03
1.313012291742969410e+03
1.313012291742969410e+03
1.312799157004156768e+03
1.312799157004156768e+03
1.338069515536075414e+03
1.363339874067994288e+03
1.422130608085308495e+03
1.486621878083790989e+03
1.487699533677357294e+03
1.487699533677357294e+03
1.449292436580440381e+03
1.338925052489100835e+03
1.228557668397761063e+03
9.620126695643135690e+02
9.620126695643135690e+02
9.786467233030907664e+02
1.124193765954998980e+03
1.124193765954998980e+03
1.092246875340120823e+03
1.060299984725242894e+03
1.060299984725242894e+03
1.107040408758508875e+03
1.225287488911404353e+03
1.225287488911404353e+03
1.281341580528811392e+03
1.233831497469025180e+03
1.186321414409238741e+03
1.281341580528811392e+03
1.440124717446417435e+03
1.492745790204216291e+03
1.764931600333889037e+03
1.764931600333889037e+03
1.731771121025561115e+03
1.698610641717232966e+03
1.698610641717232966e+03
1.737190900177794902e+03
1.758198973395712756e+03
1.737190900177794902e+03
1.737190900177794902e+03
1.533530093254100393e+03
1.533530093254100393e+03
1.374309268670402616e+03
1.374309268670402616e+03
1.577407897666638291e+03
1.633153804921287019e+03
1.633153804921287019e+03
1.333430850323131153e+03
1.033707895724975288e+03
1.029306790479442498e+03
1.029306790479442498e+03
1.179901049518132368e+03
1.442405441979547959e+03
1.442405441979547959e+03
1.542198376922776561e+03
1.641991311866005162e+03
1.641991311866005162e+03
1.782680719747548892e+03
1.782680719747548892e+03
1.751538040371656734e+03
1.621700243027797796e+03
1.485408931596789898e+03
1.349117620165782228e+03
1.138511207793778794e+03
1.032173245503525095e+03
8.614173758748996761e+02
8.520583701004411523e+02
8.614173758748996761e+02
7.381685917928402887e+02
6.371891050605592000e+02
6.371891050605592000e+02
9.205569881269804000e+02
9.258719770203867938e+02
9.258719770203867938e+02
6.539953488372093489e+02
6.051176145592075954e+02
6.051176145592075954e+02
6.051176145592075954e+02
6.375613098138945816e+02
6.375613098138945816e+02
6.375613098138945816e+02
6.375613098138945816e+02
5.939768684994867272e+02
5.503924271850787591e+02
5.106997490149527152e+02
5.106997490149527152e+02
5.673900969624897925e+02
5.673900969624897925e+02
5.257376094053196312e+02
5.249203046112597804e+02
5.241029998171998159e+02
5.257376094053196312e+02
5.266210257273405659e+02
5.295734929150124799e+02
5.459486061027740789e+02
5.572326623233147984e+02
6.198261088641577317e+02
6.824195554050006649e+02
6.936412883446596425e+02
6.936412883446596425e+02
6.936412883446596425e+02
6.549280363061784556e+02
6.977656492232358687e+02
7.236289709236397130e+02
7.494922926240435572e+02
8.149223434214192139e+02
8.149223434214192139e+02
7.274049268001666633e+02
6.628109777384836434e+02
6.628109777384836434e+02
7.714639284086305224e+02
8.801168790787774014e+02
8.801168790787774014e+02
8.661359351701881906e+02
7.543578251243645809e+02
7.543578251243645809e+02
7.798200759508245028e+02
7.968798718919583735e+02
8.139396678330923578e+02
8.198021746638585228e+02
8.318645428072625236e+02
8.318645428072625236e+02
7.593006609740360773e+02
6.712070855185276059e+02
6.526376485219086589e+02
6.340682115252898257e+02
5.986727296845756428e+02
5.986727296845756428e+02
6.895058363987874372e+02
7.749660227816714269e+02
8.064141174923058770e+02
7.906900701369886519e+02
7.749660227816714269e+02
6.672780178418917103e+02
6.459522721636813003e+02
6.459522721636813003e+02
8.873609234308420355e+02
8.873609234308420355e+02
7.704422612874409424e+02
6.535235991440399630e+02
5.730827640840490176e+02
5.730827640840490176e+02
5.827502380097121204e+02
5.827502380097121204e+02
6.670945876361173532e+02
7.426593743246719441e+02
8.182241610132264213e+02
8.975234809049773048e+02
9.060244640413880006e+02
8.975234809049773048e+02
5.754406845419157435e+02
5.754406845419157435e+02
6.543328605611743569e+02
7.332250365804328567e+02
7.547853306876730812e+02
7.332250365804328567e+02
7.186945781343769113e+02
6.869683582624063547e+02
6.869683582624063547e+02
7.403991191682185899e+02
7.938298800740308252e+02
7.938298800740308252e+02
7.859073490333086056e+02
7.859073490333086056e+02
9.092104759212079443e+02
9.092104759212079443e+02
8.241296629818003794e+02
7.390488500423928144e+02
6.760963835464257272e+02
6.283417803384444369e+02
5.970092705269419184e+02
5.970092705269419184e+02
7.159072976737126055e+02
9.327761275306038442e+02
1.149644957387494969e+03
1.156620441765621308e+03
1.163595926143747420e+03
1.163595926143747420e+03
1.163595926143747420e+03
1.051378363089980439e+03
9.617030622363698740e+02
8.720277613827593086e+02
6.980970378235538192e+02
5.730350903606533848e+02
5.612702602271845080e+02
5.612702602271845080e+02
5.980939738141979660e+02
6.911080830689568302e+02
7.841221923237155806e+02
8.883745798229670072e+02
8.883745798229670072e+02
7.572761333600980151e+02
6.888283227397157589e+02
6.888283227397157589e+02
7.093271147119430680e+02
7.298259066841703770e+02
8.218009229286790287e+02
7.298259066841703770e+02
7.977481208417264043e+02
7.229177640004600107e+02
7.977481208417264043e+02
7.657298732071288896e+02
7.657298732071288896e+02
7.568883832737419652e+02
7.496923300888986432e+02
7.496923300888986432e+02
8.282403701329335490e+02
8.282403701329335490e+02
6.988507386363635305e+02
6.988507386363635305e+02
6.988507386363635305e+02
7.534786101470234598e+02
7.534786101470234598e+02
8.182177004909983680e+02
7.863162652921103017e+02
7.863162652921103017e+02
7.863162652921103017e+02
6.984962856932240811e+02
5.993427975012153865e+02
5.623616356168089396e+02
5.554675244556788130e+02
5.554675244556788130e+02
5.794548386870798140e+02
6.034421529184808151e+02
6.108594642538567996e+02
6.187400186003283125e+02
6.197970226095092130e+02
6.536204283403895943e+02
6.607052002331978429e+02
7.059407293740825935e+02
7.511762585149672304e+02
9.208609499692488498e+02
1.024585378555477973e+03
1.024585378555477973e+03
8.921450292377768392e+02
8.921450292377768392e+02
8.921450292377768392e+02
8.921450292377768392e+02
8.701457966067860070e+02
8.493310784671309648e+02
7.698541204536911664e+02
7.337167771544734478e+02
7.337167771544734478e+02
8.161926372101875131e+02
8.986684972659016921e+02
8.986684972659016921e+02
8.729294018087717859e+02
8.405553052083823786e+02
7.514206233045658792e+02
7.514206233045658792e+02
7.640958038050484902e+02
7.767709843055312149e+02
7.803606148075384681e+02
7.767709843055312149e+02
7.559774973646486842e+02
7.559774973646486842e+02
7.875107260957031485e+02
8.181218732508103813e+02
8.487330204059176140e+02
9.397799266661344291e+02
9.576819654149842336e+02
9.576819654149842336e+02
1.006840405809897788e+03
1.021105617122429635e+03
1.013973011466163712e+03
1.006840405809897788e+03
9.911269113576868222e+02
9.327270976390796022e+02
9.232910446207188215e+02
9.187326656835524545e+02
9.187326656835524545e+02
9.426420425997196162e+02
9.665514195158867778e+02
9.665514195158867778e+02
9.301827914491061620e+02
8.432573939194438708e+02
7.330426697749319374e+02
6.878307780572881711e+02
6.878307780572881711e+02
6.878307780572881711e+02
6.878307780572881711e+02
6.692333108102686765e+02
5.870467882764179421e+02
5.773343519828442822e+02
5.617786021602806841e+02
5.508458776968365100e+02
5.399131532333923360e+02
4.407955392311952210e+02
4.060175350401403875e+02
4.060175350401403875e+02
4.211843281567935833e+02
4.630732032126512649e+02
4.840126205734173368e+02
5.049520379341834087e+02
5.049520379341834087e+02
5.049520379341834087e+02
6.429641303723967667e+02
7.412094744006381006e+02
8.602453953205416610e+02
8.007274348605899377e+02
7.412094744006381006e+02
7.661360561935820215e+02
7.416194256913449863e+02
7.661360561935820215e+02
7.416194256913449863e+02
7.168824158141699172e+02
7.133549964941704502e+02
7.098275771741709832e+02
6.548735543437677507e+02
6.163736256645091771e+02
5.876494486878787029e+02
5.336580240149356769e+02
5.336580240149356769e+02
5.679612148523117412e+02
6.022644056896879192e+02
6.059640999786415705e+02
6.340683370703579840e+02
6.625073631035617154e+02
6.759473480553938316e+02
7.302648177422186109e+02
7.403230575094909227e+02
7.503812972767632345e+02
8.388664829340325468e+02
8.388664829340325468e+02
8.757969860929105153e+02
8.757969860929105153e+02
8.876255602489625289e+02
8.876255602489625289e+02
8.876255602489625289e+02
8.876255602489625289e+02
8.252497510457817498e+02
7.521541915359816812e+02
7.521541915359816812e+02
7.662456594977926443e+02
7.662456594977926443e+02
7.662456594977926443e+02
7.098970863611820050e+02
6.998156999678664079e+02
6.998156999678664079e+02
8.118537664558728011e+02
8.121554883517156895e+02
8.259831538992318656e+02
8.398108194467479279e+02
8.398108194467479279e+02
7.393233475374862564e+02
7.393233475374862564e+02
7.771915378323949426e+02
8.213761584042065351e+02
8.213761584042065351e+02
8.213761584042065351e+02
8.034913280183690176e+02
8.034913280183690176e+02
1.006517759746067554e+03
1.046659670206843202e+03
1.046659670206843202e+03
9.397786125543768776e+02
8.328975549019105529e+02
7.342112733407116139e+02
7.342112733407116139e+02
7.731783229585677191e+02
8.084190408824613314e+02
9.400290380938004091e+02
9.435380936330723216e+02
9.470471491723442341e+02
9.613637499285483727e+02
9.742669455966738496e+02
9.613637499285483727e+02
9.489589537462453563e+02
7.782674407427219876e+02
7.479958238351360933e+02
7.177242069275501990e+02
6.395269708964630127e+02
6.395269708964630127e+02
6.835772934278936646e+02
7.097298380321149125e+02
7.634084998368256265e+02
8.294574823861887580e+02
8.955064649355520032e+02
8.976435996387357363e+02
9.152830621953479522e+02
9.856454738105355773e+02
1.173636542081386324e+03
1.528815020133861253e+03
1.536681687277774017e+03
1.544548354421686781e+03
1.558715042541193952e+03
1.884456195593845678e+03
1.978506772580190045e+03
1.978506772580190045e+03
1.883817205055285058e+03
1.883817205055285058e+03
1.883817205055285058e+03
2.031380977120890748e+03
2.061389972202644913e+03
2.061389972202644913e+03
1.977810534856647109e+03
1.850233594375464008e+03
1.790248016354351876e+03
1.730262438333239970e+03
1.595886884366578215e+03
1.582520989650300180e+03
1.584976348386967175e+03
1.582520989650300180e+03
1.465811707393505912e+03
1.359156123771173952e+03
1.252500540148841765e+03
1.227707313320805497e+03
1.227707313320805497e+03
1.221767869488162205e+03
1.221767869488162205e+03
1.099046139141240701e+03
1.079380388170966398e+03
1.059714637200692096e+03
1.022654841553462006e+03
9.940516159618649681e+02
9.036594581228652032e+02
7.320713986385201224e+02
7.320713986385201224e+02
7.264983313799474445e+02
7.369045494865898718e+02
7.369045494865898718e+02
7.692455063211527886e+02
7.777734598324536819e+02
7.777734598324536819e+02
1.003971362640984012e+03
1.020985094339622378e+03
1.628449489696534329e+03
1.895349460079422443e+03
1.895349460079422443e+03
1.782872399214482812e+03
1.782872399214482812e+03
1.782872399214482812e+03
1.782872399214482812e+03
1.782872399214482812e+03
1.782872399214482812e+03
1.250516601215703076e+03
1.250516601215703076e+03
1.368840424900676908e+03
1.415864164280626028e+03
1.415864164280626028e+03
1.415864164280626028e+03
1.097841258206391558e+03
1.067473967706478106e+03
1.067473967706478106e+03
1.136648059132015305e+03
1.148911844506912757e+03
1.180047619536795082e+03
1.211183394566677634e+03
1.211183394566677634e+03
1.363047201679539057e+03
1.363047201679539057e+03
1.363047201679539057e+03
1.507094417426076006e+03
1.541234250516851262e+03
1.575374083607626289e+03
1.575374083607626289e+03
1.711738800302751088e+03
1.711738800302751088e+03
1.829272690669823533e+03
1.846816626822902890e+03
1.846816626822902890e+03
1.846816626822902890e+03
1.725710525458379607e+03
1.714511565446746090e+03
1.552874415026933548e+03
1.416234571840053604e+03
1.298949153449189680e+03
1.288595271388848687e+03
1.278241389328507921e+03
1.148005897001452240e+03
1.103934494503343785e+03
1.103400116002772165e+03
9.168017975823133838e+02
8.700489404950568542e+02
8.426977668735469251e+02
8.153465932520371098e+02
8.700489404950568542e+02
9.110673725313032492e+02
9.578724225103184153e+02
9.110673725313032492e+02
9.844894315557376103e+02
1.017781632748975653e+03
1.051073833942213696e+03
1.051073833942213696e+03
8.413645307318309960e+02
7.925416692200445823e+02
7.910479090560097575e+02
7.832543124999997417e+02
7.734164729215824536e+02
7.635786333431651656e+02
7.554176521419955179e+02
6.958504610131564050e+02
6.397009593050496505e+02
6.397009593050496505e+02
7.329684279578393671e+02
7.329684279578393671e+02
7.329684279578393671e+02
6.282595837715196012e+02
6.029279298017692099e+02
5.871033508809216528e+02
5.858611535406877238e+02
5.871033508809216528e+02
6.210848169943456014e+02
6.550662831077695500e+02
6.550662831077695500e+02
5.383199630375877405e+02
5.332063671531786895e+02
5.246921419070905586e+02
5.246921419070905586e+02
5.896297162252012640e+02
6.545672905433119695e+02
6.545672905433119695e+02
6.063377309497595888e+02
5.746721037531470984e+02
5.444660987461237482e+02
5.444660987461237482e+02
6.442040034692874997e+02
7.439419081924513648e+02
7.592535976174148118e+02
7.592535976174148118e+02
7.488317291238296320e+02
7.073503787614299654e+02
7.073503787614299654e+02
7.107929166110945971e+02
7.142354544607591151e+02
7.250106521053247661e+02
7.968355277868969324e+02
7.968355277868969324e+02
7.664047260149111480e+02
7.664047260149111480e+02
7.664047260149111480e+02
7.664047260149111480e+02
7.171314197817113154e+02
7.171314197817113154e+02
7.231330801859952544e+02
7.329431439735570848e+02
7.329431439735570848e+02
9.757058455181281715e+02
1.218468547062699145e+03
1.218468547062699145e+03
1.268996536788838966e+03
1.319524526514978561e+03
1.266555707329548113e+03
1.266555707329548113e+03
1.187342732306728976e+03
1.108129757283909839e+03
1.108129757283909839e+03
1.150213889301204063e+03
1.166098258672595421e+03
1.150213889301204063e+03
1.021765944287614388e+03
1.021765944287614388e+03
1.101385466279781213e+03
1.119851555037212165e+03
1.181465190041040614e+03
1.220087974121052412e+03
1.295466186667185184e+03
1.295466186667185184e+03
1.254471191433124886e+03
1.213476196199064589e+03
1.180713798966188051e+03
1.075180338176833629e+03
1.072781039156802308e+03
9.782603660939433894e+02
9.782603660939433894e+02
9.782603660939433894e+02
9.782603660939433894e+02
9.782603660939433894e+02
1.203191260836747688e+03
1.203191260836747688e+03
1.146897602617635357e+03
1.027570231330899105e+03
9.917859069306641686e+02
9.560015825304292321e+02
9.560015825304292321e+02
9.340146359689515521e+02
8.696123782353253091e+02
8.420752252202328236e+02
8.696123782353253091e+02
1.000399442073346108e+03
1.131186505911367021e+03
1.131186505911367021e+03
1.114470926230502755e+03
1.028675120883638783e+03
1.017135324813886427e+03
1.028675120883638783e+03
1.058162423000627086e+03
1.087649725117615390e+03
1.087649725117615390e+03
1.013507129267323194e+03
1.013507129267323194e+03
1.030956745333087611e+03
1.072199746636771351e+03
1.118262549115133424e+03
1.164325351593495498e+03
1.164325351593495498e+03
9.748957613985020316e+02
9.748957613985020316e+02
1.011275111608809652e+03
1.020372646342319172e+03
1.127895609226153738e+03
1.235418572109988418e+03
1.246663860195692905e+03
1.246663860195692905e+03
1.246663860195692905e+03
1.241191906552574892e+03
1.182852430900219588e+03
1.182852430900219588e+03
1.182852430900219588e+03
1.197003958043763078e+03
1.223995793732938864e+03
1.223995793732938864e+03
1.215643349712379404e+03
1.202264378518696049e+03
1.192375642957284526e+03
1.182486907395872777e+03
1.135718109967897817e+03
1.135718109967897817e+03
1.157020019627552074e+03
1.157020019627552074e+03
1.167245898573798740e+03
1.167245898573798740e+03
1.167245898573798740e+03
1.203692960552989234e+03
1.203692960552989234e+03
1.189915678085316358e+03
1.081162874773194289e+03
9.481823039012164145e+02
9.189163861617764724e+02
8.896504684223364166e+02
7.951899118978485603e+02
7.397603994516546209e+02
7.397603994516546209e+02
8.141932002578292895e+02
9.130314089200860508e+02
9.497051634624915550e+02
9.863789180048971730e+02
9.863789180048971730e+02
8.737718211608370211e+02
8.737718211608370211e+02
8.737718211608370211e+02
8.591737986375892433e+02
8.591737986375892433e+02
8.591737986375892433e+02
8.611270119215188288e+02
8.611270119215188288e+02
8.043421668330393004e+02
8.036244795088581441e+02
7.242262705820929796e+02
7.227558101293716391e+02
7.212853496766501848e+02
6.374082285787444562e+02
6.208934985441154595e+02
6.166052580510026928e+02
6.208934985441154595e+02
7.077820672103691777e+02
8.364076666663645483e+02
9.650332661223598052e+02
1.121802306071328303e+03
1.121802306071328303e+03
1.030441081886742495e+03
1.030441081886742495e+03
9.548015024236598265e+02
9.240720178312155895e+02
8.933425332387714661e+02
7.328102667881599928e+02
6.957273299969789377e+02
6.723573877762727307e+02
6.611412858806778559e+02
6.273479098546080195e+02
6.273479098546080195e+02
6.273479098546080195e+02
6.273479098546080195e+02
6.327229584390562422e+02
6.888781194404675716e+02
7.018505284805913789e+02
7.284003923708871753e+02
7.407654933455424953e+02
7.531305943201978153e+02
7.577425300933044809e+02
7.725771736810706898e+02
8.219584472662141934e+02
8.740699594117808147e+02
9.591314367007112196e+02
9.878841251013998317e+02
1.016636813502088444e+03
1.016636813502088444e+03
9.297205988106611585e+02
9.297205988106611585e+02
9.297205988106611585e+02
1.110033449362772899e+03
1.110033449362772899e+03
1.110033449362772899e+03
1.110033449362772899e+03
1.054429715235563435e+03
9.763184719642707705e+02
9.918849060548735679e+02
9.918849060548735679e+02
1.004152549659593774e+03
1.016420193264313980e+03
1.016420193264313980e+03
9.620428559944554081e+02
9.620428559944554081e+02
1.094584988880466881e+03
1.156468017863584691e+03
1.205805618285601895e+03
1.255143218707619098e+03
1.261978197629220858e+03
1.255143218707619098e+03
1.221198586092671576e+03
1.140212345771974469e+03
1.103555278748807268e+03
1.102152907631111702e+03
1.100750536513416364e+03
1.100750536513416364e+03
1.146782792817405380e+03
1.176830597157622378e+03
1.228666064945966809e+03
1.211156610402931165e+03
1.211156610402931165e+03
1.211156610402931165e+03
1.056971344523010430e+03
1.029121506074914350e+03
1.029121506074914350e+03
1.043619725551060583e+03
1.050147648190885093e+03
1.050147648190885093e+03
1.050147648190885093e+03
9.892056816753294015e+02
9.892056816753294015e+02
1.016965753218481382e+03
1.016965753218481382e+03
9.703372065021779918e+02
9.510174579550393901e+02
9.316977094079007884e+02
7.245774143218696963e+02
6.793292713713066178e+02
6.723070189103115126e+02
6.692948428908435972e+02
6.692948428908435972e+02
6.692948428908435972e+02
6.692948428908435972e+02
7.124782689369967557e+02
7.124782689369967557e+02
5.844995936747878886e+02
5.844995936747878886e+02
7.693926678213505284e+02
7.693926678213505284e+02
7.693926678213505284e+02
7.301485917703678297e+02
7.301485917703678297e+02
7.711213908628094487e+02
7.711213908628094487e+02
1.160888566599116757e+03
1.160888566599116757e+03
1.160888566599116757e+03
1.296679030450722166e+03
1.460519979969627684e+03
1.556089537357412382e+03
1.638658557804748398e+03
1.791376969299444227e+03
1.803386687287499171e+03
1.815396405275554343e+03
1.901080079869439487e+03
1.954814596042112044e+03
2.097388336222434191e+03
2.272341713941440048e+03
2.439553951930743096e+03
2.439553951930743096e+03
2.439553951930743096e+03
2.368406044814913002e+03
2.368406044814913002e+03
2.368406044814913002e+03
2.111171152025532137e+03
2.090608858660665192e+03
2.036893351835495650e+03
1.983177845010326337e+03
1.735106805805228987e+03
1.735106805805228987e+03
2.097079165596016537e+03
2.097079165596016537e+03
1.666211889034470914e+03
1.517816596256519915e+03
1.369421303478568916e+03
1.369421303478568916e+03
1.709820790767859307e+03
1.763553442135273599e+03
1.798393451526265380e+03
1.798393451526265380e+03
1.755607186002766866e+03
1.712820920479268580e+03
1.643389268097619606e+03
1.514195988380995686e+03
1.514195988380995686e+03
1.661003270806316550e+03
1.800437226752758079e+03
1.812118690145586470e+03
1.823800153538414861e+03
1.823800153538414861e+03
1.901142145507835949e+03
1.901142145507835949e+03
1.729112484282693231e+03
1.729112484282693231e+03
1.729112484282693231e+03
1.415236861459464990e+03
1.373181398681245355e+03
1.305569123322672112e+03
1.277114116674373236e+03
1.182255470006521136e+03
1.144208315588796950e+03
1.144208315588796950e+03
1.362986032847408978e+03
1.362986032847408978e+03
6.697939678119111022e+02
6.697939678119111022e+02
6.697939678119111022e+02
6.697939678119111022e+02
6.697939678119111022e+02
6.697939678119111022e+02
7.004322403107355512e+02
7.894413855681661971e+02
7.894413855681661971e+02
7.437037004891861898e+02
7.437037004891861898e+02
8.119493174129471527e+02
8.801949343367081156e+02
8.801949343367081156e+02
8.128170255185705173e+02
8.128170255185705173e+02
8.231571113929904868e+02
8.957766095469587526e+02
9.005559659806343689e+02
9.053353224143099851e+02
9.053353224143099851e+02
8.961916128984049692e+02
7.451222253353799942e+02
7.157969181507490930e+02
7.157969181507490930e+02
7.778890332788409978e+02
8.399811484069330163e+02
8.399811484069330163e+02
7.670346276023534529e+02
7.670346276023534529e+02
7.670346276023534529e+02
7.962737792184523187e+02
7.678780700218876518e+02
7.394823608253228713e+02
7.394823608253228713e+02
6.604988720107227209e+02
6.503828966940643568e+02
6.334115822847609252e+02
6.113438962868635826e+02
5.944351630990745434e+02
5.775264299112853905e+02
5.498294962836512241e+02
5.775264299112853905e+02
6.929847259052374966e+02
7.303139770013960970e+02
7.303139770013960970e+02
6.950792598821667525e+02
6.598445427629372944e+02
5.704281654320989219e+02
5.572655935203973740e+02
5.572655935203973740e+02
5.572655935203973740e+02
6.174916902395329998e+02
5.551747286422822754e+02
4.928577670450316077e+02
4.851984427613468824e+02
4.851984427613468824e+02
4.851984427613468824e+02
4.763613804471311255e+02
4.763613804471311255e+02
5.476546608174536459e+02
6.189479411877762232e+02
6.770038159869407082e+02
7.229597888802760508e+02
7.229597888802760508e+02
6.176871391742523656e+02
6.176871391742523656e+02
6.183416592578203108e+02
6.189961793413883697e+02
6.576099019278266269e+02
6.649392183908045126e+02
6.631586675794876555e+02
6.631586675794876555e+02
6.631586675794876555e+02
7.257281494993469551e+02
7.882976314192062546e+02
7.882976314192062546e+02
7.882976314192062546e+02
7.894238479228195047e+02
8.007842994416957936e+02
8.575395597469483846e+02
8.575395597469483846e+02
8.575395597469483846e+02
7.100241984496839223e+02
6.489695846106465069e+02
5.647407179161374415e+02
5.386413508803774448e+02
5.553405329029001223e+02
5.553405329029001223e+02
5.553405329029001223e+02
5.764705598767626498e+02
7.141075282886896503e+02
7.141075282886896503e+02
