2.660573880396965251e+03
2.660573880396965251e+03
2.297808829731330206e+03
2.225292359976186162e+03
2.048800552587391394e+03
2.034918511899270470e+03
2.034918511899270470e+03
2.050849347771666999e+03
2.066780183644063527e+03
2.066780183644063527e+03
2.025542796890353657e+03
1.938761996269622387e+03
1.892095129131532076e+03
1.892095129131532076e+03
1.924746164307720392e+03
1.957397199483908707e+03
2.016216108412663061e+03
2.016216108412663061e+03
2.100307805001622000e+03
2.137935138026256027e+03
2.458253479361001610e+03
2.724255572384415245e+03
2.724255572384415245e+03
2.665081250236351480e+03
2.665081250236351480e+03
2.665081250236351480e+03
2.665081250236351480e+03
2.665081250236351480e+03
2.665081250236351480e+03
2.665081250236351480e+03
2.665081250236351480e+03
2.665081250236351480e+03
2.665081250236351480e+03
2.468953153102520901e+03
2.278733770347456357e+03
2.199342146032137862e+03
2.119950521716819821e+03
1.835558649169025557e+03
1.741042700081896555e+03
1.712550891219272444e+03
1.647336528521235550e+03
1.712550891219272444e+03
1.905816226265116711e+03
2.099081561310960751e+03
2.099081561310960751e+03
1.962617317871417981e+03
1.828709814144550819e+03
1.659098886384692150e+03
1.659098886384692150e+03
1.655912543734765677e+03
1.652726201084839431e+03
1.618028532161236853e+03
1.589278744427271022e+03
1.581913466138241120e+03
1.589278744427271022e+03
1.756750794823572960e+03
1.756750794823572960e+03
1.756750794823572960e+03
1.705773213285070597e+03
1.674845538001262867e+03
1.584970232706181150e+03
1.572544879019917971e+03
1.514221714009636571e+03
1.486082070563792740e+03
1.457942427117948910e+03
1.282757293988591073e+03
1.221078156410985912e+03
1.153210484548796785e+03
1.135224877553340093e+03
1.135224877553340093e+03
1.175097076315170398e+03
1.214969275077000475e+03
1.246030858520154197e+03
1.246030858520154197e+03
1.231191989200085800e+03
1.225571313876721206e+03
1.231191989200085800e+03
1.231648470403434658e+03
1.232104951606783288e+03
1.232104951606783288e+03
1.193710943191679917e+03
1.146219037103955770e+03
1.143689837237541042e+03
1.146219037103955770e+03
1.194025090579122661e+03
1.241831144054289780e+03
1.241831144054289780e+03
1.225048792652488373e+03
1.176086190921092111e+03
1.150735938822716889e+03
1.150735938822716889e+03
1.172991163113943003e+03
1.195246387405169116e+03
1.201649386103641064e+03
1.208324707666374024e+03
1.231596191165095661e+03
1.231596191165095661e+03
1.231596191165095661e+03
1.211157335203856292e+03
1.190718479242616695e+03
1.196134267028249951e+03
1.190718479242616695e+03
1.194643870677416089e+03
1.194643870677416089e+03
1.223051961819474400e+03
1.284085464471280829e+03
1.345118967123087486e+03
1.358139701486905096e+03
1.358139701486905096e+03
1.302176381085808089e+03
1.302176381085808089e+03
1.349485006085217265e+03
1.387974387255937245e+03
1.426463768426657225e+03
1.434612619374580845e+03
1.464809796786916650e+03
1.552076342403022409e+03
1.606191493727701527e+03
1.620256218137310725e+03
1.620256218137310725e+03
1.620256218137310725e+03
1.556468471998110317e+03
1.458435026053999991e+03
1.381566887998079892e+03
1.374228157566277787e+03
1.374228157566277787e+03
1.547786435674257746e+03
1.721344713782237704e+03
1.721344713782237704e+03
1.707876380016110943e+03
1.608651074676537519e+03
1.475151922243605895e+03
1.308523538820585600e+03
1.293205387527767471e+03
1.277887236234949114e+03
1.239663526897096972e+03
1.198389194096064330e+03
1.147873152919528366e+03
1.147873152919528366e+03
1.180181463412808398e+03
1.326819148035300486e+03
1.473456832657792575e+03
1.704905321267260206e+03
1.833737150219883006e+03
1.902228322503279969e+03
1.931886854267650506e+03
1.931886854267650506e+03
1.884996410829786100e+03
1.838105967391921695e+03
1.622441562163231993e+03
1.567972177500700809e+03
1.548765156875757839e+03
1.447834396820375559e+03
1.447834396820375559e+03
1.532486129081999934e+03
1.617137861343624081e+03
1.688430591506412838e+03
1.734030378450195713e+03
1.734030378450195713e+03
1.734030378450195713e+03
1.782031340580534106e+03
1.782031340580534106e+03
1.782031340580534106e+03
1.688879943526694433e+03
1.641714764801574574e+03
1.592433254136348978e+03
1.588237414545153570e+03
1.588237414545153570e+03
1.588237414545153570e+03
1.588237414545153570e+03
1.579127469691329679e+03
1.505663149871079668e+03
1.501942381254151087e+03
1.498303615203137952e+03
1.498303615203137952e+03
1.547305159156872378e+03
1.596306703110606804e+03
1.615153901742803100e+03
1.596306703110606804e+03
1.517300184443687158e+03
1.505684944975190319e+03
1.505684944975190319e+03
1.689544640944357525e+03
1.873404336913524958e+03
1.873404336913524958e+03
1.771129114941730904e+03
1.736975703724986715e+03
1.736975703724986715e+03
2.153010230251212761e+03
2.540001994561904212e+03
2.926993758872596118e+03
2.926993758872596118e+03
2.926993758872596118e+03
3.318385111018852967e+03
3.716458567919551115e+03
3.879757373663392173e+03
4.069899359957484194e+03
4.260041346251576215e+03
4.339445070342350846e+03
4.339445070342350846e+03
4.132923206886295702e+03
4.085451186552375930e+03
4.132923206886295702e+03
4.130016568202456256e+03
4.127109929518617719e+03
4.127109929518617719e+03
3.803695306910423824e+03
3.803695306910423824e+03
4.687613919327462099e+03
4.687613919327462099e+03
4.659093515423772260e+03
4.630573111520081511e+03
4.630573111520081511e+03
4.851432293452406157e+03
4.898917703833978521e+03
5.202667541874150629e+03
5.651088770248064975e+03
5.491675468491313950e+03
5.332262166734563834e+03
5.651088770248064975e+03
6.074402354524797374e+03
6.074402354524797374e+03
6.182644061093404162e+03
6.448105662506078261e+03
6.448105662506078261e+03
6.448105662506078261e+03
6.217583565012364488e+03
6.099829925850828658e+03
6.033262550905683383e+03
6.099829925850828658e+03
6.339230042721987047e+03
6.339230042721987047e+03
6.339230042721987047e+03
5.834921670086089762e+03
5.833476534369257024e+03
5.689179948991420133e+03
5.497886388171330509e+03
5.497886388171330509e+03
5.525265686465394538e+03
5.552644984759458566e+03
6.135153603114329599e+03
6.135153603114329599e+03
5.635862646037228842e+03
4.536449381845193784e+03
4.536449381845193784e+03
4.398889639200729107e+03
4.261329896556264430e+03
4.633723664347608064e+03
4.222802165361138577e+03
4.037452030705472225e+03
3.423241094371900090e+03
3.033521704081780172e+03
2.998898995500923320e+03
2.964276286920066468e+03
2.791422229180914655e+03
2.679087151128707774e+03
2.673003436581099777e+03
2.667196444996922310e+03
2.630762809587431548e+03
2.548894992649344204e+03
2.467027175711257314e+03
2.399075787250435951e+03
2.370654398400152331e+03
2.370654398400152331e+03
2.380986285206442062e+03
2.437422674882561751e+03
2.503540948766028578e+03
2.503540948766028578e+03
2.086877229051514860e+03
1.778351314549861172e+03
1.778351314549861172e+03
1.805244815297369087e+03
2.489033039513279164e+03
3.384397332470227866e+03
3.404972491822205029e+03
3.384397332470227866e+03
3.384397332470227866e+03
1.970718750000000000e+03
1.970718750000000000e+03
1.829019361059102721e+03
1.757377926053514784e+03
1.685736491047926847e+03
1.377104261523760897e+03
1.146408092113122621e+03
1.146408092113122621e+03
1.366349373658653121e+03
1.418021631678811445e+03
1.436968758232072332e+03
1.455915884785333219e+03
1.476823461456765244e+03
1.476823461456765244e+03
1.452080197067236895e+03
1.395166484087201979e+03
1.395166484087201979e+03
1.573936611035663191e+03
1.752706737984124175e+03
1.839361786391560827e+03
1.858206817099473028e+03
1.858206817099473028e+03
1.754514877877191793e+03
1.754514877877191793e+03
1.867997752004511085e+03
1.981480626131830377e+03
2.003521897791116089e+03
2.038388649507140826e+03
2.003521897791116089e+03
1.954816989402421996e+03
1.954816989402421996e+03
2.000640801493295839e+03
2.046464613584169911e+03
2.046464613584169911e+03
1.899512778323180100e+03
1.736283812705415585e+03
1.593627494935223922e+03
1.593627494935223922e+03
1.706614446018260878e+03
1.819601397101298062e+03
1.819601397101298062e+03
1.806009180874872300e+03
1.792605271717048936e+03
1.792605271717048936e+03
1.913240518981456489e+03
1.934100813436225053e+03
1.954961107890993617e+03
1.954961107890993617e+03
1.919035261623852421e+03
1.899901308379091006e+03
1.881958913599049083e+03
1.897926956620713099e+03
1.869054884351741748e+03
1.840182812082770397e+03
1.840182812082770397e+03
1.794429208151956345e+03
1.786498041544755097e+03
1.762255861002139909e+03
1.786498041544755097e+03
1.850253737307352822e+03
1.914009433069950319e+03
1.975388014367739970e+03
1.975388014367739970e+03
1.945395433853587974e+03
1.923870607586864708e+03
1.923870607586864708e+03
1.985134929513484622e+03
2.046399251440104308e+03
2.071014889277601014e+03
2.130641230653368439e+03
2.140335843936133642e+03
2.140335843936133642e+03
2.165408211636598480e+03
2.200728667792757733e+03
2.236049123948916986e+03
2.361699374367582095e+03
2.423156228204309627e+03
2.423156228204309627e+03
2.423156228204309627e+03
2.419529173465476106e+03
2.353401160538297972e+03
2.287273147611119839e+03
2.266507627248829067e+03
2.198684172529505759e+03
2.198684172529505759e+03
2.198684172529505759e+03
2.138318768770927818e+03
2.138318768770927818e+03
2.138318768770927818e+03
2.138318768770927818e+03
2.150624161018955874e+03
2.169857360025944217e+03
2.188537659207719116e+03
2.188537659207719116e+03
2.188537659207719116e+03
2.188537659207719116e+03
2.206133561140362872e+03
2.255843267721770189e+03
2.255843267721770189e+03
2.236048735284036411e+03
2.236048735284036411e+03
2.330765893269000571e+03
2.425483051253964732e+03
2.474730873385516134e+03
2.505835065210301764e+03
2.505835065210301764e+03
2.381199218987177574e+03
2.235457946153699140e+03
2.208427697099065881e+03
2.181397448044432622e+03
2.115973640929906196e+03
2.089419130747412510e+03
1.787729675441039262e+03
1.787729675441039262e+03
1.914169035900431936e+03
2.105010228673514121e+03
2.295851421446596305e+03
2.472509196370683185e+03
2.535659053535358453e+03
2.577183467723356898e+03
2.652627705063761823e+03
2.770581961501580736e+03
2.844885456864267326e+03
2.919188952226953916e+03
2.941550910790364469e+03
2.953453900114403041e+03
2.999690971890646324e+03
3.181658236102173305e+03
3.326128068013530537e+03
3.372800852878464411e+03
3.506284488737621359e+03
3.506284488737621359e+03
3.128517427633782518e+03
2.399081814921545174e+03
2.399081814921545174e+03
2.399081814921545174e+03
2.340500341809501606e+03
2.340500341809501606e+03
2.358535993989728468e+03
2.340500341809501606e+03
1.915327594902260898e+03
1.677926683088808886e+03
1.352609543119541513e+03
1.341790864083841370e+03
1.330972185048141228e+03
1.349252905079474431e+03
1.330972185048141228e+03
1.349252905079474431e+03
1.634991512379768892e+03
1.711064017108454436e+03
1.711064017108454436e+03
1.711064017108454436e+03
1.553152643246175558e+03
1.323841160177252505e+03
1.183412429361357681e+03
1.137784723739960100e+03
1.071833707377753626e+03
1.071833707377753626e+03
1.071833707377753626e+03
1.087701156474296567e+03
1.101716146540658883e+03
1.101716146540658883e+03
9.737296302449356062e+02
9.737296302449356062e+02
1.053892118050740919e+03
1.134054605856546004e+03
1.273574951863909519e+03
1.338389888849586441e+03
1.442784818007470449e+03
1.454280067355033680e+03
1.454280067355033680e+03
1.445681080889553868e+03
1.437082094424074057e+03
1.379728198978231831e+03
1.300624994723789086e+03
1.273978014394218235e+03
1.273978014394218235e+03
1.473687789316131102e+03
1.527728038708399026e+03
1.581768288100666950e+03
1.658882168287784907e+03
1.658882168287784907e+03
1.517944245578580876e+03
1.391929909307244316e+03
1.391929909307244316e+03
1.437317120289254490e+03
1.482704331271264891e+03
1.687055131177649400e+03
1.749538747805268486e+03
1.787366756493240928e+03
2.052769152486790972e+03
2.303738818351358077e+03
2.525028494940593191e+03
2.746318171529828305e+03
2.746318171529828305e+03
2.607835050707732989e+03
2.432144730077473014e+03
2.389994636098546380e+03
2.343622762168330610e+03
2.343622762168330610e+03
2.343622762168330610e+03
2.198703355347718116e+03
2.198703355347718116e+03
2.058086935185957827e+03
2.018978281917429285e+03
1.980285189415074001e+03
1.926647608168627357e+03
1.873010026922180487e+03
1.707557044535679779e+03
1.707557044535679779e+03
1.701924816931856412e+03
1.701924816931856412e+03
1.619734260851059162e+03
1.578417414723988941e+03
1.537100568596918720e+03
1.537100568596918720e+03
1.490083477664776638e+03
1.449139176794836203e+03
1.418026325076605190e+03
1.418026325076605190e+03
1.463923612815171055e+03
1.509820900553736692e+03
1.509820900553736692e+03
1.365812206042980733e+03
1.304360282632139388e+03
1.285296153406811754e+03
1.285296153406811754e+03
1.354408489860378722e+03
1.423520826313945918e+03
1.502133940219049691e+03
1.620945398034725258e+03
1.748263135303103354e+03
1.966062617699626344e+03
2.049058764288827206e+03
2.068918687872146620e+03
2.088778611455466489e+03
2.088778611455466489e+03
2.055766729940753976e+03
1.920248183900138883e+03
1.866673000425732425e+03
1.866673000425732425e+03
1.877030569065505006e+03
1.887388137705277586e+03
1.887388137705277586e+03
1.533032534336776052e+03
1.386143383148845487e+03
1.362237301643127694e+03
1.386143383148845487e+03
1.420915308563508916e+03
1.455687233978172571e+03
1.455687233978172571e+03
1.402432669608837386e+03
1.372787336359202754e+03
1.341686026082032868e+03
1.341686026082032868e+03
1.378959100748957781e+03
1.416232175415882693e+03
1.462066603263958086e+03
1.507852174847969764e+03
1.557811638105242309e+03
1.973158565742420706e+03
2.151963424401567408e+03
2.294613796760129844e+03
2.437264169118691825e+03
2.437264169118691825e+03
2.356776731418391137e+03
2.042861643462758821e+03
2.019135341948716359e+03
2.019135341948716359e+03
2.093432407637455071e+03
2.167729473326193329e+03
2.167729473326193329e+03
2.167729473326193329e+03
2.302174551914026779e+03
2.481210196827319123e+03
3.244510776204755985e+03
3.445104656043982686e+03
3.645698535883209843e+03
3.884718032845973084e+03
3.884718032845973084e+03
3.494593479682102043e+03
3.494593479682102043e+03
3.582184096354390476e+03
3.752813527585174597e+03
3.923442958815959173e+03
3.923442958815959173e+03
3.895814387839318897e+03
3.473625365461848105e+03
3.408866495159958049e+03
3.473625365461848105e+03
3.494784604808723088e+03
3.515943844155597617e+03
3.703588884775760107e+03
3.860076893485895198e+03
3.860076893485895198e+03
3.860076893485895198e+03
4.922235983059153114e+03
4.922235983059153114e+03
4.922235983059153114e+03
4.517275770283425118e+03
4.517275770283425118e+03
5.334804986038394418e+03
5.422435881753312970e+03
8.561141544916657949e+03
7.717191978118164116e+03
6.873242411319669372e+03
8.297623744285252542e+03
8.297623744285252542e+03
8.297623744285252542e+03
8.746377491270430255e+03
9.500368166036103503e+03
9.500368166036103503e+03
9.500368166036103503e+03
9.325791358834010680e+03
9.219701581299934332e+03
9.219701581299934332e+03
1.151107849212453948e+04
1.151107849212453948e+04
1.151107849212453948e+04
1.151107849212453948e+04
1.124246888846815818e+04
1.074108175592828229e+04
1.074108175592828229e+04
1.074108175592828229e+04
8.519519390737521462e+03
8.441577824984979088e+03
8.363636259232438533e+03
7.460713346118296613e+03
7.214995042857144654e+03
7.214995042857144654e+03
7.214995042857144654e+03
7.640878800603773016e+03
7.640878800603773016e+03
7.640878800603773016e+03
7.379337227443065785e+03
6.329608109712708938e+03
6.329608109712708938e+03
6.334964104851922457e+03
6.334964104851922457e+03
6.236903906136712976e+03
6.138843707421504405e+03
5.672929160511019290e+03
5.273238698954321080e+03
5.027820284941745740e+03
5.027820284941745740e+03
5.027820284941745740e+03
4.685403058595710718e+03
4.342985832249675695e+03
4.199127494919686796e+03
4.199127494919686796e+03
4.387931514033542044e+03
4.387931514033542044e+03
4.269461513038341764e+03
4.102438226406322428e+03
4.102438226406322428e+03
4.102438226406322428e+03
3.430302692402588036e+03
3.430302692402588036e+03
3.025785815374133563e+03
2.599144806545388747e+03
2.387161843341423264e+03
2.175178880137457782e+03
2.060360925132113152e+03
2.060360925132113152e+03
2.075427006142279424e+03
2.130575106419084477e+03
2.130575106419084477e+03
2.031663316283915719e+03
1.932751526148747189e+03
1.932751526148747189e+03
1.988417894325520820e+03
2.009442899890872013e+03
2.083478112762022192e+03
2.101080163585343143e+03
2.199235587545015733e+03
2.297391011504688777e+03
2.395012055321989010e+03
2.438896414619086499e+03
2.526833055780914492e+03
2.526833055780914492e+03
2.467938358892078213e+03
2.463516310179519678e+03
2.459094261466960688e+03
2.286302251845922456e+03
2.109266904850469018e+03
2.015385546157147928e+03
2.015385546157147928e+03
1.862497286141023096e+03
1.858729265618506815e+03
1.854961245095990307e+03
1.830842220047825094e+03
1.830842220047825094e+03
1.868288043833688789e+03
2.037712109238304492e+03
2.182410187808754472e+03
2.227547393300807016e+03
2.272684598792859106e+03
2.276061109943403153e+03
2.276061109943403153e+03
2.276061109943403153e+03
2.182024025691781389e+03
2.182024025691781389e+03
2.187931413388083456e+03
2.193838801084385068e+03
2.193838801084385068e+03
1.926168849725266909e+03
1.803299582656294433e+03
1.548070348851347489e+03
1.803299582656294433e+03
1.790534017532696907e+03
1.777768452409099609e+03
1.777768452409099609e+03
1.678646848172023510e+03
1.678646848172023510e+03
1.638334600633734908e+03
1.735788567293329606e+03
1.744968094645641941e+03
1.754147621997954502e+03
1.754147621997954502e+03
1.707490428484015638e+03
1.599924022742465695e+03
1.575728437724518699e+03
1.575728437724518699e+03
1.652256016004260800e+03
1.728783594284002902e+03
1.728783594284002902e+03
1.641985358165479511e+03
1.641985358165479511e+03
1.711959222437715653e+03
1.742389871476695589e+03
1.767065497480075919e+03
1.791741123483456249e+03
1.818287658097026451e+03
1.818287658097026451e+03
1.818287658097026451e+03
1.762543594626738695e+03
1.634608525081083371e+03
1.610533980634587351e+03
1.586459436188091104e+03
1.571000765185416867e+03
1.561738347252180802e+03
1.488617779938730337e+03
1.488617779938730337e+03
1.490100871329673964e+03
1.490100871329673964e+03
1.490100871329673964e+03
1.559274519381933487e+03
1.681738253219236412e+03
1.681738253219236412e+03
1.611113035917309162e+03
1.611113035917309162e+03
1.669096584070447534e+03
1.727080132223585679e+03
1.771924790963863643e+03
1.816769449704141607e+03
1.934390760531156502e+03
2.014714883105787067e+03
1.934390760531156502e+03
1.908936711866249880e+03
1.883482663201343030e+03
1.675239587782621356e+03
1.588826907379026807e+03
1.497659279256135960e+03
1.475784962837979265e+03
1.475784962837979265e+03
1.529054829961401083e+03
1.582324697084823129e+03
1.608911134218158168e+03
1.623492196164610505e+03
1.608911134218158168e+03
1.602770747120428041e+03
1.602770747120428041e+03
1.597426858056202946e+03
1.592082968991978078e+03
1.614535133859735424e+03
1.593877886912144731e+03
1.614535133859735424e+03
1.623551481239329405e+03
1.623551481239329405e+03
1.680712194908272295e+03
1.796124369750259802e+03
1.840632289829685988e+03
1.887170870781642407e+03
2.073216886445296950e+03
2.561797160292261196e+03
2.561797160292261196e+03
2.733926241783772184e+03
2.021196314011992399e+03
2.021196314011992399e+03
2.008685255200514348e+03
2.008685255200514348e+03
2.008685255200514348e+03
1.975462969955233575e+03
1.959380524947474441e+03
1.943298079939715535e+03
1.707660848498185032e+03
1.606272400430131938e+03
1.487261292790765083e+03
1.391101833453263680e+03
1.354144778496314302e+03
1.354144778496314302e+03
1.354144778496314302e+03
1.508397984876826058e+03
1.573048936390951667e+03
1.573048936390951667e+03
1.506496482814197179e+03
1.478005936008739582e+03
1.454057020868561949e+03
1.430108105728384317e+03
1.468037533422794468e+03
1.435823095891665616e+03
1.435823095891665616e+03
1.351521145957688304e+03
1.324269596692690357e+03
1.324269596692690357e+03
1.324269596692690357e+03
1.208292090641080222e+03
1.158710977410976739e+03
1.158710977410976739e+03
1.162013751900243506e+03
1.212461176258092109e+03
1.250989036064736410e+03
1.289516895871380484e+03
1.322436137964170030e+03
1.353435430636530100e+03
1.353712473857171517e+03
1.353712473857171517e+03
1.282347563171411821e+03
1.273764068815450401e+03
1.265180574459488980e+03
1.221465549685580982e+03
1.221465549685580982e+03
1.271248952309581227e+03
1.271248952309581227e+03
1.280893349747814909e+03
1.354143603964841532e+03
1.427393858181867927e+03
1.485538020178415536e+03
1.501838490636493134e+03
1.529080440037542985e+03
1.530896196393762693e+03
1.634718378630261896e+03
1.707498852312678537e+03
1.780279325995095178e+03
1.832564867249384861e+03
1.832564867249384861e+03
1.764602117019287562e+03
1.764602117019287562e+03
1.835124638586368064e+03
1.881110392878562834e+03
1.927096147170757604e+03
2.052940215222846746e+03
2.052940215222846746e+03
1.999182420001632863e+03
1.855581714272841282e+03
1.728109540186979530e+03
1.717799364677108088e+03
1.707489189167236646e+03
1.702929206472515261e+03
1.622133895540566300e+03
1.533092889590397817e+03
1.533092889590397817e+03
1.562401153581077779e+03
1.578421167982274937e+03
1.594441182383472096e+03
1.594441182383472096e+03
1.525065645414104210e+03
1.387326456065344246e+03
1.264877541605914757e+03
1.264877541605914757e+03
1.248151010091024546e+03
1.231424478576134106e+03
1.211879567314803353e+03
1.211879567314803353e+03
1.243434255297000163e+03
1.412607155789447688e+03
1.427858048572850066e+03
1.443678567382920392e+03
1.459499086192990490e+03
1.459499086192990490e+03
1.459499086192990490e+03
1.886955781816536046e+03
1.957181417360736987e+03
1.957181417360736987e+03
1.890090073804534541e+03
1.822998730248332095e+03
1.813815810148500077e+03
1.733356245334642381e+03
1.664091728470608814e+03
1.550489043915834372e+03
1.468935895700929905e+03
1.460274772260137297e+03
1.451613648819344689e+03
1.417764885073754840e+03
1.380903296023835765e+03
1.380903296023835765e+03
1.380903296023835765e+03
1.406789286055013235e+03
1.455241368211842655e+03
1.503693450368671847e+03
1.547858601075841307e+03
1.874967976783118502e+03
1.883861386081737919e+03
1.883861386081737919e+03
1.994530053161432079e+03
2.011876867736455097e+03
2.029223682311478342e+03
2.036033176690933260e+03
2.029223682311478342e+03
1.827595198983354294e+03
1.793219372169003691e+03
1.793219372169003691e+03
1.778150356157417946e+03
1.763081340145832201e+03
1.763081340145832201e+03
1.740556877560084104e+03
1.608670864258567008e+03
1.578537702713715817e+03
1.578537702713715817e+03
1.641868467897099890e+03
1.705199233080484191e+03
1.705199233080484191e+03
1.662025386546804384e+03
1.649422551463911987e+03
1.662025386546804384e+03
1.753465978997249522e+03
1.787379137108781379e+03
1.821292295220313008e+03
1.884792746808529273e+03
1.921060881017761631e+03
2.243796836207401157e+03
2.412211477678344181e+03
2.444032016641192968e+03
2.444032016641192968e+03
2.444032016641192968e+03
2.431315747686825034e+03
2.431315747686825034e+03
2.449407013421316606e+03
2.458319217557522734e+03
2.642476499632975901e+03
2.893372223111465246e+03
3.144267946589954590e+03
3.183351480319046914e+03
3.183351480319046914e+03
3.018299124546735129e+03
2.967252099011187511e+03
2.967252099011187511e+03
3.008716501226588207e+03
3.050180903441988903e+03
3.050180903441988903e+03
2.525358851548477105e+03
2.525358851548477105e+03
3.071267256216986880e+03
3.429674723256326160e+03
3.429674723256326160e+03
3.429674723256326160e+03
2.751318889414885689e+03
2.751318889414885689e+03
2.888735702635214693e+03
3.118033856327168451e+03
3.470640810961820080e+03
3.564947989588099517e+03
3.659255168214379410e+03
4.041168144465701062e+03
4.747049527408166796e+03
4.797887305163579185e+03
4.797887305163579185e+03
4.799192632968492035e+03
4.799192632968492035e+03
4.799192632968492035e+03
5.883759011488912620e+03
5.883759011488912620e+03
6.006890091549294993e+03
6.630497199389977141e+03
6.871641929426453316e+03
6.871641929426453316e+03
6.871641929426453316e+03
6.526479837307762864e+03
6.336248215552284819e+03
6.336248215552284819e+03
6.700580743492308102e+03
7.703511830412489871e+03
7.703511830412489871e+03
7.703511830412489871e+03
7.878040029191321992e+03
7.878040029191321992e+03
7.977893920494899248e+03
7.977893920494899248e+03
7.936733916586511441e+03
7.804601042222511751e+03
7.672468167858511151e+03
6.452195321052303370e+03
6.433315142438177645e+03
5.159228927354389270e+03
5.159228927354389270e+03
5.246706076626989670e+03
5.246706076626989670e+03
5.246706076626989670e+03
5.014985227485703945e+03
4.904690281972486446e+03
4.556136062913809837e+03
4.240357698280301520e+03
4.240357698280301520e+03
5.840056885141904786e+03
6.916244444444444525e+03
6.746938708187160046e+03
6.746938708187160046e+03
6.171861178418247619e+03
6.171861178418247619e+03
6.171861178418247619e+03
6.171861178418247619e+03
6.171861178418247619e+03
6.171861178418247619e+03
4.733922381114570271e+03
4.287132852998271119e+03
3.845454316995354020e+03
3.845454316995354020e+03
3.713178999337463210e+03
3.580903681679571946e+03
3.580903681679571946e+03
3.580903681679571946e+03
3.757558204782628763e+03
3.757558204782628763e+03
3.598682130129107009e+03
3.517138828869891768e+03
3.435595527610676527e+03
2.867117252913169068e+03
2.693651985166147824e+03
2.354412625715433023e+03
2.180139605951803787e+03
2.180139605951803787e+03
2.338375517222284543e+03
2.496611428492765299e+03
2.496611428492765299e+03
2.463126423862320735e+03
2.463126423862320735e+03
2.943632055941713588e+03
3.111458655021144750e+03
3.127245389434332083e+03
3.143032123847519415e+03
3.174326962379938323e+03
3.636864190663949103e+03
3.636864190663949103e+03
3.594072439338185632e+03
3.408089284288468207e+03
3.285565406962743054e+03
3.163041529637017902e+03
2.786543031347352098e+03
2.637836236477416151e+03
2.624595267907232028e+03
2.390127331036799205e+03
2.241137073023136509e+03
2.240047713102557282e+03
2.238958353181977600e+03
2.183172808980701120e+03
2.052857594675553173e+03
1.973038869034844083e+03
1.961416963793008335e+03
1.961416963793008335e+03
2.022311505162116646e+03
2.083206046531225184e+03
2.083206046531225184e+03
2.042953258097086973e+03
1.940276828542216890e+03
1.940276828542216890e+03
1.955620759521143100e+03
1.972549203911604309e+03
1.989477648302065290e+03
2.005077872309278291e+03
2.005077872309278291e+03
2.024582759888515511e+03
2.037115869372958741e+03
2.049958907413974430e+03
2.049958907413974430e+03
2.049958907413974430e+03
2.019130601853290727e+03
1.970045996362775895e+03
2.019130601853290727e+03
1.958830396673932000e+03
2.026137663254138715e+03
1.992484029964035471e+03
1.958830396673932000e+03
1.892217805982194022e+03
1.878026092869148897e+03
1.838959691485516032e+03
1.818920986475618065e+03
1.818920986475618065e+03
1.899947386782132071e+03
1.980973787088646304e+03
1.983756878280453293e+03
2.090381435744910050e+03
2.121553967557017131e+03
2.090381435744910050e+03
2.001722520306364459e+03
2.001265630210290510e+03
2.000808740114216334e+03
1.954719039804445629e+03
1.896792367170093257e+03
1.883227765393706022e+03
1.858403482566266348e+03
1.876097821005336755e+03
1.865145524782778466e+03
1.854193228560219950e+03
1.876097821005336755e+03
1.854193228560219950e+03
1.846242444139126064e+03
1.846242444139126064e+03
1.888016104537152842e+03
1.888016104537152842e+03
1.888016104537152842e+03
1.856350907250676073e+03
1.807349257325357257e+03
1.798933720547972825e+03
1.807349257325357257e+03
1.828886277327198513e+03
2.005478909984891516e+03
2.182071542642584518e+03
2.182071542642584518e+03
2.187534202273638584e+03
2.192996861904692651e+03
2.082999026573552328e+03
2.082999026573552328e+03
2.082858068281994747e+03
2.082717109990437621e+03
2.063181650140499187e+03
2.042391919202063946e+03
2.023578243187060025e+03
1.973880414585748895e+03
2.023578243187060025e+03
2.002529630248160629e+03
1.981481017309261006e+03
1.981481017309261006e+03
1.981481017309261006e+03
2.013690301056125008e+03
2.069181059432646180e+03
2.223642803727949740e+03
2.408169217307646704e+03
2.408169217307646704e+03
2.408169217307646704e+03
2.476158836481498383e+03
2.476158836481498383e+03
1.430073984739884509e+03
1.430073984739884509e+03
1.417041104216772737e+03
1.417041104216772737e+03
1.417041104216772737e+03
1.738399403848882457e+03
1.738399403848882457e+03
1.731062383249070308e+03
1.716599175141446494e+03
1.714530068194793103e+03
1.712460961248139711e+03
1.656078251610637608e+03
1.577001484976145093e+03
1.504709060737485061e+03
1.504709060737485061e+03
1.769949262196631707e+03
1.822781615103089052e+03
1.875613968009546397e+03
1.875613968009546397e+03
1.730145327052885932e+03
1.598049811459450893e+03
1.598049811459450893e+03
1.634776968845605779e+03
1.634776968845605779e+03
1.634776968845605779e+03
1.634776968845605779e+03
1.831077631935164845e+03
1.865029918975038072e+03
1.969374367455772699e+03
1.969374367455772699e+03
1.956616110370302295e+03
1.943857853284831890e+03
1.943857853284831890e+03
1.940526517432067521e+03
1.920189855771275916e+03
1.920189855771275916e+03
1.920189855771275916e+03
1.883164250083407978e+03
1.846138644395540041e+03
1.729025943496809987e+03
1.688501282049921201e+03
1.645462333065556322e+03
1.645462333065556322e+03
1.699650501339864377e+03
1.799687631717549721e+03
1.899724762095234837e+03
1.928622550559631918e+03
1.958299166486242484e+03
2.007822888125833060e+03
2.007822888125833060e+03
2.007822888125833060e+03
1.997034252267739930e+03
1.986245616409646800e+03
1.959088737741288469e+03
1.957928981234086905e+03
1.957928981234086905e+03
1.999334746739371894e+03
2.084346183923500575e+03
2.137524969607620278e+03
2.190703755291739981e+03
2.190703755291739981e+03
2.080533558838199951e+03
2.015581973522381304e+03
2.014407012637701655e+03
1.946085311059240439e+03
1.924601684389424236e+03
1.903118057719608032e+03
1.803197939511312825e+03
1.575187320955246378e+03
1.490309589672545826e+03
1.490309589672545826e+03
1.634917598583188010e+03
1.685186637039525749e+03
1.735455675495863488e+03
1.765132416755629038e+03
1.821644200161443223e+03
1.930695725066298792e+03
1.998643250801330396e+03
2.136208389391001219e+03
2.136208389391001219e+03
2.136208389391001219e+03
2.079979561896248015e+03
1.958904524780251904e+03
1.927143204303101584e+03
1.926710662044935134e+03
1.926710662044935134e+03
1.926710662044935134e+03
1.926710662044935134e+03
1.861230876109680821e+03
1.776129694479289356e+03
1.746354413576721754e+03
1.681563677681745503e+03
1.681563677681745503e+03
1.768526863861780157e+03
1.855490050041814811e+03
1.920476239491400065e+03
2.155689594271059377e+03
2.167519107494973014e+03
2.167886298878172056e+03
2.167886298878172056e+03
2.150070162474868539e+03
2.132254026071565022e+03
1.885595183188740748e+03
1.864643211517724012e+03
1.716489300426314458e+03
1.650251829135041817e+03
1.604392601903696004e+03
1.600506912542279679e+03
1.596621223180863353e+03
1.579531876812247674e+03
1.551170871162003777e+03
1.551170871162003777e+03
1.574281849142102601e+03
1.635597546603640694e+03
1.659543522323822572e+03
1.683489498044004449e+03
1.690199372141272988e+03
1.876184068051090435e+03
1.876184068051090435e+03
1.865914929510493266e+03
1.865914929510493266e+03
1.871031245013494072e+03
1.876147560516494877e+03
1.877685734927648809e+03
1.876147560516494877e+03
1.855214615381029944e+03
1.855214615381029944e+03
1.880106351714946868e+03
1.888199658425292455e+03
1.896292965135638042e+03
1.896292965135638042e+03
1.873089726482005290e+03
1.861034871828089308e+03
1.733247341387257848e+03
1.733247341387257848e+03
1.720969144205667817e+03
1.708690947024077559e+03
1.688193745868869428e+03
1.674812121642528837e+03
1.674812121642528837e+03
2.111894573300040975e+03
2.252259190865606797e+03
2.391172812003549552e+03
2.530086433141491852e+03
2.610288649375544082e+03
2.750006284573786161e+03
2.868738271729333064e+03
2.889826685884408107e+03
3.017659876335670560e+03
3.179690372061972994e+03
3.341720867788275427e+03
3.506396738964584529e+03
3.506396738964584529e+03
4.252926182181709919e+03
4.252926182181709919e+03
3.976225492910855792e+03
3.958902147527363468e+03
3.941578802143871144e+03
3.976225492910855792e+03
3.975539228092948633e+03
3.975539228092948633e+03
3.975539228092948633e+03
3.998303395582895973e+03
3.998303395582895973e+03
3.998303395582895973e+03
3.981647382445630228e+03
3.981647382445630228e+03
3.936806818528591066e+03
3.633998569687449162e+03
3.633998569687449162e+03
3.555863181094649008e+03
3.477727792501848398e+03
3.192617239048950523e+03
3.146814881738077020e+03
2.994638199580062974e+03
2.854790950794853416e+03
2.854790950794853416e+03
2.986018992884023646e+03
3.117247034973194332e+03
3.170201546387169856e+03
3.346828504901664473e+03
3.346828504901664473e+03
3.346828504901664473e+03
3.783934396333289442e+03
4.211944609279340511e+03
4.639954822225391581e+03
4.737273948600499352e+03
4.737273948600499352e+03
4.537090717033071996e+03
4.424558169349344098e+03
4.344286895188303788e+03
4.344286895188303788e+03
4.344286895188303788e+03
4.618890609085383403e+03
5.440487968906044443e+03
5.533733096887065585e+03
5.533733096887065585e+03
5.692759873212492494e+03
5.692759873212492494e+03
5.692759873212492494e+03
5.550056669384180168e+03
5.550056669384180168e+03
5.835955913382915242e+03
6.060162234684632494e+03
6.192746565579913295e+03
6.286252508826226403e+03
6.379758452072540422e+03
6.379758452072540422e+03
6.339826078787879851e+03
5.790578279577270223e+03
5.790578279577270223e+03
5.957443038428579712e+03
5.957443038428579712e+03
5.957443038428579712e+03
5.643876021009629767e+03
5.643876021009629767e+03
5.681907162120272005e+03
6.649221697124855382e+03
6.796520027492290865e+03
6.910636875708278239e+03
7.024753723924266524e+03
7.024753723924266524e+03
7.339356710165259756e+03
7.454087138680593853e+03
7.454087138680593853e+03
7.820983160137321647e+03
8.203372371667981497e+03
8.585761583198642256e+03
8.585761583198642256e+03
7.036746647601689801e+03
7.036746647601689801e+03
7.676128460677322437e+03
9.109262817904695112e+03
9.109262817904695112e+03
9.109262817904695112e+03
8.906384614076960133e+03
8.235434828384262801e+03
7.334016590628925769e+03
7.334016590628925769e+03
7.334016590628925769e+03
7.077610347292307779e+03
6.821204103955689789e+03
6.178916837982043035e+03
6.178916837982043035e+03
6.260966109626923753e+03
6.329231024112255909e+03
7.124636952550342357e+03
7.433082080329557357e+03
7.433082080329557357e+03
6.175157216499790593e+03
3.312507727562014679e+03
3.312507727562014679e+03
3.312507727562014679e+03
2.569028601883399460e+03
2.569028601883399460e+03
2.569028601883399460e+03
2.427859095180241638e+03
2.189522724082592049e+03
2.189522724082592049e+03
2.189522724082592049e+03
2.190781053082338985e+03
2.226893968009905620e+03
2.263006882937472255e+03
2.263006882937472255e+03
2.408334731262636978e+03
2.408334731262636978e+03
2.302470306787198297e+03
2.302470306787198297e+03
2.401800184324439670e+03
2.501130061861681043e+03
2.501130061861681043e+03
2.415751086633958948e+03
2.284970302756892124e+03
2.224739958621245023e+03
2.224739958621245023e+03
2.272300816581458093e+03
2.319861674541671164e+03
2.319861674541671164e+03
2.319861674541671164e+03
2.360366491656169273e+03
2.360366491656169273e+03
2.411687134459882600e+03
2.376502475000135746e+03
2.341317815540388438e+03
2.343763389085916970e+03
2.343763389085916970e+03
2.400623450708692872e+03
2.400623450708692872e+03
2.330228414664920365e+03
2.315615919264859258e+03
2.301003423864798151e+03
2.234787452169597600e+03
2.188923789009937082e+03
2.150262521256317086e+03
2.142301884982968659e+03
2.142301884982968659e+03
2.106749873264637245e+03
2.071197861546305830e+03
2.007836229792066888e+03
1.960090746347231516e+03
1.840373925038050402e+03
1.840373925038050402e+03
1.859652282959541935e+03
1.921437637165430260e+03
1.983222991371318813e+03
1.983222991371318813e+03
1.876250438302301291e+03
1.702158304486254110e+03
1.620281667698027832e+03
1.620281667698027832e+03
1.592122355803720438e+03
1.563963043909413045e+03
1.648854975003497202e+03
1.734140887640012807e+03
1.795796302596208989e+03
1.924875801881500365e+03
1.976754652102484897e+03
1.976754652102484897e+03
1.976754652102484897e+03
1.939848061255769608e+03
1.878688299490405598e+03
1.790886755511297906e+03
1.790886755511297906e+03
1.807943823687139911e+03
1.893733169712437984e+03
1.979522515737736057e+03
2.073453660051236511e+03
2.073453660051236511e+03
2.073453660051236511e+03
2.135626738533890602e+03
2.283272341563160808e+03
2.318437823952079270e+03
2.353603306340997733e+03
2.353603306340997733e+03
2.330125009993784261e+03
2.295054634233743400e+03
2.277230665018415493e+03
2.277230665018415493e+03
2.314316934386060439e+03
2.351403203753705384e+03
2.377665364851328377e+03
2.638594039364381842e+03
2.638594039364381842e+03
