2.114433926133260684e+03
2.114433926133260684e+03
3.668905833967087347e+03
3.668905833967087347e+03
3.177819106322199787e+03
2.947515064820300722e+03
2.838155435859755926e+03
2.838155435859755926e+03
2.838155435859755926e+03
2.893405462667594747e+03
2.935585234725752798e+03
2.893405462667594747e+03
2.518827205593573581e+03
2.518827205593573581e+03
2.677416503425223709e+03
2.836005801256873383e+03
2.896808165600783923e+03
2.959567817786205069e+03
3.480347955054512113e+03
3.480347955054512113e+03
3.403429254665917142e+03
3.371508807416525997e+03
3.371508807416525997e+03
4.160654004896137849e+03
4.160654004896137849e+03
4.160654004896137849e+03
4.160654004896137849e+03
4.160654004896137849e+03
4.160654004896137849e+03
4.160654004896137849e+03
4.160654004896137849e+03
4.160654004896137849e+03
3.069163656650469875e+03
2.773516003605098376e+03
2.395304631777942177e+03
2.389449794298167035e+03
2.383594956818391893e+03
2.383594956818391893e+03
2.383594956818391893e+03
2.585857176855024136e+03
2.585857176855024136e+03
2.585857176855024136e+03
2.760160373286046706e+03
2.934463569717069277e+03
2.934463569717069277e+03
2.864387708948515410e+03
2.856235418973455126e+03
2.864387708948515410e+03
2.864860603896904195e+03
2.914338848823656917e+03
2.963817093750410095e+03
2.963817093750410095e+03
2.917953520626721001e+03
2.843294991426574597e+03
2.730415934594243481e+03
2.730415934594243481e+03
2.946147068987161674e+03
3.161878203380079867e+03
3.161878203380079867e+03
3.071235973246458343e+03
3.057113291525463410e+03
2.943859782265748436e+03
2.943859782265748436e+03
2.973420458654198683e+03
3.002981135042648930e+03
3.002981135042648930e+03
2.879756346564241994e+03
2.495443133043925627e+03
2.250799035173801713e+03
2.250799035173801713e+03
2.465796643643602692e+03
2.680794252113403218e+03
2.680794252113403218e+03
2.620898231179213781e+03
2.474353644738822368e+03
2.356952108113888698e+03
2.356952108113888698e+03
2.437414407210879290e+03
2.517876706307869881e+03
2.517876706307869881e+03
2.323193596463081576e+03
2.323193596463081576e+03
2.424531074902529326e+03
2.432186924130086027e+03
2.554015492299413381e+03
2.675844060468741191e+03
2.675844060468741191e+03
2.474755824217396366e+03
2.295761804291533736e+03
2.059528478603835538e+03
2.059528478603835538e+03
2.087023904973406388e+03
2.114519331342976784e+03
2.114519331342976784e+03
1.881552053635329912e+03
1.670911465079869686e+03
1.670911465079869686e+03
2.109157675125128662e+03
2.109157675125128662e+03
2.109157675125128662e+03
1.867671028448524794e+03
1.655297473947990511e+03
1.612628059178927060e+03
1.612628059178927060e+03
1.612628059178927060e+03
1.571838867245961637e+03
1.531049675312996214e+03
1.391316809158031447e+03
1.391316809158031447e+03
1.295576798708887509e+03
1.288210824886412183e+03
1.288210824886412183e+03
1.305208522835704116e+03
1.322206220784995821e+03
1.322206220784995821e+03
1.318833489385365056e+03
1.302710957624778075e+03
1.318833489385365056e+03
1.592944515533552021e+03
1.623906720271364065e+03
1.654868925009176337e+03
1.654868925009176337e+03
1.198358528906799393e+03
1.040507422519885949e+03
1.020329019004439033e+03
1.020329019004439033e+03
1.224761715604865458e+03
1.429194412205292110e+03
1.429194412205292110e+03
1.336881409585249912e+03
1.243078703697101218e+03
1.243078703697101218e+03
1.390728843307563238e+03
1.427776185423354264e+03
1.464823527539145289e+03
1.464823527539145289e+03
1.135128715468603787e+03
1.103115359280102894e+03
1.086699368827959233e+03
1.036507360720104998e+03
1.036507360720104998e+03
1.036507360720104998e+03
1.032383094710111891e+03
8.863089149536357354e+02
8.719756863913540883e+02
8.719756863913540883e+02
9.059864702744963552e+02
9.635996291116803150e+02
1.021212787948864388e+03
1.021212787948864388e+03
8.741250433094131722e+02
7.421125786691826534e+02
7.421125786691826534e+02
8.524364625612042801e+02
8.524364625612042801e+02
8.524364625612042801e+02
7.957200707169241696e+02
7.197082526625082437e+02
7.957200707169241696e+02
7.595632338460869732e+02
9.126179950459932115e+02
9.450122623052290010e+02
9.774065295644647904e+02
9.774065295644647904e+02
9.454218958261343460e+02
9.183619417678055470e+02
7.596227580415367129e+02
7.215765589896207075e+02
7.185132027903069911e+02
7.154498465909932747e+02
7.154498465909932747e+02
6.499406227223614678e+02
6.499406227223614678e+02
6.562063883435433809e+02
6.863900025220680163e+02
6.983028806012227960e+02
7.102157586803776894e+02
7.102157586803776894e+02
7.102157586803776894e+02
7.479887546848823376e+02
7.479887546848823376e+02
7.744099949356243542e+02
7.990945317898316489e+02
8.237790686440389436e+02
9.293122066343462393e+02
9.335545289201787682e+02
9.978692503079280414e+02
1.012623449517643962e+03
1.146629443357638593e+03
1.334725465919681255e+03
1.522821488481723918e+03
1.522821488481723918e+03
1.552749480270465710e+03
1.583276569231294843e+03
1.981131961609228028e+03
2.001538852977987972e+03
2.059840094444974966e+03
2.118141335911961960e+03
2.215220818923437946e+03
2.336521817479191213e+03
2.501672673334634510e+03
2.501672673334634510e+03
2.129590664796361580e+03
2.129590664796361580e+03
2.129590664796361580e+03
2.129590664796361580e+03
2.132699025755860475e+03
2.184722588394424747e+03
2.974912880231768213e+03
3.175073396027829403e+03
3.175073396027829403e+03
3.175073396027829403e+03
2.922574187988841913e+03
2.922574187988841913e+03
3.261757076545964992e+03
3.261757076545964992e+03
3.416742141876785809e+03
3.186401599128274938e+03
2.956061056379764523e+03
2.971707067490201098e+03
2.956061056379764523e+03
2.971707067490201098e+03
2.988990742294519805e+03
3.147535619513567781e+03
3.147535619513567781e+03
3.147535619513567781e+03
2.656045095313002548e+03
2.644066510218323401e+03
2.622079847142800190e+03
2.622079847142800190e+03
2.959033322821429010e+03
2.959033322821429010e+03
2.959033322821429010e+03
2.925019569518402932e+03
2.585250007461670521e+03
2.386681079407145717e+03
2.386681079407145717e+03
2.973672602225990886e+03
3.057463038711984154e+03
3.141253475197976968e+03
3.182364654485458686e+03
3.268352953552184317e+03
3.314193682076237110e+03
3.472342253121450995e+03
3.472342253121450995e+03
3.299987366598842982e+03
3.127632480076234970e+03
2.804695920206338997e+03
2.055466790698381828e+03
1.949201621921728702e+03
1.934717610098219893e+03
1.949201621921728702e+03
1.955422268575830003e+03
1.961642915229931532e+03
2.072835197232902829e+03
2.106401772900160722e+03
2.136517384107425187e+03
2.147596091957004319e+03
2.237847569441870746e+03
2.237847569441870746e+03
2.237847569441870746e+03
2.071134475118835780e+03
1.912831315705416046e+03
1.912831315705416046e+03
2.367204573027272090e+03
2.444028279611430207e+03
2.601531349215100363e+03
2.759034418818770519e+03
2.759034418818770519e+03
1.987376388252095012e+03
1.987376388252095012e+03
2.201661913671689035e+03
2.319224366197183826e+03
4.512785150302765942e+03
4.876114097566112832e+03
4.876114097566112832e+03
4.876114097566112832e+03
4.876114097566112832e+03
2.593431361102720075e+03
2.593431361102720075e+03
2.482540464975648320e+03
2.371649568848577019e+03
2.371649568848577019e+03
1.659895720173683912e+03
1.580935129655134688e+03
1.659895720173683912e+03
2.185035651603524002e+03
2.399755574670817623e+03
2.614475497738111244e+03
2.614475497738111244e+03
1.980259832687155949e+03
1.980259832687155949e+03
2.147536645484840847e+03
2.213887731393222111e+03
2.419865212264679940e+03
2.625842693136137314e+03
2.625842693136137314e+03
2.316532749728822182e+03
2.151544991511249918e+03
2.043834810710002330e+03
2.043834810710002330e+03
2.332571484958577457e+03
2.621308159207152130e+03
2.627214252986851079e+03
2.621308159207152130e+03
2.627214252986851079e+03
2.646455854607508627e+03
2.920526778897798067e+03
2.920526778897798067e+03
2.920526778897798067e+03
2.720149461682477977e+03
2.226597884734879244e+03
2.226597884734879244e+03
3.001955233048029186e+03
3.176858010597024986e+03
3.176858010597024986e+03
3.176858010597024986e+03
3.176858010597024986e+03
3.271389033389467841e+03
4.050908787427215884e+03
4.442592887147749934e+03
4.196404822504942786e+03
4.196404822504942786e+03
4.196404822504942786e+03
3.913561004309376131e+03
3.913561004309376131e+03
4.863536852821540378e+03
5.076278702101969429e+03
4.863536852821540378e+03
4.128547394613993674e+03
3.393557936406446061e+03
3.236286722923774960e+03
3.236286722923774960e+03
3.287223750203916097e+03
3.455903079950121082e+03
3.455903079950121082e+03
3.303607334611547685e+03
3.151311589272974288e+03
2.738725456250464958e+03
2.738725456250464958e+03
2.842736055253104041e+03
3.144325402419991860e+03
3.819053810609059838e+03
3.819053810609059838e+03
3.819053810609059838e+03
3.470167647201898490e+03
3.184433964062979157e+03
2.488195423218390715e+03
2.457401084614305091e+03
2.457401084614305091e+03
2.652547421982147625e+03
2.847693759349990160e+03
2.941167289277652344e+03
2.941167289277652344e+03
2.397367478632740131e+03
2.397367478632740131e+03
2.439784750444839119e+03
2.439784750444839119e+03
2.439784750444839119e+03
3.194660151804639099e+03
2.765246064414649027e+03
3.301354533666949010e+03
3.474662009328441854e+03
3.474662009328441854e+03
3.474662009328441854e+03
3.365356527852367890e+03
3.365356527852367890e+03
3.029907240352121335e+03
3.029907240352121335e+03
2.777661988491143802e+03
2.520389415133186958e+03
2.484369789048160783e+03
2.448350162963134153e+03
2.448350162963134153e+03
2.436521426802349197e+03
2.447852084950501649e+03
1.925018834286552874e+03
2.447852084950501649e+03
2.916527104183760912e+03
3.385202123417020175e+03
3.385202123417020175e+03
2.930867680332613418e+03
2.918893143134535421e+03
2.930867680332613418e+03
3.012598109579178072e+03
3.083788756408203881e+03
3.154979403237229690e+03
3.369086137629888981e+03
3.369086137629888981e+03
2.938083468657404865e+03
2.771969295683274140e+03
2.938083468657404865e+03
3.097423629681736202e+03
3.256763790706067084e+03
3.256763790706067084e+03
3.291367016014768069e+03
3.291367016014768069e+03
3.412474224998114096e+03
3.551093245899788144e+03
3.757772474929734472e+03
3.964451703959680799e+03
3.964451703959680799e+03
3.964451703959680799e+03
4.363691107304952311e+03
4.624679140615116921e+03
4.624679140615116921e+03
4.851615050016758687e+03
5.711611911277561376e+03
5.711611911277561376e+03
5.164184419779361633e+03
3.418506319481229639e+03
3.418506319481229639e+03
3.418506319481229639e+03
2.990736114457832173e+03
2.990736114457832173e+03
2.815622790171418728e+03
2.248019848989201364e+03
2.248019848989201364e+03
2.194908306104366602e+03
2.422775829700524810e+03
2.685372554063305870e+03
2.947969278426086476e+03
3.014810018717114417e+03
2.947969278426086476e+03
2.862102782101569574e+03
2.862102782101569574e+03
2.862102782101569574e+03
2.703343735929996910e+03
2.544584689758423792e+03
2.533326074387118751e+03
2.297016352784808532e+03
2.297016352784808532e+03
2.575568338685076014e+03
2.608076842995487823e+03
2.711202289556144024e+03
2.814327736116800679e+03
2.814327736116800679e+03
2.748115200547099903e+03
2.595357409892214037e+03
2.363732057577055457e+03
2.363732057577055457e+03
2.479110854019068938e+03
2.594489650461082874e+03
2.594489650461082874e+03
2.521688420874412714e+03
2.437299967783591455e+03
2.437299967783591455e+03
2.639609947841560825e+03
2.743892534428505769e+03
2.848175121015450713e+03
2.848175121015450713e+03
2.655832757520875475e+03
2.513192302361553175e+03
2.365788016259938104e+03
2.365788016259938104e+03
2.339041971834703872e+03
2.312295927409469641e+03
1.962016343996664091e+03
1.719991248398145899e+03
1.474833346092996635e+03
1.474833346092996635e+03
1.627633209055099769e+03
1.957678028001617804e+03
2.287722846948136066e+03
2.287722846948136066e+03
2.048565373991208162e+03
2.048565373991208162e+03
2.217471667658322076e+03
2.217471667658322076e+03
2.175002128947397523e+03
2.132532590236472970e+03
1.976543693541744005e+03
1.956119772203184084e+03
1.956119772203184084e+03
1.925173603071521256e+03
1.678808706759378083e+03
1.667738306029590831e+03
1.656667905299803579e+03
1.512035268938748459e+03
1.512035268938748459e+03
1.538066940278065658e+03
1.610791225622386492e+03
1.881342364352690083e+03
1.881342364352690083e+03
1.881342364352690083e+03
1.413857466648005357e+03
1.294617313241944430e+03
1.206862826709556202e+03
1.206862826709556202e+03
1.689408607912636853e+03
1.689408607912636853e+03
1.689408607912636853e+03
1.416385178441986454e+03
1.276892866847712185e+03
1.270819308831706849e+03
1.201300829818268085e+03
1.270819308831706849e+03
1.290464931762247261e+03
1.310110554692787673e+03
1.310110554692787673e+03
1.123700155170866310e+03
1.048034412057135569e+03
1.048034412057135569e+03
1.388455346681909532e+03
1.562215535926197845e+03
1.735975725170485930e+03
1.735975725170485930e+03
1.547734510926494750e+03
1.360013379298009795e+03
1.360013379298009795e+03
1.360013379298009795e+03
1.364452458385226464e+03
1.368891537472443133e+03
1.345862746105768110e+03
1.055509842991853702e+03
9.497734556659928558e+02
8.258739525002447408e+02
7.715958532130572394e+02
7.715958532130572394e+02
7.715958532130572394e+02
7.281029042695409998e+02
5.985857803130883212e+02
5.985310708509907727e+02
5.985310708509907727e+02
6.803832814839988714e+02
6.826722212968386430e+02
6.849611611096785282e+02
6.849611611096785282e+02
6.177206517932696670e+02
6.177206517932696670e+02
6.241768456945792423e+02
6.443425669447340169e+02
6.443425669447340169e+02
6.443425669447340169e+02
7.169675755045087726e+02
9.049814234215016313e+02
9.049814234215016313e+02
5.542990693869685401e+02
5.542990693869685401e+02
5.577891007176324365e+02
5.612791320482962192e+02
5.934948320066521319e+02
5.934948320066521319e+02
6.468784914177902010e+02
7.010928594366063180e+02
7.010928594366063180e+02
7.028895815544453853e+02
7.046863036722845663e+02
8.384232605048408686e+02
1.114980007066980761e+03
1.114980007066980761e+03
1.052236737297440186e+03
1.052236737297440186e+03
1.117432694056661603e+03
1.182628650815882793e+03
1.197193326606522987e+03
1.202562545157202976e+03
1.202562545157202976e+03
1.131867038123778457e+03
1.131867038123778457e+03
1.145430914986609423e+03
1.158994791849440389e+03
1.194777313509346641e+03
1.194777313509346641e+03
1.186564644353183212e+03
1.061689466523551118e+03
1.032865281738902013e+03
1.032865281738902013e+03
1.032865281738902013e+03
1.028282656625919572e+03
9.746254317098091633e+02
9.746254317098091633e+02
9.940478789534720363e+02
1.339229812140469903e+03
1.370519266107673502e+03
1.401808720074876874e+03
2.026564363123236035e+03
2.046350831453295541e+03
2.295835232904088116e+03
2.295835232904088116e+03
2.295835232904088116e+03
2.422341474362482586e+03
2.548847715820876601e+03
3.137574393037401023e+03
3.301636772786398069e+03
3.301636772786398069e+03
3.301636772786398069e+03
4.254878781733102187e+03
4.687411683398067908e+03
5.119944585063032719e+03
5.119944585063032719e+03
4.645047875412169560e+03
4.645047875412169560e+03
5.969780218080203667e+03
5.969780218080203667e+03
7.643794811862076131e+03
7.643794811862076131e+03
7.643794811862076131e+03
7.643794811862076131e+03
8.000013881788933759e+03
8.000013881788933759e+03
7.401400213957254891e+03
6.918282045484490482e+03
6.435163877011726072e+03
6.310509406226791725e+03
6.310509406226791725e+03
6.310509406226791725e+03
6.309914462169192120e+03
6.309914462169192120e+03
6.420459001176455786e+03
6.531003540183720361e+03
7.060805482941892478e+03
7.060805482941892478e+03
6.749731998503117211e+03
6.627751749457261212e+03
6.232031419454438947e+03
5.694627465049580678e+03
5.157223510644722410e+03
4.362770659038401391e+03
3.490608763212330359e+03
3.490608763212330359e+03
3.326669824526438788e+03
3.491210465493174524e+03
3.411687139425633177e+03
3.332163813358091829e+03
3.583009034036241701e+03
4.034973410564881760e+03
4.034973410564881760e+03
3.344330023693150451e+03
2.873602609690188729e+03
3.344330023693150451e+03
3.344330023693150451e+03
3.344330023693150451e+03
2.774046348075538390e+03
2.774046348075538390e+03
2.774046348075538390e+03
1.819042081827729589e+03
1.695183865595956377e+03
1.571325649364183164e+03
1.490952257724537503e+03
1.485184502556337520e+03
1.485184502556337520e+03
1.545191745109087378e+03
1.644213413434558106e+03
1.829225439833426663e+03
2.014237466232295219e+03
2.335226777827774185e+03
2.335226777827774185e+03
2.172084780733388925e+03
2.172084780733388925e+03
2.322213555736532271e+03
2.471082107479202023e+03
2.619950659221871774e+03
2.619950659221871774e+03
2.331942984419686127e+03
1.717840447784914886e+03
1.670534153830339847e+03
1.717840447784914886e+03
1.643029007093465452e+03
1.568217566402016018e+03
1.524978601741558577e+03
1.485069115227922794e+03
1.468625708554224502e+03
1.468740160907836980e+03
1.468740160907836980e+03
1.749530101406299309e+03
2.030320041904761638e+03
2.030320041904761638e+03
1.949398407761253566e+03
1.949398407761253566e+03
1.967976725061110756e+03
2.279918128090320351e+03
2.292443530061686033e+03
2.304968932033052170e+03
2.382081214092141181e+03
2.382081214092141181e+03
2.158929432401987924e+03
2.158929432401987924e+03
2.724007702119285113e+03
2.724007702119285113e+03
2.724007702119285113e+03
2.573989974650145996e+03
2.573989974650145996e+03
3.782167969538321813e+03
4.643166911717048606e+03
4.643166911717048606e+03
4.309722387514540060e+03
3.976277863312031059e+03
3.737384529795896015e+03
3.737384529795896015e+03
4.195698386297492107e+03
4.477029011445580181e+03
4.477029011445580181e+03
4.111902706854370990e+03
3.746776402263160890e+03
3.178940896905904992e+03
3.178940896905904992e+03
3.200751343731645647e+03
3.465601803006500631e+03
3.465601803006500631e+03
3.384248977753969484e+03
3.302896152501438792e+03
2.937045029992612399e+03
2.886655912711370092e+03
2.886655912711370092e+03
3.170382579633676414e+03
3.170382579633676414e+03
3.117210919367124006e+03
3.064039259100572053e+03
2.726700339482254094e+03
2.726700339482254094e+03
3.075493578117777815e+03
3.075493578117777815e+03
3.075493578117777815e+03
3.084259521977241093e+03
3.093025465836704825e+03
3.093025465836704825e+03
2.997112511087941130e+03
2.904860358525082120e+03
2.677578373184688189e+03
2.677578373184688189e+03
2.943672751603546203e+03
3.209767130022404672e+03
3.209767130022404672e+03
3.395401739270365397e+03
3.144841316968572755e+03
3.258676770829304587e+03
3.258676770829304587e+03
3.258676770829304587e+03
3.258676770829304587e+03
3.492081112230726376e+03
3.725485453632148165e+03
4.105988112248021025e+03
4.105988112248021025e+03
3.997575211487172055e+03
3.926059364737928263e+03
3.854543517988684016e+03
3.636515338472636813e+03
3.514326782508056112e+03
2.877656228708548952e+03
2.727139332470263980e+03
2.877656228708548952e+03
3.166915859691423066e+03
3.456175490674297180e+03
3.456175490674297180e+03
3.748235458983357603e+03
3.009203885744597756e+03
2.952416851578987007e+03
2.902209968947183825e+03
2.902209968947183825e+03
2.902209968947183825e+03
2.722757091573174421e+03
2.572176924849623902e+03
2.722757091573174421e+03
2.938872806584821774e+03
3.189763968041415865e+03
3.537843594864161332e+03
3.885923221686906800e+03
3.894339495061679827e+03
4.718755542951036659e+03
4.718755542951036659e+03
5.074007017069549875e+03
4.142030625934970885e+03
5.074007017069549875e+03
3.407415970345200094e+03
3.407415970345200094e+03
3.606442573793265183e+03
3.606442573793265183e+03
2.585666150430372454e+03
2.585666150430372454e+03
2.403896946033328732e+03
2.222127741636285009e+03
2.162631806227052493e+03
2.162631806227052493e+03
2.236685198581363238e+03
2.236685198581363238e+03
2.236685198581363238e+03
2.419960579881229933e+03
2.603235961181096172e+03
2.784603268116680283e+03
2.784603268116680283e+03
2.244429556623313601e+03
2.244429556623313601e+03
2.277680056737768155e+03
2.338628502348880829e+03
2.399576947959993959e+03
2.500973277718586360e+03
2.536486134061926805e+03
2.538589696388372886e+03
2.658193147708499509e+03
2.667511941369781653e+03
2.667511941369781653e+03
2.667511941369781653e+03
2.505732737401488976e+03
2.276651622130716078e+03
2.276651622130716078e+03
2.314589618159058318e+03
2.679111612528412024e+03
2.709187857166057711e+03
2.739264101803703397e+03
2.679111612528412024e+03
2.578434154462562219e+03
2.474507827170141354e+03
2.474507827170141354e+03
2.523403504052680546e+03
2.570711609932939609e+03
2.618019715813198218e+03
2.618019715813198218e+03
2.521806281307915015e+03
2.224376526734321033e+03
2.224376526734321033e+03
2.273128908142351520e+03
2.330232599815385583e+03
2.387336291488420102e+03
2.387336291488420102e+03
2.280267163479900773e+03
2.119239857354821197e+03
1.903611959583056887e+03
1.903611959583056887e+03
1.912180062296825099e+03
1.920748165010593311e+03
1.960041828647807961e+03
1.920748165010593311e+03
1.951265254199137644e+03
1.951265254199137644e+03
2.212784302099276374e+03
2.212784302099276374e+03
2.212784302099276374e+03
1.874981155121676011e+03
1.795926335689876623e+03
1.769625413127618913e+03
1.769625413127618913e+03
1.842678801106424316e+03
1.870901661523525036e+03
1.899124521940625982e+03
1.899124521940625982e+03
1.751968445804736575e+03
1.622055063916372319e+03
1.507445678117897387e+03
1.495345555665508982e+03
1.487707397006239489e+03
1.480069238346969996e+03
1.241912015958552502e+03
1.075494766884833552e+03
9.142532345378820082e+02
9.142532345378820082e+02
1.238541259060986704e+03
1.293217041899894411e+03
1.347892824738801892e+03
1.347892824738801892e+03
1.289384212173398510e+03
1.289384212173398510e+03
1.552511171009491818e+03
1.552511171009491818e+03
1.526786616293439465e+03
1.501062061577387112e+03
1.458638528946391261e+03
1.358266010617599250e+03
1.358266010617599250e+03
1.372316649413155119e+03
1.372316649413155119e+03
1.326096854501341340e+03
1.279877059589527562e+03
1.201658342214501545e+03
9.292482419041449475e+02
9.133565306975127669e+02
8.920616628949961751e+02
8.920616628949961751e+02
9.575871312087268734e+02
1.023112599522457572e+03
1.200259846709902604e+03
1.200259846709902604e+03
1.108309250799816027e+03
9.384173618774440229e+02
9.384173618774440229e+02
9.523748417355214997e+02
9.663323215935989765e+02
9.694996913762320219e+02
9.663323215935989765e+02
9.126954303782275701e+02
9.126954303782275701e+02
1.017381977711151194e+03
1.075527362522252588e+03
1.133672747333353755e+03
1.133672747333353755e+03
8.744443151496961946e+02
7.341721594929082357e+02
7.341721594929082357e+02
7.873559421628104928e+02
8.905134340749793864e+02
9.936709259871481663e+02
9.936709259871481663e+02
8.546617708968436773e+02
8.546617708968436773e+02
8.779199868179276791e+02
8.941145166663136479e+02
8.860172517421206067e+02
8.779199868179276791e+02
7.968711276734012472e+02
6.792487157724100371e+02
6.792487157724100371e+02
7.314647346000102743e+02
7.956065139246112494e+02
8.691921504093692192e+02
9.427777868941271890e+02
9.427777868941271890e+02
8.339800576773807279e+02
7.676163277501361790e+02
7.676163277501361790e+02
8.415076980346351547e+02
8.415076980346351547e+02
8.415076980346351547e+02
8.069159136743365934e+02
6.871305322688241404e+02
5.972572774768851787e+02
5.972572774768851787e+02
6.774968069071856007e+02
7.108060473647950630e+02
7.441152878224045253e+02
8.110414506375580004e+02
8.219670266258003721e+02
8.219670266258003721e+02
9.293190721372527605e+02
9.915555926845075874e+02
9.915555926845075874e+02
9.915555926845075874e+02
9.213229911838606085e+02
7.937936859863004884e+02
7.937936859863004884e+02
9.130481215039284280e+02
1.022631160082886822e+03
1.100885334282600525e+03
1.179139508482314113e+03
1.179139508482314113e+03
1.086915746140188503e+03
9.340367816121164424e+02
1.086915746140188503e+03
1.354066313444862317e+03
1.424513759640926764e+03
1.494961205836990985e+03
1.707369738017263217e+03
2.473441899716714033e+03
3.011223545830906005e+03
3.011223545830906005e+03
3.256906674731057137e+03
3.107098352179039921e+03
2.957290029627022705e+03
2.957290029627022705e+03
2.957290029627022705e+03
3.085880659479212227e+03
3.178637882547305253e+03
3.178637882547305253e+03
3.118240344278167868e+03
3.057842806009030028e+03
2.828966299041619095e+03
2.735111341943978005e+03
2.735111341943978005e+03
3.395187610950104954e+03
3.586770400941620210e+03
3.586770400941620210e+03
3.586770400941620210e+03
3.522197688795050453e+03
2.990626615412540104e+03
2.409563001124462517e+03
2.028980439840127929e+03
2.028980439840127929e+03
2.263868514509143552e+03
2.498756589178159174e+03
2.593718603801289646e+03
2.593718603801289646e+03
2.485876048788809385e+03
2.485876048788809385e+03
3.192476612519994887e+03
3.383479009681823754e+03
3.574481406843652621e+03
3.574481406843652621e+03
3.357205935471637076e+03
3.102075585150296774e+03
3.102075585150296774e+03
4.051533625561571171e+03
5.594399999999999636e+03
6.248178978939959052e+03
6.363366913171320448e+03
6.363366913171320448e+03
4.099327310619927630e+03
4.099327310619927630e+03
4.099327310619927630e+03
4.099327310619927630e+03
4.099327310619927630e+03
4.465999425513738970e+03
4.465999425513738970e+03
2.995606165010545283e+03
2.322283999354193384e+03
2.322283999354193384e+03
2.460864240185641393e+03
2.599444481017088947e+03
2.679972428722770928e+03
2.679972428722770928e+03
2.266722501633164029e+03
2.266722501633164029e+03
2.772879361180844626e+03
2.772879361180844626e+03
2.772879361180844626e+03
2.639617681679756060e+03
2.265649211618646859e+03
2.434599720541500119e+03
2.310985572911206873e+03
2.434599720541500119e+03
2.667680174442746647e+03
2.900760628343993631e+03
3.046174329153605868e+03
3.046174329153605868e+03
2.866023707407646725e+03
2.808391674098219482e+03
2.866023707407646725e+03
2.813790952846863547e+03
2.761558198286080369e+03
2.761558198286080369e+03
2.449284122594855944e+03
2.246700676396866129e+03
1.993522143731664301e+03
1.993522143731664301e+03
2.121416722716193362e+03
2.249311301700722652e+03
2.249311301700722652e+03
1.959535910417220748e+03
1.936695222456161900e+03
1.879901919700587996e+03
1.879901919700587996e+03
2.317580330226534898e+03
2.755258740752482026e+03
2.755258740752482026e+03
2.521745787327220114e+03
2.365885743322496182e+03
2.365885743322496182e+03
2.670602418707902871e+03
2.670602418707902871e+03
2.670602418707902871e+03
2.299743351259776773e+03
2.299743351259776773e+03
2.445738439331997597e+03
2.744284258876204603e+03
2.744284258876204603e+03
2.765493158338168541e+03
2.786702057800132934e+03
2.669396937553194675e+03
2.786702057800132934e+03
3.931137559646951104e+03
3.931137559646951104e+03
3.762835664743841789e+03
3.494244440597071389e+03
3.225653216450300988e+03
3.225653216450300988e+03
3.869447171761034497e+03
4.192939759095409499e+03
4.288650184527320562e+03
4.673889630168741860e+03
4.673889630168741860e+03
4.673889630168741860e+03
3.639855077220113799e+03
3.639855077220113799e+03
4.129488130075886147e+03
4.509654201818801084e+03
4.129488130075886147e+03
4.075038291079430564e+03
4.020588452082974982e+03
3.803973747463011932e+03
3.436135109626181020e+03
3.411539971626356419e+03
3.411539971626356419e+03
3.702947297432835967e+03
3.702947297432835967e+03
3.702947297432835967e+03
3.336420755009238746e+03
3.103871157622174451e+03
3.103871157622174451e+03
3.350159492062191930e+03
3.760797112346674112e+03
3.760797112346674112e+03
3.760797112346674112e+03
3.873498473132357958e+03
3.459709409185208187e+03
3.277026815378254923e+03
3.262050566092021654e+03
3.262050566092021654e+03
3.469974156272787695e+03
3.677897746453554191e+03
3.677897746453554191e+03
4.171052698682691698e+03
3.457885670897100681e+03
4.190404339437780436e+03
4.190404339437780436e+03
4.390625963013681030e+03
4.590847586589581624e+03
4.590847586589581624e+03
4.541014063077330320e+03
4.491180539565079016e+03
4.231645392348096721e+03
4.231645392348096721e+03
4.136694701681640254e+03
4.041744011015183787e+03
3.737799282913365005e+03
3.408433977603993299e+03
3.230776296828079921e+03
3.081449120241106812e+03
3.081449120241106812e+03
3.503637760333328970e+03
3.925826400425551128e+03
4.385637794004020179e+03
4.385637794004020179e+03
4.670221248492827726e+03
5.166073962809693512e+03
5.190358550038216890e+03
5.476342129487731654e+03
5.762325708937245508e+03
6.440446395701418624e+03
7.100524637695204547e+03
7.100524637695204547e+03
2.637033155663948037e+03
2.637033155663948037e+03
2.637033155663948037e+03
2.637033155663948037e+03
3.911391594004945546e+03
3.911391594004945546e+03
3.193934296346536030e+03
3.072176349192961425e+03
3.072176349192961425e+03
3.427065259246368441e+03
3.781954169299775003e+03
3.781954169299775003e+03
3.356915163618220504e+03
2.836482256307294847e+03
2.836482256307294847e+03
2.907529055171669825e+03
3.133678579406442623e+03
3.359828103641215876e+03
3.778370307887867966e+03
3.359828103641215876e+03
3.305939370857111044e+03
3.305939370857111044e+03
3.306116750896667781e+03
3.343751049808971402e+03
3.381385348721274568e+03
3.306116750896667781e+03
3.080182167859560650e+03
2.989716498344925185e+03
3.003986090051248539e+03
3.003986090051248539e+03
3.003986090051248539e+03
3.003986090051248539e+03
2.941687057723236194e+03
2.491830851430032453e+03
2.373197341387544384e+03
1.967264238418789091e+03
1.874100173498540926e+03
1.874100173498540926e+03
1.874100173498540926e+03
2.462899783421596112e+03
2.798457702949081067e+03
2.798457702949081067e+03
2.161453720747535954e+03
2.161453720747535954e+03
2.286874601104175781e+03
2.412295481460816063e+03
2.433123889448573209e+03
2.645719228856137761e+03
2.645719228856137761e+03
2.407791626528831785e+03
2.404712312196681069e+03
2.406251969362756427e+03
2.407791626528831785e+03
2.425956315482764694e+03
2.425956315482764694e+03
2.488569783773144536e+03
2.393016246297586804e+03
2.102945476308780144e+03
2.100835273469430831e+03
2.098725070630081063e+03
2.102945476308780144e+03
2.098725070630081063e+03
2.030905844671076011e+03
1.888832670838582317e+03
1.747353171184606708e+03
1.736332478215541414e+03
1.725311785246476347e+03
1.725311785246476347e+03
1.587588867147015435e+03
1.426070101542476777e+03
1.426070101542476777e+03
1.518095904367615958e+03
1.584041535525955624e+03
1.649987166684295516e+03
1.649987166684295516e+03
1.508134864061799817e+03
1.468271809289775092e+03
1.444226498825127919e+03
1.444226498825127919e+03
1.570597069553489291e+03
1.696967640281850436e+03
1.756288788833712488e+03
1.756288788833712488e+03
1.402430476904864690e+03
1.279769911798588737e+03
1.267396960538968187e+03
1.267396960538968187e+03
1.267396960538968187e+03
1.251609529666689696e+03
1.189236696854258753e+03
1.181023627968459550e+03
1.181023627968459550e+03
1.451729828231743113e+03
1.514531636986024751e+03
1.577333445740306388e+03
1.577333445740306388e+03
1.473255955039799119e+03
1.233700314376247434e+03
1.233700314376247434e+03
1.454545361220728864e+03
1.454545361220728864e+03
1.454545361220728864e+03
1.353010433064729796e+03
1.181622410492524068e+03
1.029069702420142903e+03
1.029069702420142903e+03
1.412447803275323395e+03
1.567557525325642928e+03
1.722667247375962461e+03
1.722667247375962461e+03
1.558969621371800486e+03
1.558969621371800486e+03
1.558969621371800486e+03
1.612766431884724170e+03
1.555174961074211296e+03
1.497583490263698650e+03
1.351859708685444048e+03
1.233620846906710767e+03
1.233620846906710767e+03
1.311832734799520722e+03
1.572450365037792380e+03
1.572450365037792380e+03
1.572450365037792380e+03
1.526126737798748763e+03
1.502123790020047409e+03
1.409464856219892908e+03
1.278439103805277000e+03
1.241564730549398973e+03
1.241564730549398973e+03
1.241564730549398973e+03
1.241564730549398973e+03
1.178556345467754227e+03
1.123704878462607439e+03
1.099059454457647917e+03
1.099059454457647917e+03
1.141475617959691135e+03
1.183891781461734581e+03
1.183891781461734581e+03
9.455452545858031499e+02
9.455452545858031499e+02
1.021035224112729566e+03
1.100998302989703916e+03
1.257151982469359609e+03
1.413305661949015303e+03
1.413305661949015303e+03
1.166850382787507215e+03
1.166850382787507215e+03
1.136961554768369297e+03
1.167464267517977760e+03
1.152212911143173642e+03
1.136961554768369297e+03
1.075696840873765495e+03
9.525388576444099726e+02
9.525388576444099726e+02
1.304032964964884513e+03
1.314380215542967790e+03
1.309206590253926151e+03
1.304032964964884513e+03
1.462925044012850776e+03
1.462925044012850776e+03
1.462925044012850776e+03
1.554043225841619687e+03
1.581593176977710755e+03
1.581593176977710755e+03
1.581593176977710755e+03
1.252830561834008904e+03
1.076120675170387130e+03
9.523331216789828204e+02
9.646643685616070343e+02
9.646643685616070343e+02
9.984831648649053477e+02
1.032301961168203661e+03
1.032301961168203661e+03
1.032301961168203661e+03
1.329938158401206920e+03
1.436640993392819610e+03
1.329938158401206920e+03
1.285571888823927566e+03
1.241205619246647984e+03
1.154925000947121816e+03
1.150237700090287262e+03
1.154925000947121816e+03
1.160257579655150948e+03
1.357720664114091960e+03
1.648389408101902063e+03
1.939058152089711939e+03
2.147538495799214616e+03
2.147538495799214616e+03
2.273423436854145166e+03
2.273423436854145166e+03
2.273423436854145166e+03
2.231992500088557790e+03
2.190561563322970414e+03
2.445899331169826837e+03
2.445899331169826837e+03
3.057360891713111414e+03
4.075589059227900179e+03
4.982913976438893769e+03
4.982913976438893769e+03
4.982913976438893769e+03
4.204160400848376412e+03
4.204160400848376412e+03
3.880184887077382882e+03
4.717616768305127152e+03
4.717616768305127152e+03
4.717616768305127152e+03
4.717616768305127152e+03
4.513850531706239963e+03
4.473187086994821584e+03
4.284006220742931873e+03
4.284006220742931873e+03
4.462271444241078825e+03
4.462271444241078825e+03
4.462271444241078825e+03
3.854965265243329213e+03
3.560043247177221929e+03
3.375099047429383972e+03
3.172405598358577663e+03
3.172405598358577663e+03
3.270389493338395823e+03
3.368373388318213983e+03
3.368373388318213983e+03
3.292190832922260142e+03
2.882445320411746252e+03
2.882445320411746252e+03
3.857133022832790175e+03
4.285722113375684785e+03
4.714311203918578940e+03
4.714311203918578940e+03
4.714311203918578940e+03
5.223974246628081346e+03
5.637640475756392334e+03
5.639674400493599933e+03
5.638657438124995679e+03
5.637640475756392334e+03
5.150789681957066932e+03
4.349764957361314373e+03
3.455891959436278285e+03
3.455891959436278285e+03
3.561022506413128212e+03
3.963542642517700642e+03
3.963542642517700642e+03
3.963542642517700642e+03
4.085221243298171885e+03
4.085221243298171885e+03
4.310185786761796408e+03
2.595290006392826854e+03
4.310185786761796408e+03
7.198508270304570942e+03
7.198508270304570942e+03
2.828264378390120328e+03
2.828264378390120328e+03
2.828264378390120328e+03
2.828264378390120328e+03
2.828264378390120328e+03
2.828264378390120328e+03
2.828264378390120328e+03
2.547651285130731139e+03
2.221227652367752853e+03
2.221227652367752853e+03
2.362636196350596038e+03
2.543038891110159511e+03
2.723441585869722985e+03
2.723441585869722985e+03
2.060988724275555796e+03
1.907310084651508760e+03
1.907310084651508760e+03
2.080850870681756987e+03
2.154785784022244570e+03
2.228720697362732153e+03
2.276695540752261422e+03
2.276695540752261422e+03
2.237320790919734918e+03
2.220133358098195458e+03
2.237320790919734918e+03
2.431201065673547419e+03
2.625081340427359919e+03
2.625081340427359919e+03
2.405402998972084788e+03
2.405402998972084788e+03
2.505939967133283517e+03
2.579822820811264137e+03
2.674406400779651449e+03
2.768989980748038306e+03
2.768989980748038306e+03
2.722024579126099525e+03
2.722024579126099525e+03
3.460238629103122094e+03
4.145397221374257242e+03
4.145397221374257242e+03
4.145397221374257242e+03
3.600493819265648654e+03
3.600493819265648654e+03
4.487124199630700787e+03
4.801027684521818628e+03
4.801027684521818628e+03
4.342251544285642012e+03
3.883475404049465396e+03
3.692120432472998800e+03
3.692120432472998800e+03
4.851485450111257705e+03
4.993997658389514982e+03
5.394515933521114675e+03
5.394515933521114675e+03
5.394515933521114675e+03
5.221548317950306227e+03
5.221548317950306227e+03
5.561156224319289322e+03
6.441430683538218545e+03
6.441430683538218545e+03
6.230412523927266193e+03
6.019394364316313840e+03
4.348515828907197829e+03
4.348515828907197829e+03
4.496003075304464801e+03
5.258398561075568068e+03
5.258398561075568068e+03
4.930695174684546146e+03
4.602991788293524223e+03
4.203502608225205222e+03
3.661571586471839055e+03
3.344241785235271436e+03
3.344241785235271436e+03
3.471931843931110052e+03
3.471931843931110052e+03
3.471931843931110052e+03
3.134387261396352187e+03
2.679918585674446604e+03
2.679918585674446604e+03
2.747153990058336603e+03
3.742861420883179107e+03
3.981076393342246774e+03
4.219291365801313987e+03
4.219291365801313987e+03
3.392483423403622965e+03
3.392483423403622965e+03
3.392483423403622965e+03
3.438728034637077599e+03
3.634862467992128586e+03
3.830996901347179119e+03
3.887928134350916025e+03
3.887928134350916025e+03
3.146016294136009037e+03
