9.785257828682833861e+03
9.785257828682833861e+03
8.609123082858830458e+03
7.842269873243892107e+03
7.727714897226822359e+03
7.517347527904106755e+03
6.936995844379869595e+03
6.816472214831752353e+03
6.695948585283634202e+03
6.617825587112473841e+03
6.617825587112473841e+03
6.018265301757916859e+03
5.808290603249855849e+03
5.808290603249855849e+03
5.833696000586658556e+03
5.859101397923461263e+03
6.049299314869905174e+03
6.300495845906145405e+03
6.510700023855126346e+03
7.770830985556579435e+03
7.924665681868937099e+03
7.924665681868937099e+03
7.342571040814992557e+03
7.168570445975356051e+03
7.168570445975356051e+03
7.168570445975356051e+03
7.168570445975356051e+03
7.168570445975356051e+03
6.722714458016672324e+03
6.722714458016672324e+03
6.722714458016672324e+03
6.722714458016672324e+03
6.630049318206379212e+03
5.708273302984479415e+03
4.795763223989698417e+03
4.550542019810125566e+03
4.305320815630553625e+03
4.071518456412232808e+03
3.839075219165255021e+03
3.839075219165255021e+03
3.735066425253352918e+03
3.915028930482289979e+03
3.915028930482289979e+03
3.915028930482289979e+03
3.984922054668521014e+03
3.984922054668521014e+03
3.716347378096288139e+03
3.716347378096288139e+03
3.720006347928780087e+03
3.731502874108083233e+03
3.742999400287386834e+03
3.742999400287386834e+03
3.637869250114379156e+03
3.566970273906526927e+03
3.493376203407546654e+03
3.566970273906526927e+03
3.628715366993608768e+03
3.690460460080690154e+03
4.272787035683058093e+03
4.743914245367992407e+03
4.798116710082650570e+03
4.930285751237962359e+03
4.935304837387825501e+03
4.932795294312893930e+03
4.930285751237962359e+03
4.812086851727232897e+03
4.538426331723379917e+03
4.110145402617989021e+03
4.060964794845185679e+03
3.996702886855494398e+03
3.996702886855494398e+03
3.996702886855494398e+03
3.996702886855494398e+03
3.975849763158167207e+03
3.819361986831089780e+03
3.741728969839366982e+03
3.669060376979936791e+03
3.669060376979936791e+03
3.669060376979936791e+03
3.669060376979936791e+03
3.621609373391891040e+03
3.526727148800582199e+03
3.495034684447510699e+03
3.495034684447510699e+03
3.542365684384858469e+03
3.589696684322206693e+03
3.709661282828812091e+03
3.709661282828812091e+03
3.703750624251878889e+03
3.688482486253708885e+03
3.703750624251878889e+03
3.807061813237966817e+03
3.910373002224054289e+03
4.041145600236658083e+03
4.145370416201089029e+03
4.175622806379069516e+03
4.145370416201089029e+03
4.107280295074575406e+03
4.107280295074575406e+03
4.107280295074575406e+03
4.196441144257210908e+03
4.196441144257210908e+03
4.157865571348181220e+03
4.157865571348181220e+03
4.260530108881703200e+03
4.260530108881703200e+03
4.260530108881703200e+03
4.251952651855825934e+03
4.017731628572220870e+03
3.742869486455647348e+03
3.742869486455647348e+03
3.802034635535468169e+03
3.905027192779812594e+03
4.008019750024157020e+03
4.110602364906813818e+03
4.151624719954179454e+03
4.197629793393795808e+03
4.230487935020425539e+03
4.230487935020425539e+03
4.227616356166392507e+03
4.224744777312360384e+03
4.224744777312360384e+03
4.303782048381377535e+03
4.309178940547334605e+03
4.592053021744251964e+03
4.738283912189293915e+03
4.738283912189293915e+03
4.738283912189293915e+03
4.306129357337679721e+03
4.218549144213847285e+03
3.877968264427452141e+03
3.677297897942954478e+03
3.420218013496427375e+03
3.410608593256658423e+03
3.400999173016889017e+03
3.400999173016889017e+03
3.400999173016889017e+03
3.369434666046981420e+03
3.369434666046981420e+03
3.668269138654885865e+03
3.736262455852123821e+03
3.804255773049361778e+03
3.866399055916967882e+03
3.804255773049361778e+03
3.787032435661110412e+03
3.608472179024015986e+03
3.468354360285861276e+03
3.468354360285861276e+03
3.468354360285861276e+03
3.468354360285861276e+03
3.409823650183290738e+03
3.259761495547712912e+03
3.252151101588439815e+03
3.252151101588439815e+03
3.239444128553313021e+03
3.226737155518185773e+03
3.203949510099248982e+03
3.203949510099248982e+03
3.367262335927809090e+03
3.506222003886658513e+03
3.506224485998076489e+03
3.506224485998076489e+03
3.506224485998076489e+03
3.351158804017970397e+03
3.205289519017840121e+03
3.155418983948104596e+03
3.108833863034552905e+03
3.154194383219543397e+03
3.112055129988968474e+03
3.069915876758394006e+03
3.069915876758394006e+03
2.854112615879811983e+03
2.783177168095540765e+03
2.769894223529411192e+03
2.769894223529411192e+03
2.688633701659744020e+03
2.607373179790076847e+03
2.595447805102284292e+03
2.592019924552461816e+03
2.524632027639040189e+03
2.470702946412829078e+03
2.516419356434463225e+03
2.493561151423646152e+03
2.470702946412829078e+03
2.344452589026729584e+03
2.312105261356655774e+03
2.312105261356655774e+03
2.442437331804922451e+03
3.016749527595484324e+03
3.044592258846797904e+03
3.072434990098111484e+03
3.101905730785114429e+03
3.402513670647823801e+03
3.567032035978490057e+03
4.131320757556024546e+03
5.517784928463910546e+03
5.517784928463910546e+03
5.517784928463910546e+03
5.516957760793982743e+03
5.516957760793982743e+03
5.723991593834504783e+03
5.723991593834504783e+03
5.643020472578672525e+03
5.549418316705668985e+03
5.455816160832664536e+03
4.951199913618543178e+03
4.451980947780361021e+03
4.451980947780361021e+03
5.048113820298889550e+03
5.603424629007612566e+03
5.603424629007612566e+03
5.603424629007612566e+03
5.505539409239204360e+03
5.505539409239204360e+03
6.137599745812576657e+03
6.413310817947351097e+03
6.137599745812576657e+03
6.039484743821309166e+03
5.941369741830042585e+03
5.358435349974982273e+03
5.358435349974982273e+03
5.559026116402877960e+03
5.682759148731248388e+03
5.682759148731248388e+03
5.604847968439678880e+03
5.526936788148109372e+03
5.234659964914791999e+03
5.201493237560932357e+03
5.166229256894191167e+03
5.166229256894191167e+03
5.454678453713097952e+03
5.454678453713097952e+03
5.454678453713097952e+03
5.167018870385976697e+03
5.070068312884602165e+03
5.070068312884602165e+03
5.131374531765616666e+03
5.323526638589173672e+03
5.547149056079355432e+03
5.770771473569536283e+03
6.876817719063544246e+03
8.228779658998182640e+03
8.672117010567571924e+03
8.747353800382190457e+03
8.672117010567571924e+03
8.636705836193783398e+03
8.601294661819994872e+03
8.041413852113228131e+03
7.955943324704384395e+03
7.267635973116137393e+03
6.755529932373147858e+03
6.241473222943111978e+03
5.944020378422410431e+03
5.646567533901707975e+03
5.014208350402088399e+03
4.501241208563576038e+03
4.456221478110622229e+03
4.456221478110622229e+03
5.134061243462638231e+03
5.134061243462638231e+03
5.134061243462638231e+03
5.120726056106048418e+03
4.837780305594164929e+03
4.605535522188358300e+03
4.605535522188358300e+03
4.698409872193420597e+03
4.883067193861542364e+03
4.883067193861542364e+03
4.812062542932212637e+03
4.596917176968424428e+03
4.596917176968424428e+03
4.719166486542188068e+03
5.446324114458531767e+03
5.603987937324603990e+03
5.603987937324603990e+03
5.661000000000000000e+03
5.661000000000000000e+03
5.438705244971109096e+03
5.438705244971109096e+03
5.438705244971109096e+03
4.467034985006124771e+03
3.495364725041139536e+03
2.980525594871989142e+03
2.890554346668260223e+03
2.890554346668260223e+03
2.874627502995713712e+03
2.932918902202990466e+03
2.969415984492596635e+03
3.005913066782202804e+03
3.212803895035969163e+03
3.402120898335249876e+03
3.601616413874930004e+03
3.892803048228447096e+03
3.952790775355766982e+03
4.085532624233144816e+03
4.218274473110522194e+03
4.335095775391387178e+03
4.335095775391387178e+03
4.101301191767318414e+03
4.026356331498492182e+03
4.026356331498492182e+03
4.006195189680415751e+03
3.986034047862339776e+03
3.986034047862339776e+03
3.805959661554372815e+03
3.805959661554372815e+03
4.001702238605742423e+03
4.001702238605742423e+03
3.935909933073473439e+03
3.870117627541204911e+03
3.862354713335562792e+03
3.758193786562238074e+03
3.472277733095218991e+03
3.394533253429140132e+03
3.337097253263668790e+03
3.337097253263668790e+03
3.337097253263668790e+03
3.337097253263668790e+03
3.308278978292808006e+03
3.123188515486192955e+03
3.087373459898130932e+03
3.123188515486192955e+03
3.351720231587528815e+03
3.580251947688864675e+03
3.743715544168770066e+03
3.743715544168770066e+03
3.676015469430497433e+03
3.635512982287360956e+03
3.676015469430497433e+03
3.749671683884273989e+03
3.823327898338051000e+03
4.048575383688058992e+03
4.048575383688058992e+03
3.935181073378495967e+03
3.773147455875312971e+03
3.773147455875312971e+03
3.873680669341999419e+03
3.974213882808685867e+03
4.293559622843873512e+03
4.293559622843873512e+03
4.363022702323792146e+03
4.441592365762056033e+03
4.517005418284665211e+03
4.717891545456970562e+03
4.918777672629275912e+03
5.598470546828354600e+03
5.911528481395838753e+03
5.940095583022443861e+03
5.958945850493547368e+03
6.280167312617852076e+03
7.066123575914176399e+03
7.852079839210499813e+03
8.873061406014578097e+03
8.873061406014578097e+03
8.435928571864989863e+03
8.410629731277165774e+03
8.410629731277165774e+03
8.427350506357421182e+03
8.444071281437676589e+03
8.997309872637057197e+03
9.548740446397823689e+03
9.548740446397823689e+03
9.590458961542735778e+03
9.535632627191571373e+03
9.535632627191571373e+03
9.535632627191571373e+03
9.535632627191571373e+03
9.535632627191571373e+03
9.451844365092851149e+03
8.730839422339831799e+03
7.715912690643155656e+03
7.324988609542932863e+03
6.934064528442710071e+03
6.842079974797477007e+03
6.818514872460908009e+03
6.484594163655396187e+03
5.854564928606815556e+03
5.854564928606815556e+03
6.491414843323987952e+03
7.128264758041161258e+03
8.305848516592785018e+03
8.305848516592785018e+03
8.312859528310840687e+03
8.238204618559388109e+03
8.286550171127191788e+03
8.286550171127191788e+03
8.286550171127191788e+03
9.123687059921283435e+03
9.123687059921283435e+03
8.141695824487736900e+03
7.695526121681030418e+03
8.141695824487736900e+03
8.345077936988080182e+03
8.548460049488423465e+03
8.548460049488423465e+03
8.040867694346946337e+03
7.648605029110454780e+03
7.648605029110454780e+03
7.954947669446453801e+03
8.066326301298440740e+03
8.177704933150426768e+03
8.177704933150426768e+03
7.991162600247255796e+03
7.991162600247255796e+03
7.910327418037234565e+03
7.910327418037234565e+03
7.910327418037234565e+03
7.972207389734433491e+03
8.226911926539551132e+03
8.226911926539551132e+03
8.194774477535094775e+03
8.194774477535094775e+03
8.194774477535094775e+03
7.043071349908854245e+03
7.043071349908854245e+03
7.043071349908854245e+03
5.415753588886081161e+03
4.177430083881415158e+03
3.832501369430529394e+03
3.415066189002579904e+03
3.383687811933514240e+03
3.352309434864448122e+03
3.415066189002579904e+03
3.672237351899654186e+03
3.677403036075435921e+03
4.180604395335349182e+03
4.607456519159238269e+03
4.701403903178284963e+03
4.795351287197330748e+03
4.732945905697487433e+03
4.732945905697487433e+03
4.462238384420117654e+03
4.356801887622287722e+03
4.356801887622287722e+03
4.405611944839620264e+03
4.454422002056953716e+03
5.133589547089934968e+03
5.744128212310463823e+03
6.005957074755118811e+03
6.048095118832185108e+03
6.048095118832185108e+03
5.915060517862668348e+03
5.782025916893150679e+03
5.753756277199007855e+03
5.546449935173600352e+03
5.546449935173600352e+03
5.555399532050961170e+03
5.931412233671840113e+03
6.362157044139708887e+03
6.792901854607578571e+03
7.651895825486960348e+03
7.651895825486960348e+03
6.984240181825895888e+03
6.347130503158853571e+03
5.895498025755866365e+03
5.552533676951421512e+03
5.209569328146975749e+03
4.786679123987510138e+03
4.337756574307055416e+03
3.937737198344845638e+03
3.634565293590436795e+03
3.634565293590436795e+03
3.759098579360388612e+03
3.883631865130340884e+03
4.513995194126485330e+03
4.957799397878614400e+03
5.315890296168821806e+03
5.926987762223709979e+03
6.426013217875417467e+03
6.426013217875417467e+03
6.426013217875417467e+03
6.040552400308560209e+03
5.985190288046162095e+03
6.040552400308560209e+03
6.541111998509666591e+03
6.541111998509666591e+03
6.497703096024521983e+03
6.454294193539377375e+03
6.370265343436096373e+03
5.641390093317120773e+03
5.146926218878233158e+03
5.146926218878233158e+03
5.598329313293450468e+03
5.843606656969167489e+03
6.088884000644884509e+03
6.342900177810971400e+03
6.342900177810971400e+03
6.253801552952007114e+03
5.881729419539224182e+03
5.579556425345746902e+03
5.579556425345746902e+03
5.579556425345746902e+03
5.886595066270793723e+03
5.886595066270793723e+03
5.886595066270793723e+03
6.103796534334600437e+03
6.103796534334600437e+03
6.059800749181302308e+03
6.015804964028005088e+03
5.484484128086089186e+03
5.234560558501319065e+03
4.766723948972215112e+03
4.138635307900619409e+03
3.875283304336016954e+03
3.875283304336016954e+03
3.875283304336016954e+03
4.111623095540152462e+03
4.907929765214692452e+03
5.269660513050898771e+03
5.297063445727976614e+03
5.269660513050898771e+03
5.246078514582555727e+03
5.222496516114213591e+03
4.680117336952651385e+03
4.253149245296049230e+03
3.958261951699896599e+03
3.656905432102131272e+03
3.305651635274547516e+03
3.251267729223964579e+03
3.196883823173381643e+03
3.074456607078800971e+03
2.990127493715435776e+03
2.845492948244513627e+03
2.845492948244513627e+03
2.847406661226769756e+03
2.847406661226769756e+03
2.847406661226769756e+03
2.744334383247244205e+03
2.563298868437087549e+03
2.563298868437087549e+03
2.798221457886065309e+03
2.990107065767687800e+03
2.990107065767687800e+03
2.990107065767687800e+03
2.791898028090614844e+03
2.773923866644624013e+03
2.679120670661795430e+03
2.648542028233699966e+03
2.679120670661795430e+03
2.702832888477449615e+03
2.726545106293103800e+03
2.784024574866862622e+03
2.862618454430211841e+03
2.862618454430211841e+03
2.768151930118252039e+03
2.399284699284078670e+03
2.399026584240808916e+03
2.398768469197538707e+03
2.398768469197538707e+03
2.412250972428912974e+03
2.426272717254997133e+03
2.906848457687024165e+03
3.635557176110114597e+03
3.636398194421017706e+03
3.637239212731920816e+03
3.850786726995588197e+03
4.282171927635226893e+03
4.350320582514320449e+03
4.567013099122274070e+03
4.567013099122274070e+03
4.504575056971189042e+03
4.442137014820104014e+03
3.978132084215155828e+03
3.706022289418751825e+03
3.452749010391840784e+03
3.431459287580828914e+03
3.398325345617349285e+03
3.388077183265983876e+03
3.377829020914618923e+03
3.204671492729732108e+03
3.204671492729732108e+03
3.295042255546652996e+03
3.787456636405404879e+03
4.324858066021478407e+03
4.324858066021478407e+03
4.324858066021478407e+03
3.991403774583087852e+03
3.991403774583087852e+03
5.393929365524698369e+03
5.917327544961462081e+03
5.917327544961462081e+03
5.597775546150579430e+03
5.278223547339696779e+03
5.094329801776330896e+03
5.094329801776330896e+03
5.437034371916085547e+03
6.084089809409546433e+03
6.084089809409546433e+03
5.672738628774771314e+03
5.261387448139996195e+03
4.999962320229323268e+03
4.995382790530138664e+03
4.995382790530138664e+03
5.926518131657717277e+03
5.926518131657717277e+03
6.394716224126101224e+03
6.394716224126101224e+03
6.621865279799896598e+03
7.340872127936399011e+03
8.751544384823146174e+03
8.751544384823146174e+03
7.659215083320278609e+03
7.284142995161613726e+03
6.909070907002949752e+03
6.808210485846984739e+03
6.820525296075214101e+03
6.820525296075214101e+03
6.837847908079220360e+03
6.868604723102926073e+03
7.036190775748556916e+03
7.203776828394188669e+03
7.830976305955084172e+03
8.014494852947169420e+03
8.360377088340175760e+03
8.573501054382239090e+03
8.786064816456533663e+03
8.786064816456533663e+03
8.786064816456533663e+03
9.370075702704869400e+03
9.370075702704869400e+03
9.370075702704869400e+03
9.269924991854730251e+03
9.509500000000000000e+03
8.784992934462346966e+03
8.273140668707987061e+03
7.810597805127966240e+03
7.588215545153308994e+03
7.466012248815301973e+03
6.943470470621589811e+03
6.615888405777480330e+03
6.943470470621589811e+03
6.943470470621589811e+03
6.943470470621589811e+03
6.082520472972973039e+03
6.082520472972973039e+03
5.879371539531730377e+03
4.487376419976259058e+03
4.230867385033496248e+03
3.974358350090732984e+03
3.974358350090732984e+03
4.031011273958989477e+03
4.097269172238490683e+03
4.524540313500426237e+03
4.524540313500426237e+03
4.500161886889802190e+03
4.475783460279177234e+03
4.331916583809433178e+03
4.475783460279177234e+03
4.629574248509811696e+03
5.270058087401849662e+03
5.485008893726211681e+03
5.671471068777162145e+03
5.857933243828111699e+03
6.558918619184914860e+03
6.558918619184914860e+03
5.965306276037416865e+03
5.591047401625568455e+03
5.190741550082459980e+03
5.190741550082459980e+03
5.190741550082459980e+03
5.196071886350475324e+03
5.196071886350475324e+03
4.524341742590761896e+03
4.201112925465392436e+03
4.046631183562250044e+03
4.043614504294178914e+03
4.040597825026107330e+03
4.043049637021973467e+03
4.040597825026107330e+03
4.043049637021973467e+03
4.317132294259575247e+03
4.508210046678032086e+03
4.631368287040684663e+03
4.754526527403337241e+03
4.754526527403337241e+03
4.598052700153588376e+03
4.200736321705743649e+03
3.872682410792639075e+03
3.470578924943284164e+03
3.454988690583652897e+03
3.439398456224021174e+03
3.469064024729806988e+03
3.431214133320963811e+03
3.469064024729806988e+03
3.768937136355816165e+03
3.791150482934407137e+03
3.868040768619951450e+03
3.944931054305496218e+03
3.944931054305496218e+03
3.861624125735535927e+03
3.768885222940020867e+03
3.685760806202065396e+03
3.768885222940020867e+03
3.885167656436416109e+03
4.001450089932811807e+03
4.269969773046094815e+03
4.269969773046094815e+03
4.232925627053189601e+03
4.232925627053189601e+03
4.243267978583035983e+03
4.397347525537816182e+03
4.551427072492596380e+03
4.767499460062520484e+03
4.767499460062520484e+03
4.479438796128736612e+03
4.193684078719953504e+03
4.193684078719953504e+03
4.200086251442817229e+03
4.206488424165681863e+03
4.532393688432926865e+03
4.754353180719518605e+03
5.044487764714498553e+03
5.487027718152196940e+03
6.056607327729380813e+03
6.808948802969825920e+03
7.561290278210270117e+03
8.475555571752867763e+03
8.475555571752867763e+03
8.377650444379991313e+03
8.100459143786589266e+03
8.078839299543627021e+03
8.078839299543627021e+03
8.078839299543627021e+03
8.190211421133337353e+03
8.190211421133337353e+03
8.003491654908381861e+03
7.191150965809319132e+03
6.858702277772517846e+03
6.858702277772517846e+03
6.858702277772517846e+03
7.219726017890856383e+03
7.580749758009194920e+03
8.199098802599175542e+03
8.199098802599175542e+03
8.199098802599175542e+03
7.864808078395391931e+03
7.530517354191609229e+03
6.749165407185200820e+03
5.957137539384441880e+03
5.238311161279830230e+03
5.068941027327019583e+03
5.068941027327019583e+03
5.388602261306587025e+03
5.708263495286153557e+03
6.036122726269441046e+03
6.036122726269441046e+03
5.530263008278850066e+03
5.420453502525700969e+03
5.420453502525700969e+03
5.391945130087309735e+03
5.363436757648917592e+03
5.363436757648917592e+03
5.214322172536957623e+03
5.214322172536957623e+03
5.383279069434785924e+03
5.383279069434785924e+03
5.383279069434785924e+03
5.502679577101404902e+03
5.821274136711972460e+03
6.237334423607645476e+03
6.289652069701194705e+03
7.125280548831852684e+03
8.059106451188670690e+03
8.059106451188670690e+03
8.059106451188670690e+03
8.059106451188670690e+03
7.621930819724148023e+03
7.621930819724148023e+03
7.621930819724148023e+03
6.301905637510452834e+03
5.479630949619652711e+03
4.657356261728852587e+03
4.108799050614595217e+03
3.870140256804104865e+03
3.858883325547425102e+03
3.791015000000002146e+03
3.858883325547425102e+03
3.862948035098635046e+03
3.867012744649844990e+03
4.068691080287435852e+03
4.068691080287435852e+03
3.939937934246939221e+03
3.764211924823726349e+03
3.764211924823726349e+03
3.812224084003379176e+03
3.860236243183032002e+03
4.303963241939353793e+03
4.402127463152781274e+03
4.570531059947279573e+03
4.927621144466509577e+03
4.927621144466509577e+03
4.889922772710909157e+03
4.852224400955308738e+03
4.845356635892919257e+03
4.446374433193807818e+03
4.147737575447718882e+03
3.980019808797479072e+03
3.906801217316246948e+03
3.906801217316246948e+03
3.906801217316246948e+03
3.990380606277410152e+03
3.990380606277410152e+03
3.990380606277410152e+03
4.081166385288180663e+03
4.159813793552263633e+03
4.235113822948031157e+03
4.310413852343799590e+03
4.546873781693237106e+03
4.546873781693237106e+03
4.484507886451580816e+03
4.402583933115114633e+03
4.401541222236357498e+03
4.354244939140535280e+03
4.306948656044713061e+03
4.294019303638215206e+03
4.306948656044713061e+03
4.309861197090965106e+03
4.412061824025980968e+03
4.502302945068983718e+03
4.502302945068983718e+03
4.502302945068983718e+03
4.275974586755247401e+03
4.134836946407561300e+03
4.134836946407561300e+03
4.311281344448349046e+03
4.335356586935543419e+03
4.426344541053358626e+03
4.517332495171174742e+03
4.517332495171174742e+03
4.515457707074930113e+03
4.341291868349184369e+03
4.245041660442023385e+03
4.245041660442023385e+03
4.321896971036874675e+03
4.398752281631726873e+03
4.560264133297314402e+03
4.667484281116790044e+03
4.729567984562063430e+03
4.819407265446868223e+03
4.819407265446868223e+03
4.722562882687762794e+03
4.625718499928657366e+03
4.173197952625116159e+03
3.969953653006030436e+03
3.611430841466967195e+03
3.328598051007491904e+03
3.328598051007491904e+03
3.389902018388409488e+03
3.451205985769327526e+03
3.779689966111153808e+03
3.922469671584617117e+03
4.493594232965730043e+03
5.939574509854381176e+03
5.939574509854381176e+03
5.850102693016975536e+03
5.760630876179569896e+03
5.760630876179569896e+03
5.973969398628247291e+03
5.983322491570195780e+03
5.983322491570195780e+03
5.902196149879138829e+03
5.709470741103337787e+03
5.516745332327535834e+03
5.496867761498103391e+03
4.908251075327970284e+03
4.265547268158881707e+03
4.019095563584980937e+03
3.867687941920369667e+03
3.810640541075681540e+03
3.753593140230993868e+03
3.482715991289283465e+03
3.261018504761113036e+03
3.261018504761113036e+03
3.427513333183880150e+03
3.820107315439599915e+03
3.869449740509356161e+03
3.918792165579112861e+03
3.918792165579112861e+03
3.847197912202420866e+03
3.375507388758949674e+03
3.375507388758949674e+03
3.604737718573103848e+03
3.725976167724678362e+03
3.847214616876252876e+03
3.850119586592992619e+03
3.847214616876252876e+03
3.489470010972807813e+03
3.437855226048104214e+03
3.336606552754620225e+03
3.221181664648366677e+03
3.105756776542113585e+03
2.896155833133358101e+03
2.797144054147916904e+03
2.797144054147916904e+03
2.859040775351774300e+03
2.979381491611993624e+03
2.979381491611993624e+03
2.979381491611993624e+03
2.833028269257992633e+03
2.829881758170552530e+03
2.743222023398289366e+03
2.736507151258840167e+03
2.736507151258840167e+03
2.724058882547145913e+03
2.711610613835452114e+03
2.606066767613542652e+03
2.606066767613542652e+03
2.772946076384660046e+03
2.855161946516416265e+03
2.855161946516416265e+03
2.838929065376336439e+03
2.822696184236256158e+03
2.522075926661832000e+03
2.481050893588253984e+03
2.481050893588253984e+03
2.534586412023268167e+03
2.825461050918303499e+03
2.929867872036399604e+03
3.034274693154496163e+03
3.125150119541416643e+03
3.296483967788834889e+03
3.471542907534478218e+03
3.471542907534478218e+03
3.442024707213538932e+03
3.355550688626472947e+03
3.269076670039406508e+03
2.882192202769178039e+03
2.679949067098216346e+03
2.660492332808582432e+03
2.533607806198624075e+03
2.582158466175484591e+03
2.557883136187054333e+03
2.533607806198624075e+03
2.532782866881325390e+03
2.466463807144044495e+03
2.466463807144044495e+03
3.131776781828277763e+03
3.698554157392602974e+03
3.698554157392602974e+03
3.698554157392602974e+03
3.698554157392602974e+03
4.292454641605329925e+03
6.069717037862358666e+03
6.997974860278405686e+03
6.997974860278405686e+03
6.204874779707340167e+03
5.411774699136274648e+03
5.240254193739636321e+03
5.240254193739636321e+03
6.658378590354544940e+03
6.658378590354544940e+03
6.321095773891477620e+03
5.767093414595825379e+03
5.213091055300174048e+03
4.675605797970880303e+03
4.501361805432860820e+03
4.501361805432860820e+03
5.692452716100112411e+03
5.692452716100112411e+03
5.658023177250846857e+03
5.623593638401580392e+03
5.598647930156785151e+03
5.598647930156785151e+03
5.952393756381356070e+03
5.952393756381356070e+03
5.940415954947206956e+03
5.811225452143864459e+03
5.682034949340521052e+03
5.682034949340521052e+03
5.831584513431559571e+03
5.890113520406703174e+03
5.978962470285175186e+03
5.978962470285175186e+03
6.017240360528428027e+03
6.287277517352299583e+03
6.402383066325765867e+03
7.041892764771436305e+03
7.559837322129505992e+03
7.559837322129505992e+03
7.394611703694824428e+03
7.394611703694824428e+03
8.737363088079551744e+03
1.043245526122223782e+04
1.043245526122223782e+04
7.240026945963478283e+03
7.240026945963478283e+03
7.240026945963478283e+03
7.240026945963478283e+03
7.240026945963478283e+03
7.309022993289071565e+03
7.309022993289071565e+03
7.153856486711371872e+03
7.153856486711371872e+03
8.196952064456725566e+03
8.733348216917740501e+03
9.269744369378755437e+03
9.269744369378755437e+03
7.740206265964891827e+03
7.740206265964891827e+03
8.412978241260438153e+03
8.412978241260438153e+03
8.331446199636789970e+03
8.249914158013139968e+03
7.597767152075971353e+03
6.432180391635870365e+03
5.673742439989535342e+03
5.093408234265809369e+03
5.093408234265809369e+03
5.325308179714282232e+03
5.557208125162756005e+03
5.906026966619429913e+03
6.227760538504629949e+03
6.679639726846092344e+03
7.419997662364102325e+03
8.271117341319491970e+03
8.539464233038173916e+03
8.807811124756855861e+03
8.807811124756855861e+03
8.093232410618163158e+03
7.732781453310974939e+03
7.456337437596784184e+03
7.456337437596784184e+03
7.255976776032159250e+03
7.055616114467535226e+03
6.984156093190431420e+03
6.747865430927362468e+03
6.111616560047286839e+03
5.370164873722782431e+03
4.598754440759486897e+03
4.598754440759486897e+03
4.598754440759486897e+03
4.714957896168244588e+03
4.891172023266787619e+03
5.175109568899997612e+03
5.427271609173774777e+03
5.533867295696042675e+03
5.533867295696042675e+03
5.533867295696042675e+03
5.441588312871046583e+03
5.068397253638742768e+03
4.703878422850621973e+03
4.491684273062842294e+03
4.491684273062842294e+03
4.541032262318401081e+03
4.590380251573959868e+03
5.138578689032290640e+03
5.138578689032290640e+03
5.083667600015831340e+03
5.037476824697820120e+03
5.037476824697820120e+03
5.088036414357622562e+03
5.138596004017425912e+03
5.400105032980749456e+03
5.400105032980749456e+03
5.400105032980749456e+03
5.582153249188366317e+03
5.910344603129718962e+03
6.160906961002964636e+03
6.411469318876210309e+03
6.411469318876210309e+03
5.979942354215479099e+03
5.329326557225795113e+03
5.063697060598839926e+03
5.063697060598839926e+03
5.254828823071611623e+03
5.445960585544382411e+03
6.128224355923517578e+03
6.258613604226602547e+03
6.648106807090616712e+03
6.948803884821670181e+03
7.303034201325147478e+03
7.635865129369924034e+03
7.968696057414699681e+03
8.979697797448930942e+03
8.979697797448930942e+03
8.638278462279076848e+03
8.375181231764043332e+03
8.375181231764043332e+03
8.770939034084432933e+03
9.166696836404824353e+03
9.166696836404824353e+03
8.776475360140007979e+03
8.223495005589325956e+03
8.165968284633320764e+03
8.165968284633320764e+03
8.246667366610699901e+03
8.327366448588078129e+03
8.548750448909400802e+03
8.759032198277727730e+03
8.942963149543091276e+03
1.006137849598775392e+04
1.045328943777666609e+04
1.094531745298770693e+04
1.143734546819874777e+04
1.207754683731772639e+04
1.244716540992302180e+04
1.281678398252831539e+04
1.281678398252831539e+04
1.270921834153005511e+04
1.158729395521217521e+04
1.046536956889429530e+04
1.003450710541570879e+04
9.781925841115120420e+03
9.781925841115120420e+03
1.023363912014777998e+04
1.059080185247833651e+04
1.154237865634351328e+04
1.249395546020869187e+04
1.375494165006462754e+04
1.375494165006462754e+04
1.346837528727242352e+04
1.284185615512914774e+04
1.248090537670264712e+04
1.284185615512914774e+04
1.342200731459899544e+04
1.342751245173066854e+04
1.342200731459899544e+04
1.332455871447035679e+04
7.084630521112840142e+03
7.084630521112840142e+03
7.084630521112840142e+03
7.084630521112840142e+03
9.797329576008580261e+03
9.797329576008580261e+03
7.619290139683123925e+03
6.000215875402501297e+03
5.207994610535734864e+03
5.207994610535734864e+03
5.207994610535734864e+03
6.538400762857549125e+03
6.538400762857549125e+03
6.100415139820233890e+03
5.706599020785501125e+03
5.706599020785501125e+03
5.962129111496957194e+03
6.217659202208412353e+03
6.217659202208412353e+03
5.730715735787201993e+03
5.274085555878799823e+03
5.274085555878799823e+03
5.373444751372346218e+03
5.373444751372346218e+03
5.373444751372346218e+03
5.322980864366358219e+03
5.060022241556701374e+03
5.060022241556701374e+03
5.078118154133196185e+03
5.263527364499052965e+03
5.275790700278794247e+03
5.288054036058536440e+03
5.846393964262483678e+03
5.846393964262483678e+03
5.581608683134294552e+03
5.475831320962491191e+03
4.787798679065876058e+03
4.734954544146970875e+03
4.682110409228064782e+03
4.682110409228064782e+03
4.715903163811830382e+03
4.846223137344437419e+03
5.142061367494556180e+03
5.377352388750852697e+03
5.575298893761308136e+03
5.773245398771764485e+03
5.773245398771764485e+03
5.596404192677020546e+03
5.195920955293942825e+03
5.195920955293942825e+03
5.381590085921850005e+03
5.466181238272575683e+03
5.550772390623301362e+03
5.550772390623301362e+03
5.548835365756884130e+03
5.548835365756884130e+03
5.581244080911109450e+03
5.581244080911109450e+03
5.521035731733770263e+03
5.460827382556431075e+03
5.429935980387323980e+03
5.165925146596971899e+03
4.836837127959516692e+03
4.726173439267345202e+03
4.477998518473734293e+03
4.407766487775885253e+03
4.337534457078037121e+03
4.147403917805167112e+03
4.083292301123137804e+03
4.083292301123137804e+03
4.512546110975495139e+03
5.052061847790120737e+03
5.178628055566265175e+03
5.305194263342408703e+03
5.305194263342408703e+03
5.031228812230307994e+03
4.753786251639297006e+03
4.753786251639297006e+03
4.940740297668972744e+03
4.940740297668972744e+03
4.940740297668972744e+03
4.958089445126684950e+03
4.976944131912711782e+03
5.087788372042013179e+03
5.462018194802991275e+03
5.718035024563466322e+03
5.718035024563466322e+03
5.718035024563466322e+03
5.449389252231276259e+03
4.917684333028080800e+03
4.917684333028080800e+03
5.578999356263396294e+03
5.833088988931905988e+03
5.833088988931905988e+03
5.833088988931905988e+03
5.833635014291475272e+03
6.204900029357988387e+03
6.774229156052516373e+03
7.349562069915034044e+03
7.349562069915034044e+03
7.112312727791582802e+03
6.875063385668131559e+03
5.329840222243567950e+03
4.709348814651076282e+03
4.288653611502692002e+03
4.288653611502692002e+03
4.300162269757236572e+03
4.300162269757236572e+03
4.300162269757236572e+03
4.355885382989697064e+03
4.355885382989697064e+03
4.539480713464677137e+03
4.802365101239499381e+03
4.840681898778067989e+03
4.840681898778067989e+03
4.840681898778067989e+03
4.662304415069968854e+03
4.462874191456976405e+03
4.286708466952146409e+03
4.286708466952146409e+03
4.534085387548331710e+03
4.658267365528299706e+03
4.782449343508267702e+03
4.782449343508267702e+03
4.579840465927984951e+03
4.579840465927984951e+03
4.667509032725291945e+03
4.667509032725291945e+03
4.597894993232315755e+03
4.528280953739338656e+03
4.057898230282887198e+03
3.964606364545948963e+03
3.873451363141980892e+03
3.831559591723680114e+03
3.705569657070947869e+03
3.649274851369363205e+03
3.592980045667778086e+03
3.094599756558975969e+03
2.982973893541604411e+03
2.982973893541604411e+03
3.440596406321530139e+03
3.596493725014332085e+03
3.596493725014332085e+03
3.596493725014332085e+03
3.035381727324182975e+03
3.035381727324182975e+03
3.235511180173718003e+03
3.806112137440663901e+03
3.836518373637382410e+03
3.836518373637382410e+03
3.836518373637382410e+03
3.836518373637382410e+03
4.133489599691591138e+03
4.663206409200143753e+03
4.663206409200143753e+03
4.442681739457448202e+03
4.275507354107830906e+03
4.108332968758213610e+03
4.108332968758213610e+03
3.898035470011319831e+03
4.027598165075564793e+03
4.018140419512777953e+03
4.027598165075564793e+03
4.036572416562539729e+03
4.045546668049514210e+03
4.130577943918239725e+03
4.052064899848476216e+03
4.177244512169064365e+03
4.072790194571909524e+03
4.072790194571909524e+03
4.025700302023965378e+03
3.978610409476021687e+03
3.978610409476021687e+03
4.023708036732467008e+03
4.210713198336064124e+03
4.455920758937647406e+03
4.459596336190331385e+03
4.535286245886645702e+03
4.610976155582959109e+03
4.731469453258098838e+03
4.731469453258098838e+03
4.626846180355511024e+03
4.615465882272814270e+03
4.626846180355511024e+03
4.805357616547335056e+03
4.983869052739159997e+03
5.446017556724796123e+03
6.309270247600859875e+03
7.811768381230203886e+03
7.811768381230203886e+03
7.466909103211451111e+03
7.192246442296582245e+03
6.917583781381714289e+03
7.047066259325931242e+03
7.047066259325931242e+03
8.701266733338537961e+03
1.071197668034329399e+04
1.071197668034329399e+04
1.063867590480752915e+04
1.056537512927176431e+04
1.056537512927176431e+04
1.062001860296066843e+04
1.086847512635163912e+04
1.117139910329525082e+04
1.117139910329525082e+04
1.112866573126316143e+04
1.108593235923107386e+04
9.838242870554729961e+03
9.779587860729912791e+03
9.779587860729912791e+03
1.008660127322055632e+04
1.008660127322055632e+04
1.004540479014650737e+04
1.000420830707245841e+04
8.175510691726161895e+03
7.832653504936264653e+03
7.486576227079293858e+03
7.297019544502370081e+03
5.730309707907325901e+03
5.401769435640684605e+03
5.073229163374043310e+03
4.587629912692895232e+03
4.587629912692895232e+03
4.688899027355928411e+03
6.194052737537866051e+03
7.677533194834861206e+03
8.041797808842529776e+03
8.406062422850198345e+03
8.529500456289368231e+03
8.656231822044695946e+03
9.156155068266807575e+03
9.919620374032841937e+03
1.086366357736293139e+04
1.088856549230882592e+04
1.091346740725472046e+04
1.129044737400163285e+04
1.129044737400163285e+04
1.109322349207683510e+04
1.098930557522638446e+04
1.109322349207683510e+04
1.018880913727568077e+04
9.545696547415951500e+03
9.545696547415951500e+03
9.955865409499101588e+03
1.002691647952804487e+04
1.060763066839643943e+04
1.092368786746746446e+04
1.116340035255956172e+04
1.129951952025536957e+04
1.116340035255956172e+04
6.476177661933847958e+03
6.476177661933847958e+03
5.094603658536585499e+03
5.094603658536585499e+03
4.618693953732636146e+03
4.142784248928685884e+03
3.784225716652767915e+03
3.784225716652767915e+03
3.927678165582169640e+03
4.230994297806004397e+03
4.526142941779547073e+03
4.712273744859846374e+03
4.898404547940145676e+03
4.898404547940145676e+03
4.400940094038966890e+03
4.213580544282521259e+03
4.213580544282521259e+03
4.832878850555445752e+03
5.031013633311587910e+03
5.229148416067729158e+03
5.864774430416327050e+03
5.864774430416327050e+03
5.681667278928611267e+03
5.311186540488325591e+03
5.097054551472255298e+03
5.097054551472255298e+03
5.097054551472255298e+03
5.551112002537511216e+03
5.551112002537511216e+03
5.434892405189199053e+03
5.217799645599278847e+03
5.217799645599278847e+03
5.210549566165617762e+03
5.203299486731956677e+03
5.200325757464848721e+03
5.012845358092484275e+03
4.830777686207986335e+03
4.828799764415256504e+03
4.830777686207986335e+03
4.985709755937283262e+03
5.140641825666579280e+03
5.294445777132462354e+03
5.294445777132462354e+03
5.109639666477023638e+03
5.013333140165189434e+03
4.974634012515852191e+03
4.957427781587648496e+03
4.940221550659444802e+03
4.735574796371517550e+03
4.325249952584051243e+03
3.761384113676833749e+03
3.316103861675388998e+03
3.040581895416162752e+03
3.040581895416162752e+03
3.040581895416162752e+03
3.040581895416162752e+03
2.961235828080702959e+03
2.961235828080702959e+03
3.129414815823134177e+03
3.569135604062484617e+03
4.076465080873103034e+03
4.583794557683720996e+03
4.708743649313119022e+03
4.708743649313119022e+03
4.324640744159254609e+03
4.324640744159254609e+03
4.324880941340786194e+03
4.524522260190952693e+03
4.724163579041119192e+03
5.268520572981000441e+03
5.357712999752380711e+03
5.357712999752380711e+03
5.357712999752380711e+03
5.510539008431143884e+03
5.726174530246379618e+03
5.941810052061615352e+03
5.941810052061615352e+03
5.650604863363024378e+03
5.499866869976654925e+03
5.499866869976654925e+03
6.520229855774956377e+03
7.054214081245860143e+03
7.588198306716763909e+03
7.823424665588833705e+03
7.823424665588833705e+03
7.823424665588833705e+03
7.867466405088474858e+03
9.602499295138559319e+03
1.004517876114160026e+04
1.048785822714463939e+04
1.109305661689941189e+04
1.048785822714463939e+04
9.657044940790570763e+03
