8.550924986460803439e+02
8.550924986460803439e+02
1.079700092416177540e+03
1.082758824563309645e+03
1.082758824563309645e+03
9.491775955059823673e+02
9.220659134070696155e+02
9.011817754980850168e+02
8.802976375891003045e+02
8.435417291118277490e+02
8.202461515234349463e+02
8.062503438887781613e+02
7.473830765263420517e+02
7.473830765263420517e+02
7.508904111345743786e+02
7.543977457428065918e+02
7.777018599698545813e+02
7.942257323526813479e+02
7.942257323526813479e+02
7.918394206981353136e+02
7.729242424242423795e+02
7.583613284569147481e+02
7.074905101847479045e+02
7.074905101847479045e+02
7.074905101847479045e+02
7.074905101847479045e+02
7.074905101847479045e+02
7.074905101847479045e+02
8.293889594133967194e+02
8.293889594133967194e+02
8.293889594133967194e+02
8.293889594133967194e+02
8.752823480627489516e+02
8.752823480627489516e+02
8.723955890960406805e+02
8.365774803094618619e+02
8.007593715228831570e+02
8.007593715228831570e+02
7.911585713449868535e+02
7.227851519874739097e+02
7.113997112543149797e+02
7.113997112543149797e+02
7.168398676801706415e+02
7.222800241060263033e+02
7.352948774842592456e+02
7.222800241060263033e+02
7.182958892756355453e+02
6.951712894223807098e+02
6.848572782734383964e+02
6.767935167859818648e+02
6.687297552985253333e+02
6.421104153758159327e+02
6.421104153758159327e+02
6.551414915111860182e+02
6.666816701433444905e+02
6.930916607518356614e+02
7.396889462818808170e+02
7.862862318119260863e+02
7.862862318119260863e+02
7.474858884439106532e+02
7.474345987956612589e+02
7.354316176209729292e+02
7.221525131101832358e+02
7.005036443180100605e+02
6.788547755258368852e+02
6.622874956064180196e+02
6.391268370446885001e+02
5.836558435230650730e+02
5.796064242901211401e+02
5.615167099663125327e+02
5.615167099663125327e+02
5.615167099663125327e+02
6.289566752666171396e+02
6.299072092446017450e+02
6.299072092446017450e+02
6.265794887046638451e+02
6.265794887046638451e+02
6.373640281860148207e+02
6.481485676673656826e+02
6.481485676673656826e+02
6.754510192047358714e+02
6.982436092930786344e+02
7.196843714088353181e+02
7.221349548770497222e+02
7.460034387882627698e+02
7.698719226994758174e+02
7.815940935444824618e+02
7.815940935444824618e+02
7.126673947531505746e+02
6.405116211294367758e+02
6.154095372048169565e+02
6.051503652423635913e+02
5.948911932799102260e+02
5.821413181999623703e+02
5.821413181999623703e+02
6.238177491178397531e+02
6.335677122364995739e+02
6.335677122364995739e+02
6.270979500997207197e+02
6.206281879629417517e+02
5.958261045844811861e+02
5.875505932316942790e+02
5.863797749069227621e+02
5.495442844472752313e+02
4.786371543769938057e+02
4.738771341883939385e+02
4.691171139997940713e+02
4.786371543769938057e+02
5.296184852193002826e+02
5.490806143673055431e+02
5.490806143673055431e+02
4.448737625457520721e+02
4.448737625457520721e+02
4.448737625457520721e+02
4.723418683811063943e+02
6.007585020704540284e+02
6.069514791825627071e+02
6.194849413898381272e+02
6.194849413898381272e+02
6.070917833583265519e+02
5.946986253268149767e+02
5.946986253268149767e+02
6.642858660662512875e+02
6.833832897178226631e+02
6.833832897178226631e+02
6.833832897178226631e+02
6.800867175590503848e+02
6.767901454002781065e+02
6.811807519051495774e+02
6.811807519051495774e+02
6.811807519051495774e+02
6.563492098775866452e+02
6.230363793925401978e+02
5.915934475104209014e+02
5.601505156283016049e+02
5.181275904978095923e+02
4.892020102227841676e+02
4.412418192890913815e+02
4.393243113750282873e+02
4.412418192890913815e+02
4.769302000244633746e+02
5.126185807598353676e+02
5.126185807598353676e+02
4.921744256534092870e+02
4.746238138024808109e+02
4.445885166048165047e+02
4.445885166048165047e+02
4.555684279977652409e+02
4.665483393907139771e+02
4.856828983117080725e+02
4.856828983117080725e+02
4.997845603622962471e+02
5.042506409138994172e+02
5.092415213596390799e+02
5.132571636974672629e+02
5.172728060352955026e+02
5.242044016937641118e+02
5.172728060352955026e+02
5.088187305262096061e+02
4.694686348668780624e+02
4.256848443387393672e+02
4.195032053387910196e+02
4.133215663388426719e+02
3.842869354641350128e+02
3.457475488942464494e+02
3.457475488942464494e+02
3.554252984181414377e+02
3.624351091876819737e+02
3.888286305347945699e+02
4.152221518819072230e+02
4.152221518819072230e+02
3.861334394174645013e+02
3.861334394174645013e+02
3.691227443132423787e+02
3.794539376364220971e+02
3.794539376364220971e+02
3.794539376364220971e+02
3.914108618750962023e+02
3.914108618750962023e+02
3.735714167706095736e+02
3.735714167706095736e+02
3.917601375580479157e+02
4.022250475060631061e+02
4.126899574540782965e+02
4.126899574540782965e+02
3.537200383084124269e+02
3.019793637553502776e+02
3.019793637553502776e+02
3.393990649030391751e+02
3.430218915174158951e+02
3.466447181317926152e+02
3.746789686401598374e+02
3.746789686401598374e+02
3.768729426047704010e+02
3.883203729894278240e+02
4.859086606822834256e+02
4.971723647348960640e+02
5.084360687875087024e+02
5.084360687875087024e+02
4.941246303926138239e+02
4.598566119397654006e+02
4.598566119397654006e+02
4.649704787222153186e+02
5.053815326222735393e+02
5.457925865223318169e+02
6.533487918886676198e+02
6.346563761469553810e+02
6.533487918886676198e+02
6.966869746774119676e+02
6.966869746774119676e+02
6.579140483759649669e+02
6.191411220745180799e+02
6.191411220745180799e+02
6.290180531580004981e+02
6.360571709037342316e+02
6.290180531580004981e+02
6.504772629776606436e+02
6.504772629776606436e+02
6.504772629776606436e+02
6.934222168728172164e+02
7.564933229200552205e+02
7.564933229200552205e+02
7.564933229200552205e+02
7.709288193274757077e+02
7.709288193274757077e+02
7.709288193274757077e+02
7.709288193274757077e+02
7.480545817732485148e+02
7.449229960242646484e+02
7.178182183806934518e+02
7.178182183806934518e+02
7.511987277308229523e+02
7.845792370809524527e+02
7.845792370809524527e+02
6.890210857971144378e+02
6.890210857971144378e+02
6.890210857971144378e+02
7.337199005529930673e+02
7.249442703189663462e+02
7.161686400849397387e+02
7.256710974694460674e+02
7.161686400849397387e+02
6.730870721841258728e+02
6.674740007169691580e+02
6.674740007169691580e+02
7.182223369642489388e+02
7.689706732115287195e+02
7.747827045898505958e+02
7.747827045898505958e+02
7.747827045898505958e+02
7.235200402227073937e+02
7.178363507623238320e+02
7.178363507623238320e+02
7.178363507623238320e+02
7.178363507623238320e+02
7.025124516633453595e+02
6.931490821164394447e+02
6.341927358031591666e+02
5.926988271034429090e+02
5.912545466290557670e+02
5.898102661546685113e+02
5.665453076976410784e+02
5.514596953104659178e+02
5.514596953104659178e+02
5.132994787237454375e+02
4.938272132432620651e+02
4.938272132432620651e+02
4.808223695075027990e+02
4.809726191708348892e+02
4.809726191708348892e+02
4.809726191708348892e+02
4.799087376846314896e+02
4.778191996966207853e+02
4.799087376846314896e+02
6.088705921736475375e+02
6.088705921736475375e+02
6.088705921736475375e+02
6.284421596851394725e+02
6.284421596851394725e+02
5.299074743939498831e+02
5.299074743939498831e+02
5.299074743939498831e+02
4.592320422585507913e+02
4.297968252072712971e+02
4.017301468030629508e+02
3.716869709652770553e+02
3.056012088218399185e+02
3.036600372959692322e+02
3.017188657700985459e+02
2.991506226639527881e+02
2.918927459836600633e+02
2.918927459836600633e+02
2.992205581369171341e+02
3.067542434754823830e+02
3.067542434754823830e+02
3.067542434754823830e+02
3.067542434754823830e+02
3.078200926869207024e+02
3.035118671465602915e+02
2.898978911278376813e+02
2.893143823900664415e+02
2.893143823900664415e+02
2.893143823900664415e+02
3.051652726555811910e+02
3.437515674191316180e+02
3.479753891031841135e+02
3.532778753572368942e+02
3.549817698866270916e+02
3.549817698866270916e+02
3.549817698866270916e+02
3.398994078101550258e+02
3.360740808851674046e+02
3.303098879448796197e+02
3.303098879448796197e+02
3.382319662417334030e+02
3.382319662417334030e+02
3.382319662417334030e+02
3.178821791670918628e+02
3.178821791670918628e+02
3.596055709862794174e+02
3.833322274746270750e+02
3.833322274746270750e+02
3.775636392022233849e+02
3.717950509298196948e+02
3.297354611686342309e+02
3.297354611686342309e+02
3.565568884352429677e+02
3.888486091894008041e+02
3.888486091894008041e+02
3.596219784306132397e+02
3.303953476718256184e+02
3.039741759756897181e+02
2.885065952860467746e+02
2.885065952860467746e+02
2.938786856525293842e+02
3.265518193097730091e+02
3.357246157085132268e+02
3.448974121072534444e+02
3.448974121072534444e+02
3.448974121072534444e+02
3.685986936991332072e+02
3.731233016177183117e+02
3.732801113190267301e+02
3.732017064683725494e+02
3.731233016177183117e+02
3.511513858349593420e+02
3.326248865298088617e+02
3.326248865298088617e+02
3.383361587507617969e+02
3.427825961860095276e+02
3.574584317472631483e+02
3.721342673085167121e+02
3.791858358985041377e+02
3.791858358985041377e+02
3.534864412042230128e+02
3.458473525429416213e+02
3.200184057412123479e+02
3.089612181094279322e+02
2.979040304776434596e+02
2.979040304776434596e+02
3.060124049519156983e+02
3.248671663028089824e+02
3.943971206634095097e+02
3.943971206634095097e+02
3.943971206634095097e+02
4.551794187816032604e+02
4.551794187816032604e+02
4.154966198436356990e+02
4.154966198436356990e+02
3.810031174979952198e+02
3.746098414027737817e+02
3.695226835031008363e+02
3.644355256034278909e+02
3.644355256034278909e+02
3.617738436942890985e+02
3.492157886829368181e+02
3.492157886829368181e+02
3.637073826197805602e+02
3.655021940773763163e+02
3.672970055349720724e+02
3.756409357585238240e+02
3.796869667499797742e+02
3.862697062569831132e+02
3.862697062569831132e+02
3.795561308591170473e+02
3.713638594832588069e+02
3.631715881074006234e+02
3.621548053653148713e+02
3.371340976805828973e+02
3.199174802606781327e+02
3.199174802606781327e+02
3.492094419135440262e+02
4.129508561698262383e+02
4.766922704261083936e+02
5.136757951652441534e+02
5.667433422276304782e+02
5.814602951837047158e+02
5.814602951837047158e+02
5.945891082156434777e+02
6.021166823830578778e+02
6.096442565504721642e+02
7.429893865968797400e+02
8.217332501917358059e+02
8.217332501917358059e+02
7.459956350766129844e+02
6.707652377906465517e+02
6.606600000000000819e+02
6.515728965846818710e+02
5.795912258487095414e+02
4.800127723446304913e+02
4.764478750134553025e+02
4.764478750134553025e+02
4.764478750134553025e+02
4.764478750134553025e+02
4.764478750134553025e+02
4.777573985233713643e+02
5.914439968361107276e+02
6.291771781569449331e+02
6.291771781569449331e+02
6.080665635658449446e+02
5.947302739902440862e+02
5.813939844146432279e+02
5.813939844146432279e+02
6.070713119517631640e+02
8.695684959099901334e+02
1.013519667756068770e+03
1.013519667756068770e+03
9.123526009476508989e+02
8.111855341392330274e+02
7.376298159535949708e+02
7.020670632756100531e+02
6.765129838435401552e+02
6.344904191309191219e+02
6.335999398785933181e+02
6.132630834459406515e+02
5.929262270132879848e+02
5.695134069866402342e+02
5.695134069866402342e+02
5.978841720007366121e+02
6.153199579526650496e+02
6.325994928679909890e+02
6.885715916144183666e+02
7.445436903608458579e+02
7.721659870409577024e+02
8.823079672061722931e+02
8.823079672061722931e+02
8.249019822874288366e+02
7.820459788728803687e+02
7.820459788728803687e+02
7.820459788728803687e+02
7.850428159156159609e+02
7.850428159156159609e+02
7.450029874105175622e+02
6.418825861857674226e+02
6.240624447406619311e+02
6.146164177012078653e+02
6.051703906617537996e+02
6.051703906617537996e+02
6.051703906617537996e+02
6.428083232672947815e+02
6.678126526261884237e+02
7.408564044650236156e+02
7.778227029238347541e+02
8.147890013826458926e+02
8.147890013826458926e+02
7.464915167133304976e+02
6.672821105346934019e+02
6.672821105346934019e+02
6.802790784590848716e+02
7.528258577350659380e+02
8.253726370110471180e+02
8.702832142902523174e+02
9.191777611047516530e+02
9.191777611047516530e+02
8.834330462678664162e+02
8.446742030833547688e+02
8.446742030833547688e+02
8.446742030833547688e+02
9.125197624744525911e+02
9.670467659643885554e+02
1.026659399176194029e+03
1.026659399176194029e+03
1.023315677614407605e+03
1.023315677614407605e+03
1.023315677614407605e+03
1.031530544553990239e+03
1.105592454241525502e+03
1.105592454241525502e+03
1.105592454241525502e+03
1.113163882272223418e+03
1.113163882272223418e+03
1.113163882272223418e+03
1.008127084180599581e+03
9.327481976389027523e+02
9.322656427623492164e+02
9.327481976389027523e+02
9.484850287748530491e+02
9.821510744287359103e+02
1.015817120082618771e+03
1.102020029511027133e+03
1.102020029511027133e+03
9.417478800324452095e+02
7.839256478212057573e+02
7.372967634011131395e+02
7.220766787751629181e+02
7.068565941492125830e+02
6.021868778088567069e+02
5.773106787295810136e+02
4.709630612330697090e+02
4.709630612330697090e+02
4.933903683064967822e+02
5.300648561473639120e+02
5.667393439882309849e+02
5.743338403992024723e+02
5.681999613702065517e+02
5.681999613702065517e+02
5.431647567872564650e+02
5.431647567872564650e+02
5.542730971575540480e+02
5.653814375278515172e+02
5.977295101167868552e+02
6.021029415725618037e+02
5.977295101167868552e+02
5.768569145960784681e+02
5.460056009758786786e+02
5.332444623641722501e+02
5.204833237524659353e+02
5.074285443317049840e+02
4.507631160281599136e+02
4.507631160281599136e+02
4.365629291267092071e+02
4.633260607665990278e+02
4.552508742692619990e+02
4.471756877719249132e+02
4.579066190880444651e+02
4.471756877719249132e+02
4.239745427856979063e+02
4.188894116754540278e+02
4.188894116754540278e+02
4.272015717408092996e+02
4.355137318061645715e+02
5.588620292044447524e+02
5.588620292044447524e+02
5.592216166739801793e+02
5.531919062182522566e+02
5.592216166739801793e+02
5.306985119719278146e+02
5.021754072698755067e+02
5.021754072698755067e+02
3.945944404504263048e+02
3.945944404504263048e+02
4.201322693912263162e+02
4.415402219321148891e+02
4.424998050203419098e+02
4.434593881085689873e+02
5.160122286246454451e+02
5.161009496149025608e+02
5.161009496149025608e+02
4.775329947047072778e+02
4.775329947047072778e+02
5.014757352357447644e+02
5.254184757667823078e+02
6.128560633696807827e+02
6.149553016835421886e+02
6.128560633696807827e+02
6.155722040127440096e+02
6.174033050586706395e+02
6.217938180897468783e+02
6.261843311208231171e+02
6.261843311208231171e+02
7.570877268087763241e+02
8.455035352425653628e+02
9.004987042160601050e+02
9.004987042160601050e+02
8.787013447607810122e+02
8.569039853055018057e+02
8.430468816159782364e+02
8.430468816159782364e+02
8.271854234556841448e+02
8.798881678508508912e+02
9.923618284780950489e+02
9.952614137398817320e+02
9.981609990016684151e+02
1.009443177756426053e+03
1.009443177756426053e+03
9.884720108565979899e+02
8.596823003972604056e+02
8.581465597664365532e+02
8.348307606608067317e+02
8.115149615551769102e+02
8.115149615551769102e+02
8.051804286643389332e+02
8.051804286643389332e+02
8.074917024595848716e+02
8.074917024595848716e+02
8.614906800116636987e+02
8.614906800116636987e+02
8.730072588562692317e+02
1.088316461743325590e+03
1.293825986739835116e+03
1.297271809400496750e+03
1.297271809400496750e+03
1.234760813581718139e+03
1.172249817762939756e+03
1.035079034015356910e+03
1.035079034015356910e+03
9.042480598458436134e+02
8.887094649304776794e+02
8.510043340911432779e+02
8.510043340911432779e+02
8.510043340911432779e+02
8.707996058801841173e+02
9.522034057968020306e+02
9.379638533601191739e+02
9.379757035139019763e+02
9.379757035139019763e+02
9.379757035139019763e+02
9.379757035139019763e+02
9.175367350181726351e+02
9.175367350181726351e+02
9.291352388063813805e+02
9.291352388063813805e+02
9.501197324890852087e+02
9.002585360580312681e+02
8.957813610822298642e+02
8.648801706813391093e+02
8.648801706813391093e+02
9.446879555123625778e+02
9.768493300603715852e+02
9.820595448158155705e+02
1.038242147674818170e+03
1.038242147674818170e+03
1.038242147674818170e+03
1.038242147674818170e+03
1.038242147674818170e+03
7.994396711744226423e+02
7.179649461757088602e+02
6.928464695811105685e+02
6.677279929865121630e+02
6.157228240287863628e+02
5.992163295093466786e+02
5.992163295093466786e+02
6.952823864695219527e+02
6.952823864695219527e+02
6.791777248340038113e+02
6.630730631984856700e+02
5.653259606489677935e+02
5.653259606489677935e+02
5.887110042591700676e+02
5.887110042591700676e+02
5.660636078949538614e+02
5.564087434516682151e+02
5.467538790083825688e+02
5.288688596605522889e+02
5.198098786142505787e+02
5.116406287565628190e+02
5.053958280810578572e+02
4.712706592147547440e+02
4.323492030779723336e+02
3.934277469411898664e+02
3.891063521830528771e+02
3.706804115904341757e+02
3.676358522635944155e+02
3.568201873995959090e+02
3.568201873995959090e+02
3.739726581565968218e+02
3.911251289135976776e+02
3.911251289135976776e+02
3.622248834021673929e+02
3.538798148964095844e+02
3.538798148964095844e+02
3.564718171685392463e+02
3.564718171685392463e+02
3.564718171685392463e+02
3.510810356870586020e+02
3.510810356870586020e+02
4.316151069050889078e+02
4.316151069050889078e+02
4.227227728213463820e+02
4.106313246180820329e+02
3.985398764148176838e+02
3.685096221003674941e+02
3.685096221003674941e+02
3.711715669924711278e+02
4.526644078796255144e+02
4.526644078796255144e+02
4.014157343703126344e+02
3.501670608609996975e+02
3.076635489307206512e+02
3.076635489307206512e+02
3.532146238569002890e+02
3.532146238569002890e+02
3.346260644485039961e+02
3.232773185450362234e+02
3.119285726415685076e+02
2.807054937119511351e+02
2.778959501133576282e+02
2.778959501133576282e+02
2.905919388699180672e+02
3.434389135356672682e+02
3.446810413671919946e+02
3.459231691987167210e+02
3.434389135356672682e+02
3.122325125226593627e+02
3.043123835337446508e+02
3.043123835337446508e+02
3.146291617276484089e+02
3.332872799612072754e+02
3.519453981947661418e+02
3.836183688742460163e+02
3.836183688742460163e+02
3.656522477252743784e+02
3.276505499054172788e+02
3.030076504994214019e+02
3.030076504994214019e+02
3.030076504994214019e+02
3.065295587023614985e+02
3.065295587023614985e+02
2.933823223799106472e+02
2.923265006157784569e+02
2.933823223799106472e+02
2.937921556805798673e+02
2.942019889812490305e+02
2.971378569853955014e+02
2.947071231645155081e+02
2.947071231645155081e+02
2.941576835104030465e+02
2.941576835104030465e+02
3.173103523451977139e+02
3.404630211799923813e+02
3.404630211799923813e+02
3.404630211799923813e+02
3.532493053302380304e+02
3.658638140206081744e+02
3.658638140206081744e+02
3.416356300434883337e+02
3.174074460663684931e+02
3.010311030997464172e+02
2.745073466688819508e+02
2.646879291790684192e+02
2.567226624505640302e+02
2.567226624505640302e+02
2.623892515913236707e+02
2.680558407320833112e+02
2.724464542542980894e+02
2.724464542542980894e+02
2.724464542542980894e+02
2.747536965761256056e+02
2.753121301232661722e+02
2.814858436814274683e+02
2.876595572395887075e+02
2.966378771554410605e+02
3.049473401319888808e+02
3.247738987068613596e+02
3.247738987068613596e+02
3.216853021077024550e+02
3.052736412222017179e+02
2.820890427661086619e+02
3.052736412222017179e+02
3.007127955441347922e+02
3.063614274172040837e+02
3.276148242873456979e+02
3.306704964774884843e+02
3.405868478139458944e+02
3.564627224162341008e+02
3.564627224162341008e+02
3.405868478139458944e+02
3.405868478139458944e+02
2.973896998776106102e+02
2.973896998776106102e+02
3.066467870846745996e+02
3.159038742917385889e+02
3.497128017453241000e+02
3.549372925239892993e+02
3.549372925239892993e+02
3.402432533667450230e+02
3.285082347768047271e+02
3.229931463316416966e+02
3.174780578864786662e+02
3.174780578864786662e+02
3.223855712422406441e+02
3.223855712422406441e+02
3.211189606665714109e+02
3.135371437835789266e+02
3.173280522250751687e+02
3.211189606665714109e+02
3.404132077928946956e+02
3.404132077928946956e+02
3.327302760113410045e+02
3.195797936784945819e+02
3.195797936784945819e+02
3.186665545369254460e+02
3.177533153953563101e+02
3.177533153953563101e+02
3.150850672984387870e+02
3.099111584115797200e+02
3.047827950625476774e+02
3.047827950625476774e+02
3.033474554191629977e+02
3.019121157757783749e+02
3.019121157757783749e+02
2.986612793963183776e+02
2.986612793963183776e+02
2.952484097765748174e+02
2.697565766298393442e+02
2.684659750169398080e+02
2.671753734040402719e+02
2.626564442284696952e+02
2.554639397058338091e+02
2.532139981216064939e+02
2.478193159943392914e+02
2.478193159943392914e+02
2.515758646099968701e+02
2.553324132256544772e+02
2.612808703594247959e+02
2.703243387043623329e+02
2.703243387043623329e+02
2.650246086854181158e+02
2.650246086854181158e+02
2.725369292923776356e+02
2.800492498993370987e+02
2.840079396017592899e+02
2.840079396017592899e+02
2.830141928429544578e+02
2.729219013172634618e+02
2.659442357111209958e+02
2.659442357111209958e+02
2.659442357111209958e+02
2.822542140185369703e+02
2.891694388697940212e+02
2.929204364340942561e+02
3.274936541898852056e+02
3.300901690019125567e+02
3.300901690019125567e+02
3.300901690019125567e+02
3.055312587173156089e+02
2.965697899453144259e+02
2.943915349786514639e+02
2.798334186792818059e+02
2.718291970553007104e+02
2.718291970553007104e+02
2.718291970553007104e+02
2.878701703181031917e+02
3.459479448449966412e+02
3.625388534924346118e+02
3.625388534924346118e+02
3.905057349861745024e+02
3.927516533107299210e+02
3.949975716352852828e+02
4.017989344931629034e+02
4.257218407475941717e+02
4.257218407475941717e+02
4.257218407475941717e+02
4.238650140124448740e+02
4.167688080886567263e+02
4.096726021648685787e+02
4.026484095275981758e+02
3.774548046754716779e+02
3.774548046754716779e+02
3.828642680422697708e+02
3.828642680422697708e+02
3.827471233915541120e+02
3.826299787408384532e+02
3.674265522022516848e+02
3.630996892026840897e+02
3.674265522022516848e+02
3.759322662350897417e+02
3.759322662350897417e+02
3.629158740080240477e+02
3.498994817809583537e+02
3.226765606466499889e+02
3.128872538692632475e+02
2.983923882788294009e+02
2.983923882788294009e+02
2.983923882788294009e+02
2.993696137447223009e+02
3.003468392106152010e+02
3.108349470622571857e+02
3.173719295638793483e+02
3.173719295638793483e+02
3.231204048185823012e+02
3.292168536571874711e+02
3.310132293726265402e+02
3.328096050880656094e+02
3.582388734519078071e+02
3.668027630123374934e+02
3.863485300300341692e+02
4.104569784753284125e+02
4.104569784753284125e+02
4.104569784753284125e+02
4.104569784753284125e+02
4.082057747340995775e+02
3.713769128091107063e+02
3.564194689521150394e+02
3.480963008531895184e+02
3.480963008531895184e+02
3.544196308163708409e+02
3.607429607795521065e+02
3.825212339248996045e+02
3.829136240297743257e+02
3.829136240297743257e+02
3.754446849203009151e+02
3.754446849203009151e+02
3.666441126022305639e+02
3.578435402841602127e+02
3.641528407920498580e+02
3.641528407920498580e+02
4.004660385786301617e+02
4.004660385786301617e+02
3.505606590355992012e+02
3.417930261196167976e+02
3.330253932036343372e+02
3.287246272184625582e+02
3.111616584924124709e+02
3.075732609835908988e+02
3.075732609835908988e+02
3.075732609835908988e+02
3.278281592612881923e+02
3.480830575389854857e+02
3.844272434530538476e+02
4.221150675841121824e+02
4.221150675841121824e+02
3.923599723996972557e+02
3.503731394807886090e+02
3.442639613164750472e+02
3.381547831521614285e+02
3.381547831521614285e+02
3.413222832587683797e+02
3.413222832587683797e+02
3.236215815915913936e+02
3.236215815915913936e+02
3.160948655205366435e+02
3.085681494494818935e+02
2.634996959747200549e+02
2.325932657622516047e+02
2.290544045460524103e+02
2.091555974339071895e+02
2.091555974339071895e+02
2.131755183826618349e+02
2.171954393314164520e+02
2.171954393314164520e+02
2.171954393314164520e+02
2.302509621723984878e+02
3.197589355491742253e+02
3.197589355491742253e+02
3.109298337764677171e+02
3.021007320037612089e+02
2.928465599940972197e+02
2.840807241051816163e+02
2.768317503771774568e+02
2.807891891055395490e+02
2.807891891055395490e+02
2.863288747470214730e+02
2.918685603885033402e+02
2.918685603885033402e+02
2.918685603885033402e+02
3.132246400961063273e+02
3.267492495891754629e+02
3.267492495891754629e+02
3.267492495891754629e+02
3.267492495891754629e+02
3.359685353068792892e+02
3.417863570579676775e+02
3.470349737830406411e+02
3.470349737830406411e+02
3.460241252356303789e+02
3.460241252356303789e+02
3.460241252356303789e+02
3.764091306401703036e+02
3.891558638682607238e+02
4.046926152052751036e+02
4.046926152052751036e+02
4.046926152052751036e+02
3.993678795162675783e+02
4.625574916950819784e+02
4.625574916950819784e+02
5.732998294664522518e+02
5.732998294664522518e+02
5.144271069090262927e+02
5.046051750664370275e+02
4.505483486075095811e+02
4.505483486075095811e+02
4.505483486075095811e+02
4.661268464744671292e+02
4.485231458300858662e+02
4.485231458300858662e+02
4.485231458300858662e+02
4.377203151713919169e+02
4.377203151713919169e+02
4.105856059704344148e+02
4.105856059704344148e+02
4.119821881855858123e+02
4.398369379977551716e+02
4.667485870671155226e+02
4.791080610531521984e+02
4.914675350391888742e+02
4.914675350391888742e+02
4.814640457107241787e+02
4.703793374581931062e+02
4.703793374581931062e+02
4.907421966657407211e+02
5.598109739305290304e+02
6.288797511953173398e+02
7.386358611634709632e+02
7.751181878405246835e+02
9.360474285832980286e+02
9.360474285832980286e+02
8.842706162440562139e+02
8.725280808205587846e+02
8.607855453970613553e+02
7.825981100299018181e+02
7.503009529208841286e+02
7.260436292826884710e+02
7.224062833930780698e+02
7.224062833930780698e+02
7.296481646137331154e+02
7.368900458343880473e+02
8.173875216485430428e+02
8.900391939856975796e+02
8.900391939856975796e+02
8.872022371593966454e+02
8.872022371593966454e+02
8.886072799322066658e+02
8.900123227050167998e+02
8.900123227050167998e+02
8.809461240419720980e+02
8.729413734181179052e+02
8.334922069231740807e+02
7.908730666075917952e+02
7.908730666075917952e+02
7.908730666075917952e+02
7.989966568589336475e+02
8.097901295051876787e+02
8.097901295051876787e+02
7.750166529696889484e+02
7.674447295656666483e+02
7.674447295656666483e+02
7.674447295656666483e+02
7.539628732858627700e+02
7.511891928245678400e+02
7.539628732858627700e+02
7.474586785181267032e+02
7.344794412394339815e+02
7.344794412394339815e+02
7.344794412394339815e+02
7.344794412394339815e+02
7.317580897341188120e+02
7.317580897341188120e+02
7.615158320583359455e+02
7.615158320583359455e+02
7.615158320583359455e+02
7.615158320583359455e+02
7.697738971291536245e+02
7.824850213854757612e+02
7.845610999376839345e+02
8.236410310996908493e+02
8.236410310996908493e+02
7.728465353774593041e+02
7.220520396552277589e+02
6.529724579740332047e+02
6.529724579740332047e+02
7.456652627052088746e+02
7.558358006832984302e+02
7.618246559089436687e+02
7.690653978241648474e+02
7.763061397393861398e+02
8.014273099583954263e+02
7.763061397393861398e+02
8.014273099583954263e+02
8.259573411521230355e+02
8.686518739206184136e+02
9.134101358206112309e+02
9.581683977206041618e+02
1.005249009426183989e+03
1.039417395626870757e+03
1.005249009426183989e+03
9.758506453212447695e+02
9.758506453212447695e+02
9.949178670915246130e+02
1.013985088861804456e+03
1.054847881738772458e+03
1.054847881738772458e+03
1.054358800332526243e+03
1.036852970787126878e+03
1.006989907677163615e+03
1.006989907677163615e+03
1.006989907677163615e+03
1.017855960074705990e+03
1.017855960074705990e+03
9.575249140837792083e+02
9.134972354656108564e+02
9.134972354656108564e+02
9.458761065802972325e+02
9.782549776949836087e+02
1.076343309856667929e+03
1.105821109789793354e+03
1.135298909722918552e+03
1.189749419759627699e+03
1.189749419759627699e+03
1.146420850341303321e+03
1.103092280922978944e+03
1.086446971871504729e+03
1.011634461300376415e+03
8.550259116289951180e+02
8.457354200692940367e+02
8.457354200692940367e+02
8.457354200692940367e+02
7.915542836891285106e+02
7.911464790487709706e+02
7.867331415662732752e+02
7.758183617315899028e+02
7.477949143064377040e+02
7.313655433327135142e+02
6.555581791712348831e+02
6.114891871398240255e+02
6.555581791712348831e+02
6.652600606936082386e+02
6.652600606936082386e+02
6.004955801428221775e+02
6.004955801428221775e+02
6.004955801428221775e+02
5.484034204853142001e+02
5.484034204853142001e+02
5.366831384454599174e+02
5.055654394376348932e+02
4.946732367403477042e+02
4.821014056319564247e+02
4.762196507419817522e+02
4.703378958520070796e+02
4.516076287045947879e+02
4.144292317444993614e+02
3.832023556377780551e+02
3.832023556377780551e+02
4.003909989673732071e+02
4.170786288633952950e+02
4.337662587594173829e+02
4.993495376248930029e+02
4.993495376248930029e+02
4.621417555228287029e+02
4.543178574593694066e+02
4.543178574593694066e+02
4.543178574593694066e+02
4.543178574593694066e+02
4.526804597448336267e+02
4.485162148631514469e+02
4.427364629969807197e+02
4.409686373649368534e+02
4.146913856964371803e+02
4.043981531944212406e+02
3.941049206924053010e+02
3.745970061273251304e+02
3.513830303258870913e+02
3.513830303258870913e+02
3.478112197509648240e+02
3.644790311069543236e+02
3.885739596529066375e+02
4.126688881988588946e+02
4.633562084286102731e+02
4.633562084286102731e+02
4.534751652481560882e+02
4.044734361654162171e+02
3.701175863300925926e+02
3.701175863300925926e+02
3.701175863300925926e+02
3.703460960201721264e+02
3.703460960201721264e+02
3.703287796196182171e+02
3.602087463310157887e+02
3.460676758271902713e+02
3.453453451955416540e+02
3.446230145638929798e+02
3.437375030264394127e+02
3.437375030264394127e+02
3.470754441634202863e+02
3.476708439550500316e+02
3.524539061808960128e+02
3.814349651469307219e+02
4.104160241129653741e+02
4.626147936019264648e+02
4.638484122310044881e+02
4.638484122310044881e+02
4.311844258285528895e+02
4.070891658445643770e+02
3.958706693367841467e+02
3.846521728290039164e+02
3.846521728290039164e+02
3.797502482153566348e+02
3.797502482153566348e+02
3.730731747947916688e+02
3.469793210203972649e+02
3.429373027857766374e+02
3.388952845511560099e+02
3.240044995964143482e+02
3.240044995964143482e+02
3.336600771453723837e+02
3.623542343582773242e+02
3.750152473308510821e+02
3.839467892978132113e+02
3.928783312647753405e+02
4.599551330791425130e+02
4.599551330791425130e+02
3.912909919042356819e+02
3.864386221674615172e+02
3.864386221674615172e+02
3.937488404742519492e+02
4.010590587810423813e+02
4.058250740959881568e+02
4.058250740959881568e+02
4.127716726571583763e+02
4.148364215169853537e+02
4.148364215169853537e+02
4.148364215169853537e+02
4.148364215169853537e+02
4.139798040569820046e+02
4.139798040569820046e+02
3.985776617367216659e+02
3.886050763552211151e+02
3.886050763552211151e+02
3.930997948004286968e+02
3.975945132456362785e+02
4.069842945822423985e+02
4.069842945822423985e+02
3.963660257810838061e+02
3.913045647335854369e+02
3.643674222073555029e+02
3.616096466634929811e+02
3.588518711196304594e+02
3.512399236967806360e+02
3.344310317072745988e+02
3.242573404169886544e+02
3.242573404169886544e+02
3.392350621772181967e+02
3.392350621772181967e+02
3.392350621772181967e+02
3.285318366853594512e+02
3.183068945177462865e+02
3.183068945177462865e+02
3.190089985262846994e+02
3.314207344544485068e+02
3.326453363850050664e+02
3.338699383155616260e+02
3.314207344544485068e+02
3.076932395298937308e+02
3.076932395298937308e+02
3.272129356710483421e+02
3.416922864591508073e+02
3.565614768597652073e+02
3.714306672603796073e+02
4.062606657166085711e+02
4.062606657166085711e+02
4.038245638767623973e+02
3.972354793075106727e+02
3.972354793075106727e+02
4.075289076035094240e+02
4.178223358995081185e+02
4.615274743937799258e+02
4.772019039340394784e+02
4.852172043006248146e+02
4.967206507175307024e+02
5.002536949787315734e+02
5.002536949787315734e+02
5.002536949787315734e+02
4.981441219084039176e+02
4.627638540504822799e+02
4.569778753960514450e+02
4.485890539314755756e+02
4.498363966624768864e+02
4.498363966624768864e+02
4.498363966624768864e+02
5.153391892586317908e+02
5.844894481548531076e+02
5.844894481548531076e+02
5.802456499132322278e+02
4.745993234728219932e+02
4.745993234728219932e+02
4.745993234728219932e+02
5.247120956242235934e+02
5.247120956242235934e+02
4.841443979259292973e+02
4.841443979259292973e+02
4.841146761905835092e+02
4.635727541936657872e+02
4.430308321967480651e+02
4.412256702896610818e+02
4.430308321967480651e+02
4.357835591978736147e+02
4.592202485753362566e+02
4.600476180994530750e+02
4.600476180994530750e+02
4.600476180994530750e+02
5.055230112422319735e+02
5.055230112422319735e+02
5.055230112422319735e+02
4.652376990770283101e+02
4.069394118697034628e+02
4.069394118697034628e+02
4.069394118697034628e+02
4.069394118697034628e+02
4.256392261156453856e+02
4.256392261156453856e+02
4.256392261156453856e+02
4.265563141466708998e+02
4.265563141466708998e+02
4.265563141466708998e+02
4.265563141466708998e+02
4.378657037164445001e+02
4.214154992868416798e+02
4.138995041145087157e+02
4.138995041145087157e+02
4.595303869225059543e+02
5.051612697305031929e+02
5.051612697305031929e+02
5.051612697305031929e+02
5.164543709805952858e+02
5.164543709805952858e+02
5.574632291484288089e+02
5.727216402143219511e+02
5.879800512802150934e+02
5.936000374255969518e+02
5.936000374255969518e+02
4.869022428595905012e+02
4.779071383539334192e+02
4.869022428595905012e+02
4.988647740842596932e+02
5.108273053089288283e+02
5.405046026969407649e+02
5.499026014830365057e+02
5.896605859769694007e+02
5.996458503600638323e+02
6.832722866780874256e+02
7.979012153832269405e+02
9.125301440883664554e+02
9.780190120595859753e+02
1.088290988807682879e+03
1.088290988807682879e+03
1.049428255741009252e+03
8.954347685946299862e+02
8.917437769002472123e+02
8.880527852058643248e+02
8.880527852058643248e+02
9.132238197757361604e+02
9.132238197757361604e+02
9.161583757621400537e+02
9.161583757621400537e+02
9.341357921875412558e+02
9.521132086129425716e+02
9.521132086129425716e+02
8.908634142691500983e+02
8.589470603705382246e+02
8.589470603705382246e+02
8.589470603705382246e+02
8.792289026552898576e+02
8.995107449400416044e+02
8.995107449400416044e+02
8.995107449400416044e+02
9.427182893116256537e+02
9.427182893116256537e+02
9.191017639726437665e+02
8.722510411675135629e+02
8.722510411675135629e+02
9.162948562055062212e+02
9.546911132299461542e+02
9.894258308301366469e+02
1.010319205719084039e+03
1.074431980966254059e+03
1.139147472659724826e+03
1.147095144447877374e+03
1.147095144447877374e+03
9.847562452559216126e+02
9.847562452559216126e+02
9.847562452559216126e+02
9.847562452559216126e+02
9.905013836101400102e+02
9.962465219643584078e+02
9.962465219643584078e+02
9.008727181843802327e+02
8.790446532171241643e+02
7.487179262652861098e+02
6.936494000213569961e+02
6.684219090408867032e+02
6.431944180604165240e+02
6.431944180604165240e+02
6.242453883184563210e+02
6.336138746601310459e+02
6.232507568767177872e+02
5.782612448483074559e+02
5.638763246836144845e+02
5.494914045189213994e+02
5.494914045189213994e+02
5.551897367358116071e+02
5.551897367358116071e+02
5.343785665573832375e+02
4.898676411096316201e+02
4.888007521891244096e+02
4.877338632686172559e+02
4.715008121664581608e+02
4.369483522938352849e+02
4.330322655713205791e+02
4.294741819922680861e+02
4.294741819922680861e+02
4.472165013598109908e+02
4.649588207273538956e+02
4.649588207273538956e+02
4.649588207273538956e+02
4.868124186427896234e+02
4.868124186427896234e+02
4.787626971079196210e+02
4.581071049295157991e+02
4.374515127511119204e+02
4.362872784860458069e+02
4.362872784860458069e+02
4.380240491746671978e+02
5.018506332691276270e+02
5.018506332691276270e+02
4.661119012870306051e+02
4.303731693049335263e+02
4.244296807504545086e+02
4.244296807504545086e+02
5.265795397459822880e+02
6.068856922592711953e+02
6.068856922592711953e+02
5.640998034534653698e+02
5.213139146476595442e+02
4.324963549409620782e+02
4.322172459483993521e+02
4.322172459483993521e+02
4.406149491776977811e+02
4.406149491776977811e+02
3.951255412837585368e+02
3.496361333898192925e+02
3.318759026451226077e+02
3.318759026451226077e+02
3.635865560962623135e+02
3.685811162057727870e+02
3.943926791123299722e+02
3.916713387554813153e+02
3.889499983986327152e+02
3.889499983986327152e+02
3.791899775452366725e+02
3.741512252694276981e+02
3.740655983910020836e+02
3.740655983910020836e+02
3.794622591245354215e+02
3.848589198580688162e+02
4.011090162085271231e+02
4.193589049383270435e+02
4.496789034770200715e+02
4.613222083423626145e+02
4.632310091357261967e+02
4.989029511161394339e+02
5.345748930965527279e+02
5.345748930965527279e+02
4.917420662295421039e+02
4.780501276435048226e+02
4.651324395812986268e+02
4.647836889839285845e+02
4.649580642826135772e+02
4.651324395812986268e+02
4.971478558325826498e+02
5.103935127735136916e+02
5.325956152460939848e+02
