1.513462214308534840e+03
1.513462214308534840e+03
1.640692962556989187e+03
1.748695141070825230e+03
1.812387314773220851e+03
1.812387314773220851e+03
1.703863980190963957e+03
1.694206165366932055e+03
1.684548350542900380e+03
1.703863980190963957e+03
1.703382354721170714e+03
1.725096232172179953e+03
1.736332037368312513e+03
1.736332037368312513e+03
1.676987074821290662e+03
1.617642112274268811e+03
1.588118976605470380e+03
1.578098493026774804e+03
1.482494262753961038e+03
1.434274388325116888e+03
1.404361433654835082e+03
1.364244910918843516e+03
1.324128388182851950e+03
1.324128388182851950e+03
1.324128388182851950e+03
1.324128388182851950e+03
1.324128388182851950e+03
1.324128388182851950e+03
1.425447574502460839e+03
1.425447574502460839e+03
1.425447574502460839e+03
1.425447574502460839e+03
1.460230436996035678e+03
1.460230436996035678e+03
1.429018594834628857e+03
1.357740796538466611e+03
1.286462998242304366e+03
1.271981873030797487e+03
1.239143205826982694e+03
1.251218943851786435e+03
1.239143205826982694e+03
1.229994603266680087e+03
1.229994603266680087e+03
1.229994603266680087e+03
1.229994603266680087e+03
1.177636205998840296e+03
1.177636205998840296e+03
1.098795332964276895e+03
1.091958752837884504e+03
1.049300244566291440e+03
1.006641736294698376e+03
9.752780502950004120e+02
9.699839746725696159e+02
9.368754804044488083e+02
9.699839746725696159e+02
1.014058656069068775e+03
1.030010093555960339e+03
1.045961531042851902e+03
1.045961531042851902e+03
9.629763932923741550e+02
9.629763932923741550e+02
9.796656516007190021e+02
9.872078656615977934e+02
9.834367586311584546e+02
9.796656516007190021e+02
9.036937202005949530e+02
9.036937202005949530e+02
9.542309838832403557e+02
9.620018841141105668e+02
9.718426107823731854e+02
9.718426107823731854e+02
9.718426107823731854e+02
9.238927669817771857e+02
9.238927669817771857e+02
9.488314580400796103e+02
9.488314580400796103e+02
9.139615538657503748e+02
9.082336925532218856e+02
9.025058312406933965e+02
8.234788311746112868e+02
8.234788311746112868e+02
8.400059096110018118e+02
9.058767711071684516e+02
8.460877408143099956e+02
8.460877408143099956e+02
8.460877408143099956e+02
8.460877408143099956e+02
9.809029619934492530e+02
9.809029619934492530e+02
9.962842433251444163e+02
9.327882944606948286e+02
9.207291870295623539e+02
9.086700795984299930e+02
9.038600022070463638e+02
8.737030306223746265e+02
8.724536239768805217e+02
8.724536239768805217e+02
9.745510879217143838e+02
1.121900112461458093e+03
1.269249137001201689e+03
1.291688507190495784e+03
1.269249137001201689e+03
1.206587475281671686e+03
1.158658631428960234e+03
1.158658631428960234e+03
1.108246090026915226e+03
1.057833548624869991e+03
1.057833548624869991e+03
9.684578962786301872e+02
8.755466921180162672e+02
9.216733879734064203e+02
9.185879805037925507e+02
9.185879805037925507e+02
9.185879805037925507e+02
8.565051846569675718e+02
8.286037443492782586e+02
8.242043603186233440e+02
8.230513908279928046e+02
8.230513908279928046e+02
8.544261939980081024e+02
8.858009971680235140e+02
8.858009971680235140e+02
9.094317958646939815e+02
8.798715606556429520e+02
8.798715606556429520e+02
8.798715606556429520e+02
9.177815772162607573e+02
9.556915937768784488e+02
9.556915937768784488e+02
9.277550016423335819e+02
9.103774627251751781e+02
8.551870646314027908e+02
8.551870646314027908e+02
8.542866773299767829e+02
8.533862900285507749e+02
9.599680550953323745e+02
8.533862900285507749e+02
8.565444371798057546e+02
8.273438936206085828e+02
8.565444371798057546e+02
8.715103432930943654e+02
8.864762494063829763e+02
8.864762494063829763e+02
8.584278000898603977e+02
8.584278000898603977e+02
8.354053292667280175e+02
8.954600521452533712e+02
8.805747693842092758e+02
8.656894866231651804e+02
9.917781553777100498e+02
8.997030292162344267e+02
9.106274623922236060e+02
9.106274623922236060e+02
9.106274623922236060e+02
8.933394877773735061e+02
8.760515131625235199e+02
8.760515131625235199e+02
9.311477898058991514e+02
9.418490291952954294e+02
9.418490291952954294e+02
9.399678017549891820e+02
9.290060287581158036e+02
9.180442557612424253e+02
9.180442557612424253e+02
8.930917790656216084e+02
8.824863082419313969e+02
8.659869214736305594e+02
8.659869214736305594e+02
8.946369367905131185e+02
9.232869521073955639e+02
9.232869521073955639e+02
8.862288339048832313e+02
8.862288339048832313e+02
8.837879038303278776e+02
8.982906938395898351e+02
8.910392988349587995e+02
8.837879038303278776e+02
8.497943363996939752e+02
8.363626236503889686e+02
8.363626236503889686e+02
8.819654915061230440e+02
9.309443743650167562e+02
9.064549329355699001e+02
8.819654915061230440e+02
9.196843768938282437e+02
8.610217326780148142e+02
8.881709801855439537e+02
8.585624576574012963e+02
8.881709801855439537e+02
8.772126410106150161e+02
8.662543018356861921e+02
8.778765848030820962e+02
8.778765848030820962e+02
8.778765848030820962e+02
8.515907123938974337e+02
8.515907123938974337e+02
8.458544889276707863e+02
8.401182654614441390e+02
8.401182654614441390e+02
8.181291133026053330e+02
8.181291133026053330e+02
8.456237936243890090e+02
8.501757563944643152e+02
8.518998143678707038e+02
8.536238723412772060e+02
8.501757563944643152e+02
8.204786585049095038e+02
7.926975141934445901e+02
7.926975141934445901e+02
8.241105628522518600e+02
8.241105628522518600e+02
8.241105628522518600e+02
7.956984026608304248e+02
7.956984026608304248e+02
7.918128979520095072e+02
7.890835373247114148e+02
7.719594483178022983e+02
7.719594483178022983e+02
7.719594483178022983e+02
7.871628579148548397e+02
7.964100091062194906e+02
7.964100091062194906e+02
7.964100091062194906e+02
8.113883191806111199e+02
8.211596490588069628e+02
8.309309789370026920e+02
8.449391338657610504e+02
8.449391338657610504e+02
8.449391338657610504e+02
8.022770874960157244e+02
8.022770874960157244e+02
8.275774475404105033e+02
8.528778075848051685e+02
8.528778075848051685e+02
8.419936097329505174e+02
8.419936097329505174e+02
8.455518828156874633e+02
8.623080159206959934e+02
8.834265862941994101e+02
9.045451566677028268e+02
9.045451566677028268e+02
9.045451566677028268e+02
9.536306550027263711e+02
9.790190214172581591e+02
9.790190214172581591e+02
9.882556038747375169e+02
9.974921863322169884e+02
1.109885474607257947e+03
1.101911733271943149e+03
1.101911733271943149e+03
1.074097868610430851e+03
1.074097868610430851e+03
1.064905072553870468e+03
1.055712276497310086e+03
1.055712276497310086e+03
1.055712276497310086e+03
1.160186971418756912e+03
1.224379046417534937e+03
1.269811557637468468e+03
1.379100130194341773e+03
1.488388702751215078e+03
1.488388702751215078e+03
1.378988083740924822e+03
1.305846448755919255e+03
1.300581568043662628e+03
1.300581568043662628e+03
1.379668053878905312e+03
1.379668053878905312e+03
1.315965713708394105e+03
1.284811940287240304e+03
1.108879872535113236e+03
1.108879872535113236e+03
1.431792108352972946e+03
1.458615129358830245e+03
1.458615129358830245e+03
1.233392689816865641e+03
1.233392689816865641e+03
1.233392689816865641e+03
1.233392689816865641e+03
1.233392689816865641e+03
1.310893091976546430e+03
1.388393494136227218e+03
1.388393494136227218e+03
1.370853401552727519e+03
1.268481013978329202e+03
1.221692036665834166e+03
1.268481013978329202e+03
1.294509348882246286e+03
1.320537683786163143e+03
1.320537683786163143e+03
1.144460401373051127e+03
1.027346917351616185e+03
9.860579303978475991e+02
9.745629550361644533e+02
9.528162189655342900e+02
9.310694828949040129e+02
9.310694828949040129e+02
8.577722420399247767e+02
8.267382633084746431e+02
8.146166780997103842e+02
8.030509755584944287e+02
8.030509755584944287e+02
8.030509755584944287e+02
8.110401675881558958e+02
8.514633655013745965e+02
8.110401675881558958e+02
8.108636470222203343e+02
7.809218156706377840e+02
7.809218156706377840e+02
7.809218156706377840e+02
8.151402695553750846e+02
8.151402695553750846e+02
8.074920563366468969e+02
7.791924559205217520e+02
7.791924559205217520e+02
7.899936024797384562e+02
8.007947490389552740e+02
8.007947490389552740e+02
7.934409888571649390e+02
7.934409888571649390e+02
7.130920645837777556e+02
7.845337708819382669e+02
7.845337708819382669e+02
7.845337708819382669e+02
7.845337708819382669e+02
7.575857347223293345e+02
6.907593110987302225e+02
6.875966814996752419e+02
6.875966814996752419e+02
6.891754161903634213e+02
6.907541508810514870e+02
6.907541508810514870e+02
6.907541508810514870e+02
6.609391218954732494e+02
7.449016108997975607e+02
7.010628494329494060e+02
7.010628494329494060e+02
7.010628494329494060e+02
6.477097065774680686e+02
6.444617540077687181e+02
6.444617540077687181e+02
6.322470216815028152e+02
6.456711782065461875e+02
6.685442115395812834e+02
6.914172448726162656e+02
7.028302001320743102e+02
6.914172448726162656e+02
7.106286846322510655e+02
6.990314045966566709e+02
7.226014506598746721e+02
7.706826184046853996e+02
8.187637861494962408e+02
8.187637861494962408e+02
7.839555823708340085e+02
7.360518052338227335e+02
7.360518052338227335e+02
7.360518052338227335e+02
7.389611384946697399e+02
7.418704717555168600e+02
7.492671699168895429e+02
7.528025308787747463e+02
7.627763611528127967e+02
7.875686957059705264e+02
8.350010282527474601e+02
8.350010282527474601e+02
8.350010282527474601e+02
8.350010282527474601e+02
8.102638910249904711e+02
7.819100266763141462e+02
7.745317679627528378e+02
7.745317679627528378e+02
7.750777755362421431e+02
7.756237831097314483e+02
7.831220759386483223e+02
8.163992896948253701e+02
8.402014278836429639e+02
8.741847891133133999e+02
8.947586607422127827e+02
9.075941491356154529e+02
9.204296375290182368e+02
9.513163283597938289e+02
9.513163283597938289e+02
9.513828607631737668e+02
9.319077531696788128e+02
8.713341718946376204e+02
8.592746045893088649e+02
8.472150372839802230e+02
8.377305799396663133e+02
8.377305799396663133e+02
8.354698464874041974e+02
8.431870174539985783e+02
8.431870174539985783e+02
8.761115506785722573e+02
9.090360839031460500e+02
9.170462497632083796e+02
9.170462497632083796e+02
9.320047884723189782e+02
9.320047884723189782e+02
9.463405473737882403e+02
9.697896288206713962e+02
9.932387102675545520e+02
1.107253624315651905e+03
1.150471673982491438e+03
1.150471673982491438e+03
1.126544418284852327e+03
1.126544418284852327e+03
1.158620694077390908e+03
1.190696969869929262e+03
1.202409443207936192e+03
1.202409443207936192e+03
1.202409443207936192e+03
1.202409443207936192e+03
1.202409443207936192e+03
1.040389015317537996e+03
1.040389015317537996e+03
8.807884090063897702e+02
8.748528509198780512e+02
8.807884090063897702e+02
8.748528509198780512e+02
8.592609327529285110e+02
8.592609327529285110e+02
8.592609327529285110e+02
9.579515715139622216e+02
9.579515715139622216e+02
9.636447386831528092e+02
9.540326365415997998e+02
9.537778271581372564e+02
9.527302210958148407e+02
9.516826150334924250e+02
9.537778271581372564e+02
9.211615648396978031e+02
9.155988406535132071e+02
9.085010172476097523e+02
9.085010172476097523e+02
8.816524470824924720e+02
8.548038769173751916e+02
8.548038769173751916e+02
8.459804685006882892e+02
8.324036053955968555e+02
7.778540211834178990e+02
7.778540211834178990e+02
7.890019291252608582e+02
8.001498370671039311e+02
8.247533778459529685e+02
8.247533778459529685e+02
8.294789468817714351e+02
8.415410194248952394e+02
8.415410194248952394e+02
8.280551751781003986e+02
8.145693309313056716e+02
8.074091456472808659e+02
7.956079020334178722e+02
8.074091456472808659e+02
7.898140598699694692e+02
7.896940962283068757e+02
7.826166973703375334e+02
7.755392985123683047e+02
7.755392985123683047e+02
7.901296188638663125e+02
8.529052891568986752e+02
8.887872170465308272e+02
9.171684680918193635e+02
9.306190084124971236e+02
9.440695487331747699e+02
9.440695487331747699e+02
8.942560657678111511e+02
8.942560657678111511e+02
8.942560657678111511e+02
8.862355781591821824e+02
8.862355781591821824e+02
8.862355781591821824e+02
8.862355781591821824e+02
8.807759348466075835e+02
8.344544306326102969e+02
8.213184055160671733e+02
8.213184055160671733e+02
8.992569361511521038e+02
9.771954667862370343e+02
9.990590948051387841e+02
9.990590948051387841e+02
9.990590948051387841e+02
1.024813227316744815e+03
1.108871382592317104e+03
1.106852546631675523e+03
1.104833710671033941e+03
1.132991842619836461e+03
1.132991842619836461e+03
1.132991842619836461e+03
1.126280332328558416e+03
1.126280332328558416e+03
1.137869870124251975e+03
1.149459407919945534e+03
1.149459407919945534e+03
1.092818423375600332e+03
1.092818423375600332e+03
1.114485018462444032e+03
1.118431194958699962e+03
1.116458106710571883e+03
1.114485018462444032e+03
1.076499473838437098e+03
1.076499473838437098e+03
1.095270604563478173e+03
1.095270604563478173e+03
1.095270604563478173e+03
1.055388943561476708e+03
1.015507282559475243e+03
1.097954017374994919e+03
1.067278577824470176e+03
1.067278577824470176e+03
1.046945836484812617e+03
1.027153616963067407e+03
1.024068146103089475e+03
1.020982675243111544e+03
1.016176453519547181e+03
1.016176453519547181e+03
1.016176453519547181e+03
1.003120188165607829e+03
1.003120188165607829e+03
1.027857031111125934e+03
1.052593874056644154e+03
1.061118432542595428e+03
1.061118432542595428e+03
1.061118432542595428e+03
1.040923016454217304e+03
1.040923016454217304e+03
1.047530485157037674e+03
1.054137953859858044e+03
1.054137953859858044e+03
1.134040852044394569e+03
1.141293634805083002e+03
1.141293634805083002e+03
1.155574463383344892e+03
1.127165164857543459e+03
1.098755866331742027e+03
1.098755866331742027e+03
1.083513606281941520e+03
1.083513606281941520e+03
1.083513606281941520e+03
1.151476321113016411e+03
1.203168884735242500e+03
1.254861448357468362e+03
1.279060426546235703e+03
1.273788682628792458e+03
1.273788682628792458e+03
1.273788682628792458e+03
1.265972349234370085e+03
1.274159800825271759e+03
1.282347252416173660e+03
1.291629303021898068e+03
1.292795206052891672e+03
1.291629303021898068e+03
1.162058640822416237e+03
1.162058640822416237e+03
1.195578610979941686e+03
1.229098581137467136e+03
1.229098581137467136e+03
1.118504317939971770e+03
1.118504317939971770e+03
1.118504317939971770e+03
1.165187740982687046e+03
1.200640383853296953e+03
1.236093026723907087e+03
1.236093026723907087e+03
1.188178923935439116e+03
1.093456649242520371e+03
1.092438172936058891e+03
1.093456649242520371e+03
1.101087606410409080e+03
1.108718563578297562e+03
1.219131234842011509e+03
1.137093461686243245e+03
1.138363131315415558e+03
1.137093461686243245e+03
1.138363131315415558e+03
1.205491122896412662e+03
1.272619114477409767e+03
1.272619114477409767e+03
1.208135587575736054e+03
1.178808854583567381e+03
1.165205388879244992e+03
1.165205388879244992e+03
1.172646144283954527e+03
1.180086899688664062e+03
1.245453410801381096e+03
1.265252068328325095e+03
1.283262601068546019e+03
1.265252068328325095e+03
1.296170852842833938e+03
1.338370845017825559e+03
1.380570837192816953e+03
1.488574197968884391e+03
1.448687400304911080e+03
1.488574197968884391e+03
1.614044895777935608e+03
1.614044895777935608e+03
1.614044895777935608e+03
1.614044895777935608e+03
1.514455791141376494e+03
1.514455791141376494e+03
1.519947141598995586e+03
1.519947141598995586e+03
1.606270310362205691e+03
1.713890493128726803e+03
1.821510675895247914e+03
1.821510675895247914e+03
1.508006280845175070e+03
1.508006280845175070e+03
1.507750415649446950e+03
2.047824097996750424e+03
1.833436326978380293e+03
1.619048555960010162e+03
1.775553873865847436e+03
1.645374532364702645e+03
1.645374532364702645e+03
1.526456419128925290e+03
1.526456419128925290e+03
1.543772854913856236e+03
1.561089290698787181e+03
1.582454216752209277e+03
1.582454216752209277e+03
1.582454216752209277e+03
1.579580174422692380e+03
1.579580174422692380e+03
1.920346638655461902e+03
1.920346638655461902e+03
1.891118491368484911e+03
1.654644343921274185e+03
1.567913801917600495e+03
1.448251629688548974e+03
1.448251629688548974e+03
1.730861769759450226e+03
1.730861769759450226e+03
1.730861769759450226e+03
1.730861769759450226e+03
1.730861769759450226e+03
1.842740944104965592e+03
1.821983218075371951e+03
1.821983218075371951e+03
1.821983218075371951e+03
1.790790804476454468e+03
1.571812185621484105e+03
1.520140985462218168e+03
1.520140985462218168e+03
1.520140985462218168e+03
1.460078669336331131e+03
1.400016353210444322e+03
1.413394205276155617e+03
1.400016353210444322e+03
1.413394205276155617e+03
1.391577094080065763e+03
1.447336824159172693e+03
1.378063862703150335e+03
1.308790901247128204e+03
1.513131802641997638e+03
1.471050447193650825e+03
1.471050447193650825e+03
1.395972869671440776e+03
1.395972869671440776e+03
1.384661981403507070e+03
1.373351093135573137e+03
1.414203585238270762e+03
1.414203585238270762e+03
1.595328407753857164e+03
1.595328407753857164e+03
1.631058939862826946e+03
1.528977331393736222e+03
1.426895722924645497e+03
1.631058939862826946e+03
1.588612546617732505e+03
1.588612546617732505e+03
1.449950446734137586e+03
1.449950446734137586e+03
1.442016520762937944e+03
1.434082594791738074e+03
1.377207512954925278e+03
1.225918044732061844e+03
1.206110117952093788e+03
1.214264328829410033e+03
1.214264328829410033e+03
1.280951450084033695e+03
1.347638571338657357e+03
1.347638571338657357e+03
1.215990765193269681e+03
1.156250847669166433e+03
1.215990765193269681e+03
1.451289155887465995e+03
1.451289155887465995e+03
1.451289155887465995e+03
1.206855443257031766e+03
1.099843557241319104e+03
1.081592064057401103e+03
1.031244866067818748e+03
1.031244866067818748e+03
1.064597570358164376e+03
1.097950274648509776e+03
1.097950274648509776e+03
1.072262235959756481e+03
1.072262235959756481e+03
1.072262235959756481e+03
1.124935250504932355e+03
1.053709104161389405e+03
9.824829578178465681e+02
9.824829578178465681e+02
9.518445332827119501e+02
9.518445332827119501e+02
8.940980005421649821e+02
9.205238662577769446e+02
9.205238662577769446e+02
9.205238662577769446e+02
9.537875740181445963e+02
9.537875740181445963e+02
9.447663492562323881e+02
9.115894911184337843e+02
9.447663492562323881e+02
9.513582808526268764e+02
9.579502124490213646e+02
9.579502124490213646e+02
9.538960953936095848e+02
9.496723895249364205e+02
9.210670618335567497e+02
9.210670618335567497e+02
9.346180996024277192e+02
9.481691373712985751e+02
9.562603524131777704e+02
9.481691373712985751e+02
9.460232734486007757e+02
8.157710505436720041e+02
8.157710505436720041e+02
8.398544863734177852e+02
8.639379222031635663e+02
8.912283319070812695e+02
9.185187416109989726e+02
9.185187416109989726e+02
9.307999447383640472e+02
9.313282169428383668e+02
9.410660025143581606e+02
9.508037880858778408e+02
9.313282169428383668e+02
8.959861943328744474e+02
8.959861943328744474e+02
9.375206102551998129e+02
9.375206102551998129e+02
9.375206102551998129e+02
9.375206102551998129e+02
9.319245019825137888e+02
9.409166584307243966e+02
9.319245019825137888e+02
9.679562937639055917e+02
9.337943114416475510e+02
9.337943114416475510e+02
9.337943114416475510e+02
9.337943114416475510e+02
9.188180473657973835e+02
9.188180473657973835e+02
9.188180473657973835e+02
9.030070752455819729e+02
8.991000000000000227e+02
8.969683367026964333e+02
8.855566065922745338e+02
8.969683367026964333e+02
9.116120230385631658e+02
9.116120230385631658e+02
9.116120230385631658e+02
9.701816253610894591e+02
1.028751227683615753e+03
1.028751227683615753e+03
1.028751227683615753e+03
1.028751227683615753e+03
8.884358431231790973e+02
8.884358431231790973e+02
9.000792847842499214e+02
9.117227264453207454e+02
9.140398558608231951e+02
9.117227264453207454e+02
8.801672690894133666e+02
8.595412443632116037e+02
8.595412443632116037e+02
8.579086377254998297e+02
8.562760310877881693e+02
8.214224641669172797e+02
7.950965661740871155e+02
7.873499894457704613e+02
7.846168305886833423e+02
7.719949372162003556e+02
7.453011696315214749e+02
7.186074020468425942e+02
7.186074020468425942e+02
7.261192872537810672e+02
7.317453477021352910e+02
7.317453477021352910e+02
7.317453477021352910e+02
7.344693262991320353e+02
7.371933048961287795e+02
7.371933048961287795e+02
7.279486768563715486e+02
7.260385308686327335e+02
7.260385308686327335e+02
7.018041091921681982e+02
6.934149158980478660e+02
6.850257226039275338e+02
6.787388362570866320e+02
6.689251546446653265e+02
6.459968354755268365e+02
6.180721639101479923e+02
6.180721639101479923e+02
6.335152484398145134e+02
6.489583329694810345e+02
6.997632888507374673e+02
6.997632888507374673e+02
8.152558099566986130e+02
8.197167130176741239e+02
8.427321417912455672e+02
8.477067044507444962e+02
8.526812671102434251e+02
8.526812671102434251e+02
8.609225273926232376e+02
9.029177763278315751e+02
9.542115766252355797e+02
9.691940243977531964e+02
9.714958677479244216e+02
9.737977110980956468e+02
9.884209008482878289e+02
9.737977110980956468e+02
9.819241821684236129e+02
9.443845193284852257e+02
9.819241821684236129e+02
9.682162583396202535e+02
9.545083345108167805e+02
9.765406598395951505e+02
9.765406598395951505e+02
9.776894354800119800e+02
9.776894354800119800e+02
9.776894354800119800e+02
1.010123202359076345e+03
1.042556969238140709e+03
1.042556969238140709e+03
1.025526827886469164e+03
1.025526827886469164e+03
1.025526827886469164e+03
1.058685069013369912e+03
1.102015184665243851e+03
1.145345300317117790e+03
1.207731552271955707e+03
1.200451567993569824e+03
1.200451567993569824e+03
1.159446677573618445e+03
1.159446677573618445e+03
1.204082873982144974e+03
1.248719070390671504e+03
1.248719070390671504e+03
1.096866831662046707e+03
1.090516041762974510e+03
1.011377954872316423e+03
1.011377954872316423e+03
1.019541826862265793e+03
1.027705698852215164e+03
1.027705698852215164e+03
9.382851827972185674e+02
9.382851827972185674e+02
9.393467388943787455e+02
1.019176135327639599e+03
1.019176135327639599e+03
1.019176135327639599e+03
1.019176135327639599e+03
1.024527848618835378e+03
1.024527848618835378e+03
1.024527848618835378e+03
1.116328788200882173e+03
1.096532839212353338e+03
1.076736890223824503e+03
1.076736890223824503e+03
1.060940455842829806e+03
1.036018933747424853e+03
1.019988203950603975e+03
9.837858781322075856e+02
9.837858781322075856e+02
9.837858781322075856e+02
9.906982630876150324e+02
9.906982630876150324e+02
9.906982630876150324e+02
9.848112109230223723e+02
1.042239565372059815e+03
1.020221091370889326e+03
9.982026173697188369e+02
9.982026173697188369e+02
9.982026173697188369e+02
9.513268902555204249e+02
9.513268902555204249e+02
9.513268902555204249e+02
9.601589225640104814e+02
9.689909548725004242e+02
9.862827630026623638e+02
9.762122036317393849e+02
9.862827630026623638e+02
9.762122036317393849e+02
9.943950097320304167e+02
9.992028428727797973e+02
1.004010676013529178e+03
1.004010676013529178e+03
1.004010676013529178e+03
9.920711809876099778e+02
9.575506134556171673e+02
9.575506134556171673e+02
9.533411969356550344e+02
9.491317804156927878e+02
9.491317804156927878e+02
9.491317804156927878e+02
9.558333533181325947e+02
9.558333533181325947e+02
9.558333533181325947e+02
9.424900210667558440e+02
9.291466888153792070e+02
9.375843597851176128e+02
9.291466888153792070e+02
9.259590509889903842e+02
8.951303152325873498e+02
9.259590509889903842e+02
8.955147738488008144e+02
8.650704967086113584e+02
9.209305409932292150e+02
8.650704967086113584e+02
9.056903381786220280e+02
8.411575568110938548e+02
9.056903381786220280e+02
9.211409309072257656e+02
9.365915236358293896e+02
9.401303227801444109e+02
9.365915236358293896e+02
9.017820239243460492e+02
8.636399174337836939e+02
8.636399174337836939e+02
8.590519346149792455e+02
8.544639517961746833e+02
8.544639517961746833e+02
8.181206154814910860e+02
8.181206154814910860e+02
8.181206154814910860e+02
8.792244968573160122e+02
8.602936690320054822e+02
8.413628412066948385e+02
8.792244968573160122e+02
8.916171440355549294e+02
8.916171440355549294e+02
8.575059839479635002e+02
8.575059839479635002e+02
8.180655859330354360e+02
7.786251879181072582e+02
8.432418246639961126e+02
8.288231157996788170e+02
8.432418246639961126e+02
8.288231157996788170e+02
8.551247483536532172e+02
8.551247483536532172e+02
8.551247483536532172e+02
8.551247483536532172e+02
8.515810106284487802e+02
8.515810106284487802e+02
8.515810106284487802e+02
9.539869304270112025e+02
9.089402816100922564e+02
8.638936327931733103e+02
9.107058115800690530e+02
9.107058115800690530e+02
9.107058115800690530e+02
8.731181907972853651e+02
8.572704665906820765e+02
8.249885647973403593e+02
7.927066630039987558e+02
7.927066630039987558e+02
7.927066630039987558e+02
8.458033861745090007e+02
8.458033861745090007e+02
8.458033861745090007e+02
8.888906132996171436e+02
9.319778404247251729e+02
9.319778404247251729e+02
9.186000544828040120e+02
9.186000544828040120e+02
9.186000544828040120e+02
1.006412681819905401e+03
1.006412681819905401e+03
1.006412681819905401e+03
1.031154420511383705e+03
1.031154420511383705e+03
9.164142500992297755e+02
9.164142500992297755e+02
9.164142500992297755e+02
9.164142500992297755e+02
9.164142500992297755e+02
9.164142500992297755e+02
9.957089768526959688e+02
9.079164705973125820e+02
8.546952195329903361e+02
8.546952195329903361e+02
8.546952195329903361e+02
8.546952195329903361e+02
9.122541472125911923e+02
9.160552513473771796e+02
9.562631971778665729e+02
9.160552513473771796e+02
1.008464566526737144e+03
9.618109537819157140e+02
9.151573410370943975e+02
9.436382898832899855e+02
9.095817278237890378e+02
7.838342027113294535e+02
7.396962532014746330e+02
7.396962532014746330e+02
8.624785116088451105e+02
9.852607700162155879e+02
1.010122022721123358e+03
1.010122022721123358e+03
1.010122022721123358e+03
9.878063741317836275e+02
9.878063741317836275e+02
1.069877097352129567e+03
1.151947820572475621e+03
1.151947820572475621e+03
1.151947820572475621e+03
1.176321415253567238e+03
1.176321415253567238e+03
1.176321415253567238e+03
1.239228335806419182e+03
1.302135256359270898e+03
1.328611259787101517e+03
1.302135256359270898e+03
1.263309406659843489e+03
1.075071374046038500e+03
1.140342950588830490e+03
1.140342950588830490e+03
1.140342950588830490e+03
1.140342950588830490e+03
1.263738542946295638e+03
1.324210986904774018e+03
1.324210986904774018e+03
1.153283751414280005e+03
1.132748497132427474e+03
1.112213242850575170e+03
1.112213242850575170e+03
1.112213242850575170e+03
1.159192736291121491e+03
1.159192736291121491e+03
1.159192736291121491e+03
1.074981726075729512e+03
9.907707158603376456e+02
1.016955528865359838e+03
1.016955528865359838e+03
1.016955528865359838e+03
1.036450381454445505e+03
1.082765544865550964e+03
1.082765544865550964e+03
1.082765544865550964e+03
1.007915981221154425e+03
9.753758505263785992e+02
9.753758505263785992e+02
9.872495460704087691e+02
9.999234048315452128e+02
9.961494493566842721e+02
9.923754938818232176e+02
1.091020459942125171e+03
9.923754938818232176e+02
1.032836538375853706e+03
9.754644530078587650e+02
1.032836538375853706e+03
1.026061937514095007e+03
1.019287336652336421e+03
1.035404805730534690e+03
1.019287336652336421e+03
9.025919119216367790e+02
8.861402039134801498e+02
9.025919119216367790e+02
9.737650520002609937e+02
1.044938192078885095e+03
1.052467412156361661e+03
1.044938192078885095e+03
1.052467412156361661e+03
1.021516403817717219e+03
9.941064034237683700e+02
9.941064034237683700e+02
9.941064034237683700e+02
9.941064034237683700e+02
1.005646037668786562e+03
1.005120984787982820e+03
1.005120984787982820e+03
1.005120984787982820e+03
1.004911731960179168e+03
1.004702479132375629e+03
1.050175032363068567e+03
1.103573734294144970e+03
1.103573734294144970e+03
1.043897878085464299e+03
1.043897878085464299e+03
1.090518878498033700e+03
1.137139878910603102e+03
1.137139878910603102e+03
1.109606962341139479e+03
1.082074045771675628e+03
1.082074045771675628e+03
1.157347667983140354e+03
1.162771162345139601e+03
1.168194656707139075e+03
1.170977565262312510e+03
1.170977565262312510e+03
1.170335685196173245e+03
1.170335685196173245e+03
1.122842646169124464e+03
1.152778131894797298e+03
1.182713617620470359e+03
1.129196217768286715e+03
1.129196217768286715e+03
1.129196217768286715e+03
1.126076048982844895e+03
1.112476528585615824e+03
1.112476528585615824e+03
1.039891246486680302e+03
1.039891246486680302e+03
1.029175658637823062e+03
8.548677040358431896e+02
8.548677040358431896e+02
8.548677040358431896e+02
8.548677040358431896e+02
8.032583449573312464e+02
8.032583449573312464e+02
8.695514869628474344e+02
9.910176047324454203e+02
1.093177703090980913e+03
1.198042696682377709e+03
1.198042696682377709e+03
1.198042696682377709e+03
1.172254765510520883e+03
1.098853891120669687e+03
1.069397736331750821e+03
1.050519789727879925e+03
1.050519789727879925e+03
1.050990488141826063e+03
1.051461186555772201e+03
1.051461186555772201e+03
1.051461186555772201e+03
1.043802408491441838e+03
1.044450560945896996e+03
1.044450560945896996e+03
1.044450560945896996e+03
1.044450560945896996e+03
1.034762574508595662e+03
1.034762574508595662e+03
1.116317289260450480e+03
1.135146537032306242e+03
1.137723844266867218e+03
1.137723844266867218e+03
1.137723844266867218e+03
1.137723844266867218e+03
1.118707599538587601e+03
1.131031085203781913e+03
1.131031085203781913e+03
1.205504351880758804e+03
1.205504351880758804e+03
1.205504351880758804e+03
1.224312896516420324e+03
1.218900125741669171e+03
1.229058773323994501e+03
1.218900125741669171e+03
1.195516812400855088e+03
1.179338680200670751e+03
1.163160548000486187e+03
1.163160548000486187e+03
1.126104581173142151e+03
1.126104581173142151e+03
1.288232706929751203e+03
1.302546602382956507e+03
1.320782111311139488e+03
1.339017620239322468e+03
1.339017620239322468e+03
1.339017620239322468e+03
1.375087903293363297e+03
1.414184907356059966e+03
1.446853654464168812e+03
1.446853654464168812e+03
1.446853654464168812e+03
1.512686816351069410e+03
1.512686816351069410e+03
1.567669446321674059e+03
1.567669446321674059e+03
1.567669446321674059e+03
1.620936217280512665e+03
1.674202988239351498e+03
1.715139548766125699e+03
1.715139548766125699e+03
1.715139548766125699e+03
1.638873532725274345e+03
1.638873532725274345e+03
1.521273073863327681e+03
1.403672615001381018e+03
1.403672615001381018e+03
1.403672615001381018e+03
1.404678361150152114e+03
1.404678361150152114e+03
1.469389783833640422e+03
1.401455633779036816e+03
1.333521483724433438e+03
1.333521483724433438e+03
1.309272632152865981e+03
1.278767718734661685e+03
1.235041831160558559e+03
1.235041831160558559e+03
1.415588073875555892e+03
1.596134316590553226e+03
1.596134316590553226e+03
1.483498169019404031e+03
1.471339792065829215e+03
1.407410119427108839e+03
1.407410119427108839e+03
1.478326825255326412e+03
1.549243531083543985e+03
1.549243531083543985e+03
1.363411194839587552e+03
1.348872853385533290e+03
1.342182588247183276e+03
1.342182588247183276e+03
1.294274275184854105e+03
1.246365962122525161e+03
1.235588153715714043e+03
1.233811208186895101e+03
1.155311004303461004e+03
1.108987756184238833e+03
1.108987756184238833e+03
1.134603656774936553e+03
1.160219557365634500e+03
1.204850623741473100e+03
1.237309975809854905e+03
1.204850623741473100e+03
1.176639113222328888e+03
1.176639113222328888e+03
1.163844580833343571e+03
1.151050048444358481e+03
1.151050048444358481e+03
1.097641664940042574e+03
1.097641664940042574e+03
1.100013405313497969e+03
1.197833369771051366e+03
1.197833369771051366e+03
1.197833369771051366e+03
1.116054997168113914e+03
1.116054997168113914e+03
1.109789596670835635e+03
1.109789596670835635e+03
1.109789596670835635e+03
1.120423388803208127e+03
1.131057180935580845e+03
1.185150917427367403e+03
1.160166967463367655e+03
1.185150917427367403e+03
1.160166967463367655e+03
1.190031790012651072e+03
1.158135027639297732e+03
1.126238265265944165e+03
1.126238265265944165e+03
1.122304664285585204e+03
1.122304664285585204e+03
1.112271224030657777e+03
1.208300333356850160e+03
1.145286606258826396e+03
1.082272879160802631e+03
1.134106651340422786e+03
1.134106651340422786e+03
1.146163458996489680e+03
1.146163458996489680e+03
1.168430387644521488e+03
1.134066773690467471e+03
1.099703159736413681e+03
1.099703159736413681e+03
1.088364226852544107e+03
1.088364226852544107e+03
1.088364226852544107e+03
1.119709203107457824e+03
1.162298610230019676e+03
1.204888017352581755e+03
1.214057957886165013e+03
1.214057957886165013e+03
1.214057957886165013e+03
1.143018549018743443e+03
1.278927117807312925e+03
1.253690088405636288e+03
1.228453059003959424e+03
1.228453059003959424e+03
1.228453059003959424e+03
1.265676845559289177e+03
1.265676845559289177e+03
1.265676845559289177e+03
1.180709484337669664e+03
1.095742123116050152e+03
1.242177237512428292e+03
1.242177237512428292e+03
1.242177237512428292e+03
1.240031915323819248e+03
1.240031915323819248e+03
1.246649190139374696e+03
1.253266464954929916e+03
1.253266464954929916e+03
1.207207351537194882e+03
1.207207351537194882e+03
1.136554611869618839e+03
1.215795470052218889e+03
1.206579981982569734e+03
1.197364493912920352e+03
1.197364493912920352e+03
1.197364493912920352e+03
1.250310207572495983e+03
1.276065030021207804e+03
1.290398487779511015e+03
1.290729898248025165e+03
1.291061308716539088e+03
1.291098620258139135e+03
1.291098620258139135e+03
1.291098620258139135e+03
1.271782724253760762e+03
1.294454256968980189e+03
1.289216881168961208e+03
1.283979505368942000e+03
1.316374581625880637e+03
1.283979505368942000e+03
1.316374581625880637e+03
1.262546144095619411e+03
1.328098587402959538e+03
1.332278630605552735e+03
1.336458673808145704e+03
1.336458673808145704e+03
1.286343934641869510e+03
1.283087714165778380e+03
1.204265802174870487e+03
1.204265802174870487e+03
1.237640208209543289e+03
1.271014614244216091e+03
1.299189744804458996e+03
1.299189744804458996e+03
1.318135374945994499e+03
1.318135374945994499e+03
1.318135374945994499e+03
1.298319205551921641e+03
1.278503036157848783e+03
1.336718091593636700e+03
1.336718091593636700e+03
1.362728629164384301e+03
1.362728629164384301e+03
1.362728629164384301e+03
1.506884693363467932e+03
1.651040757562551562e+03
1.651040757562551562e+03
1.651040757562551562e+03
1.484053670371094995e+03
1.583029768025791100e+03
1.583029768025791100e+03
1.646667032196585751e+03
1.710304296367380402e+03
1.750412390623134797e+03
1.750412390623134797e+03
1.802457207755160880e+03
1.702413728174142307e+03
1.908719698875152062e+03
1.902901003892358403e+03
1.897082308909564745e+03
1.897082308909564745e+03
1.790848978868375525e+03
1.773233492770774319e+03
1.565399848000982502e+03
1.773233492770774319e+03
2.000430345678925050e+03
2.000430345678925050e+03
1.742395322137432913e+03
1.665781183729506211e+03
1.665781183729506211e+03
1.665781183729506211e+03
1.665781183729506211e+03
1.665781183729506211e+03
1.665781183729506211e+03
1.709271245348628099e+03
1.709271245348628099e+03
1.674474236623612569e+03
1.602980189225749427e+03
1.674474236623612569e+03
1.647050366686060670e+03
1.619626496748508771e+03
1.619626496748508771e+03
1.324315535058126898e+03
1.281457157901291112e+03
1.281051232459968332e+03
1.281051232459968332e+03
1.389435911125465282e+03
1.497820589790962458e+03
1.497820589790962458e+03
1.426337381333421490e+03
1.402340242544949660e+03
1.312476011756968774e+03
1.402340242544949660e+03
1.360845559302997572e+03
1.319350876061045710e+03
1.319350876061045710e+03
1.273118079400091119e+03
1.227758515690850800e+03
1.211932378759278436e+03
1.211932378759278436e+03
1.231525106478711223e+03
1.251117834198144237e+03
1.251117834198144237e+03
1.176356633820328398e+03
1.076757410568873638e+03
1.057234189693196186e+03
1.057234189693196186e+03
1.022079227394870031e+03
9.869242650965439907e+02
9.206279621013671886e+02
9.025572566179752130e+02
8.742373459070607851e+02
8.326529959741646962e+02
8.326529959741646962e+02
8.193543382078248669e+02
8.060556804414851513e+02
8.011482374402008872e+02
7.964390094662245474e+02
7.964390094662245474e+02
8.075784613697738905e+02
8.162728616661445358e+02
8.162728616661445358e+02
8.162728616661445358e+02
8.306108651049268019e+02
7.977522985873129073e+02
7.977522985873129073e+02
7.920918061824593224e+02
7.772690540402755914e+02
7.570772429544178976e+02
7.368854318685602038e+02
7.436296352058095636e+02
7.368854318685602038e+02
7.291367426604449520e+02
7.184015045537519200e+02
6.975709677155703048e+02
6.975709677155703048e+02
6.975709677155703048e+02
7.020639619846789401e+02
7.079027887348164541e+02
7.171875986909662970e+02
7.079395330957088390e+02
7.232872898418000887e+02
7.555153630760032684e+02
7.877434363102064481e+02
7.877434363102064481e+02
7.946591702477484205e+02
8.123428432841230915e+02
8.549632099552641193e+02
8.741169038843762564e+02
8.741169038843762564e+02
8.741169038843762564e+02
8.643251413099354750e+02
8.400049016338999763e+02
8.598970654984644852e+02
8.598970654984644852e+02
8.598970654984644852e+02
8.580399561776866904e+02
8.561828468569087818e+02
8.561828468569087818e+02
8.380709704490960803e+02
8.366916626862509929e+02
