2.013322229103547215e+03
2.013322229103547215e+03
2.013322229103547215e+03
1.900221433739049644e+03
1.900221433739049644e+03
1.900221433739049644e+03
1.902188538946127892e+03
1.946427861033327190e+03
1.990667183120526488e+03
2.096948944733176177e+03
2.194583785029349656e+03
2.364649703281749680e+03
2.441522637255928203e+03
2.524125826573489576e+03
2.528121369494828741e+03
2.532116912416167906e+03
2.549399623233701277e+03
2.532116912416167906e+03
2.496876614769755179e+03
2.480042044574312513e+03
2.496876614769755179e+03
2.436560465901712178e+03
2.536697490051059958e+03
2.430317260200858072e+03
2.430317260200858072e+03
2.430317260200858072e+03
2.430317260200858072e+03
2.430317260200858072e+03
2.070870837807461612e+03
2.070870837807461612e+03
2.070870837807461612e+03
2.070870837807461612e+03
1.997784895076810471e+03
1.941677193020058439e+03
1.958144731573672743e+03
1.931187401083398981e+03
1.904230070593124992e+03
1.801174001394700554e+03
1.781471560690812112e+03
1.765278707411377127e+03
1.765278707411377127e+03
1.834910069873061275e+03
1.834910069873061275e+03
1.834910069873061275e+03
1.793049356163773155e+03
1.736480074628310604e+03
1.736480074628310604e+03
1.719155288856329435e+03
1.719155288856329435e+03
1.719640181244349151e+03
1.720125073632369094e+03
1.720125073632369094e+03
1.673317912356425040e+03
1.673317912356425040e+03
1.648469941916967400e+03
1.709892271140527100e+03
1.747878365979139289e+03
1.785864460817751251e+03
1.788941908432606397e+03
1.877611595027496378e+03
1.877611595027496378e+03
1.854913246255997592e+03
1.846745849181168296e+03
1.825954245589636685e+03
1.805162641998105300e+03
1.805162641998105300e+03
1.764446089611393973e+03
1.729096880704366640e+03
1.728495707949270354e+03
1.728495707949270354e+03
1.724142657500016867e+03
1.719789607050763607e+03
1.736413791997927092e+03
1.729922315356711124e+03
1.736413791997927092e+03
1.729922315356711124e+03
1.756987210261574319e+03
1.787710272037746336e+03
1.818433333813918352e+03
1.832682600035556788e+03
1.832682600035556788e+03
1.808358816633521656e+03
1.762607764130197666e+03
1.775399324559855131e+03
1.772693197870918539e+03
1.769987071181982174e+03
1.775399324559855131e+03
1.812817587068975172e+03
1.826207737587285919e+03
1.894662624853114721e+03
1.905501346752043901e+03
1.905501346752043901e+03
1.905501346752043901e+03
1.905501346752043901e+03
1.908257169433852368e+03
1.942169628922705670e+03
1.942169628922705670e+03
1.948108317369167935e+03
1.914059935798104334e+03
1.880011554227040733e+03
1.880011554227040733e+03
1.863565451528528001e+03
1.863565451528528001e+03
1.838269986172125300e+03
1.884603173421984366e+03
1.868000015010976995e+03
1.851396856599969624e+03
1.851396856599969624e+03
1.851396856599969624e+03
1.870882979304085666e+03
1.904286134924120915e+03
1.904286134924120915e+03
1.913518078202535435e+03
1.922750021480949954e+03
1.899621444695553919e+03
1.893429012027053659e+03
1.893429012027053659e+03
2.078145435435218133e+03
2.078145435435218133e+03
2.051169896507101839e+03
2.024194357578985091e+03
2.000246907988980865e+03
2.000246907988980865e+03
2.005859719633786426e+03
2.005859719633786426e+03
2.039632325269976491e+03
2.065930431331863019e+03
2.092228537393749320e+03
2.166188616907774758e+03
2.171686591993720413e+03
2.214739306964043408e+03
2.214739306964043408e+03
2.214739306964043408e+03
2.211670790966711593e+03
2.208602274969379778e+03
2.261335702244013646e+03
2.279568713469601789e+03
2.359722078971335122e+03
2.328460492194148173e+03
2.366348758529992665e+03
2.366348758529992665e+03
2.366348758529992665e+03
2.366348758529992665e+03
2.298895592518770627e+03
2.298895592518770627e+03
2.352099500506067216e+03
2.352099500506067216e+03
2.332287472652158613e+03
2.312475444798250010e+03
2.312475444798250010e+03
2.322416147741677833e+03
2.393944194343450363e+03
2.333588452736928048e+03
2.369783160271689212e+03
2.351685806504308857e+03
2.333588452736928048e+03
2.331652324456365932e+03
2.323286289896934704e+03
2.284039818339949306e+03
2.278189659892649161e+03
2.278189659892649161e+03
2.285858422221052024e+03
2.293527184549454887e+03
2.293527184549454887e+03
2.172459589861471159e+03
2.172459589861471159e+03
2.226624018185374098e+03
2.234196603167230478e+03
2.244905004365109562e+03
2.255613405562988191e+03
2.255613405562988191e+03
2.189323577178962296e+03
2.189323577178962296e+03
2.135187380921641306e+03
2.258670538187281636e+03
2.234901234687352371e+03
2.211131931187422651e+03
2.211131931187422651e+03
2.211131931187422651e+03
2.225470929857417559e+03
2.225470929857417559e+03
2.366736226077198353e+03
2.204095992855936402e+03
2.041455759634674450e+03
2.137041005172300174e+03
2.137041005172300174e+03
2.137041005172300174e+03
2.042772630671196794e+03
2.042772630671196794e+03
1.992974556119546151e+03
1.943176481567895507e+03
2.028513214727887544e+03
2.028513214727887544e+03
2.028513214727887544e+03
1.990786456474516399e+03
1.917868896705546376e+03
1.928844626662253631e+03
1.939820356618960886e+03
1.939820356618960886e+03
1.939820356618960886e+03
1.764891110136972202e+03
1.764891110136972202e+03
1.857809878686000729e+03
1.882782349944335920e+03
1.907754821202671110e+03
1.907754821202671110e+03
1.919958272376828063e+03
1.919958272376828063e+03
1.970660082082503095e+03
1.970660082082503095e+03
1.995646282044130203e+03
2.020632482005757083e+03
2.047095864669571029e+03
2.147704392799041671e+03
2.147704392799041671e+03
2.093002741463268649e+03
1.832703011106920712e+03
1.832703011106920712e+03
1.832703011106920712e+03
1.910059887295180033e+03
2.026654782329615500e+03
2.202106182994665687e+03
2.392740566600659804e+03
2.445848496317703848e+03
2.480647728358306722e+03
2.515446960398909596e+03
2.542050019825439904e+03
2.596574663272123871e+03
2.640255323948304977e+03
2.655605564868872079e+03
2.655605564868872079e+03
2.654824897054324538e+03
2.654044229239776996e+03
2.654044229239776996e+03
2.829041760559206068e+03
2.829686951560353009e+03
2.842462488700117319e+03
2.857833539221183855e+03
2.857833539221183855e+03
2.857833539221183855e+03
2.765402963951937181e+03
2.763923910301267824e+03
2.659608035775159806e+03
2.516649346356972728e+03
2.378431573885568014e+03
2.322568954529996518e+03
2.266706335174425021e+03
2.171079053067082441e+03
2.170311233383222770e+03
2.170311233383222770e+03
2.209812087531285215e+03
2.222011851393027882e+03
2.243386706547345511e+03
2.264761561701663140e+03
2.273063664353314380e+03
2.315479090617426209e+03
2.356709145800802617e+03
2.415748490618024789e+03
2.505620511849116610e+03
2.500766276941651086e+03
2.495912042034186015e+03
2.506792673276376263e+03
2.709435174718790222e+03
2.822614520255901425e+03
2.936801638506268773e+03
2.957114912584947433e+03
2.957114912584947433e+03
2.899112720645848185e+03
2.851696806269598710e+03
2.899112720645848185e+03
3.098145728726271500e+03
3.407187228779545421e+03
3.407187228779545421e+03
3.101016813541959436e+03
2.989060952670517963e+03
2.989060952670517963e+03
2.989060952670517963e+03
2.989060952670517963e+03
2.989060952670517963e+03
2.989060952670517963e+03
2.666882106780452887e+03
2.344703260890387810e+03
2.324236668647648912e+03
2.324236668647648912e+03
2.289487483879461251e+03
2.220515757214518089e+03
2.142941639425200265e+03
2.134060330274738590e+03
2.125179021124277369e+03
1.952316428903783162e+03
1.952316428903783162e+03
1.952316428903783162e+03
1.892556554975373956e+03
1.892556554975373956e+03
1.892556554975373956e+03
1.892556554975373956e+03
1.895456294892575897e+03
1.895456294892575897e+03
1.918857681250142832e+03
1.918857681250142832e+03
1.871557586790167534e+03
1.871557586790167534e+03
1.871557586790167534e+03
1.871557586790167534e+03
1.862690513270718839e+03
1.854278983588593292e+03
1.821200063770168299e+03
1.735851442248307194e+03
1.734907351698773482e+03
1.733963261149239770e+03
1.657298601103165083e+03
1.655017465056193487e+03
1.611315113464223941e+03
1.608995127246497304e+03
1.529516456829948083e+03
1.522200147286483343e+03
1.514883837743018603e+03
1.529516456829948083e+03
1.514883837743018603e+03
1.456321716702011827e+03
1.435665530238209385e+03
1.456321716702011827e+03
1.440943562018599550e+03
1.425565407335187274e+03
1.509894169536133177e+03
1.434573852804987609e+03
1.502492322525187774e+03
1.475570007163927585e+03
1.502492322525187774e+03
1.489031164844557679e+03
1.475570007163927585e+03
1.503354643906310912e+03
1.503354643906310912e+03
1.585306962844040299e+03
1.585306962844040299e+03
1.585306962844040299e+03
1.636358246167604648e+03
1.687409529491168769e+03
1.687409529491168769e+03
1.671057320652915905e+03
1.645133810427100570e+03
1.592624032014294471e+03
1.592624032014294471e+03
1.626819286125381495e+03
1.661014540236468292e+03
1.730976629419894380e+03
1.661014540236468292e+03
1.759767091563592430e+03
1.641129154124840625e+03
1.759767091563592430e+03
1.727965640324502601e+03
1.696164189085412772e+03
1.784158252711122032e+03
1.696164189085412772e+03
1.694276146050485522e+03
1.688057641350944095e+03
1.688057641350944095e+03
1.690364740775520204e+03
1.692671840200096085e+03
1.764129845822959169e+03
1.764129845822959169e+03
1.725518551334277163e+03
1.709509008916072162e+03
1.709509008916072162e+03
1.709509008916072162e+03
2.054406798437400084e+03
2.054406798437400084e+03
2.054406798437400084e+03
1.873588530274583491e+03
1.804780063038753269e+03
1.840007444981874414e+03
1.821761235003515139e+03
1.803515025025156092e+03
1.840007444981874414e+03
1.879748149910243910e+03
1.884657570811994447e+03
1.884657570811994447e+03
1.884657570811994447e+03
1.870650269134683185e+03
1.856642967457371924e+03
1.889573862824166326e+03
1.869661232030276324e+03
1.869661232030276324e+03
1.843221777506716990e+03
1.843221777506716990e+03
1.850858328631052473e+03
1.858494879755387956e+03
1.858494879755387956e+03
1.866805734231736778e+03
1.885938435546753908e+03
1.965587429618840815e+03
1.967613467738597592e+03
2.149143528399853039e+03
2.330673589061108487e+03
2.396717519289172742e+03
2.621481638950097022e+03
2.872351987081619882e+03
2.944315899831817205e+03
3.024725600382381344e+03
3.024725600382381344e+03
3.007001367618532640e+03
3.007001367618532640e+03
3.013860386026920423e+03
3.013860386026920423e+03
3.003979985829689213e+03
3.003979985829689213e+03
2.850718277323396705e+03
2.638536074306931823e+03
2.638536074306931823e+03
2.638536074306931823e+03
2.564853695101351150e+03
2.564853695101351150e+03
2.564853695101351150e+03
2.194768541230791470e+03
2.194768541230791470e+03
1.988933479422529899e+03
1.920579202489442878e+03
1.982138919303185276e+03
1.920579202489442878e+03
1.840460294352492383e+03
1.828150267812128732e+03
1.815840241271764853e+03
1.840460294352492383e+03
1.847481782777264698e+03
1.847481782777264698e+03
1.833141002671608021e+03
1.814395979807527056e+03
1.779700561428073343e+03
1.745005143048619630e+03
1.728109610064246453e+03
1.675989748468851985e+03
1.675989748468851985e+03
1.754870230718875519e+03
1.754870230718875519e+03
1.753264230280270340e+03
1.751658229841665161e+03
1.726945998932339080e+03
1.693816603700568976e+03
1.693816603700568976e+03
1.699660365245414368e+03
1.702763008487230081e+03
1.702763008487230081e+03
1.702763008487230081e+03
1.725137531309435417e+03
1.731192786725301630e+03
1.742998116022500881e+03
1.742998116022500881e+03
1.745898055807277387e+03
1.736564093320549546e+03
1.727230130833821704e+03
1.777269241780874836e+03
1.722205843126033187e+03
1.760724315792434709e+03
1.760724315792434709e+03
1.864894454862892871e+03
1.864894454862892871e+03
1.864894454862892871e+03
1.744827675846892362e+03
1.721489281591869712e+03
1.721489281591869712e+03
1.724438455908349624e+03
1.839634704417378998e+03
1.807184431598380797e+03
1.774734158779382369e+03
1.917586408856702974e+03
1.822298329729833995e+03
1.822298329729833995e+03
1.814454791533565640e+03
1.814454791533565640e+03
1.821456744010649345e+03
1.828458696487732823e+03
1.862069105726585576e+03
1.862069105726585576e+03
1.864525297401152784e+03
1.864525297401152784e+03
1.894914732762799076e+03
1.905854821145824644e+03
1.916794909528849985e+03
1.916794909528849985e+03
1.844583081405332905e+03
1.844583081405332905e+03
1.889371161095922389e+03
1.889371161095922389e+03
1.863350541578615321e+03
1.837329922061308025e+03
1.837329922061308025e+03
1.866073825105170044e+03
1.866073825105170044e+03
1.857104599844948098e+03
1.857104599844948098e+03
1.834302047914377454e+03
1.811499495983806810e+03
1.830204539279088749e+03
1.830204539279088749e+03
1.846834623447479999e+03
1.902694355053476102e+03
1.902694355053476102e+03
1.878534381158608994e+03
1.854374407263741887e+03
1.788980090512516426e+03
1.777955735902348806e+03
1.777955735902348806e+03
1.791504354730850082e+03
1.792602799155205275e+03
1.792602799155205275e+03
1.792602799155205275e+03
1.917826754338936098e+03
1.874477234175621561e+03
1.882660112890596338e+03
1.874477234175621561e+03
1.882660112890596338e+03
1.858831329554859167e+03
1.835002546219121996e+03
1.871924654204142826e+03
1.871924654204142826e+03
1.894673614952357639e+03
1.894673614952357639e+03
1.897403613237811896e+03
1.894715832138979295e+03
1.892028051040146693e+03
1.807252938174237897e+03
1.807252938174237897e+03
1.806606322190914398e+03
1.866332888607106497e+03
1.891716900804387933e+03
1.891716900804387933e+03
1.891716900804387933e+03
1.875871180685852778e+03
1.871728599445903001e+03
1.875871180685852778e+03
1.849936717215138970e+03
1.937623507998137256e+03
1.893780112606638113e+03
1.849936717215138970e+03
1.768392583066787665e+03
1.762676481313782688e+03
1.743943961056672833e+03
1.659120183903595034e+03
1.608950604747826446e+03
1.605010359691600115e+03
1.601070114635374011e+03
1.580382718066404095e+03
1.504104264710190819e+03
1.580382718066404095e+03
1.587055861371623678e+03
1.865763535537114421e+03
1.784484594349880808e+03
1.703205653162647195e+03
1.703205653162647195e+03
1.696290583721223129e+03
1.651978944954898452e+03
1.651978944954898452e+03
1.695837266913497842e+03
1.695837266913497842e+03
1.695837266913497842e+03
1.682933425145463389e+03
1.512286016888106360e+03
1.501190166891464287e+03
1.497007423956790944e+03
1.501190166891464287e+03
1.492446954782160674e+03
1.483703742672857061e+03
1.516163301220152562e+03
1.516163301220152562e+03
1.521123103786947695e+03
1.535980731897774604e+03
1.700189445764524180e+03
1.700189445764524180e+03
1.700189445764524180e+03
1.638214040524675283e+03
1.638214040524675283e+03
1.755497492628426471e+03
1.755497492628426471e+03
1.711663999373833803e+03
1.711663999373833803e+03
1.711663999373833803e+03
1.711663999373833803e+03
1.716988026815468174e+03
1.716988026815468174e+03
1.716988026815468174e+03
1.817185573504769081e+03
1.784094218317977493e+03
1.751002863131185904e+03
1.817185573504769081e+03
1.905145603705482017e+03
1.905145603705482017e+03
1.905145603705482017e+03
2.071154315966588911e+03
2.085047477943178819e+03
2.098940639919768728e+03
2.284517280969106196e+03
2.301297051824537903e+03
2.331545982722462668e+03
2.480881376191732215e+03
2.480881376191732215e+03
2.700737972042534693e+03
2.700737972042534693e+03
2.818628426627868976e+03
2.700737972042534693e+03
2.818628426627868976e+03
2.855628955689918712e+03
2.882387974967284208e+03
2.909949424733333217e+03
2.937510874499382226e+03
3.278912958808613894e+03
3.278912958808613894e+03
3.056596464728768751e+03
3.056596464728768751e+03
3.056596464728768751e+03
2.991149559513563872e+03
2.925702654298359448e+03
2.629669585148920760e+03
2.588917944951699155e+03
2.320610931175393034e+03
2.306100693163400138e+03
2.320610931175393034e+03
2.409187480532050813e+03
2.497764029888708592e+03
2.612958981528285221e+03
2.678908474350420875e+03
2.942518200428388809e+03
3.088168592063766937e+03
3.193945113881304223e+03
3.252807734582156627e+03
3.252807734582156627e+03
3.252807734582156627e+03
3.364246985509993010e+03
3.549913447260109024e+03
3.865573698831146885e+03
3.865573698831146885e+03
2.885858919132149822e+03
2.885858919132149822e+03
2.885858919132149822e+03
2.300770383618822507e+03
2.300770383618822507e+03
2.079242399847246361e+03
2.025084011255924906e+03
1.995118454162206945e+03
1.965152897068488983e+03
1.925763819735449260e+03
1.898795154616384025e+03
1.849992878837295166e+03
1.849992878837295166e+03
1.921531541259097594e+03
1.922245275515513185e+03
1.922959009771929004e+03
2.057312234153852842e+03
2.230714305183645592e+03
2.308418181676846871e+03
2.367145460360992274e+03
2.367145460360992274e+03
2.421998881461009205e+03
2.476852302561026136e+03
2.537453716005466958e+03
2.476852302561026136e+03
2.451234180280266173e+03
2.359807345409371464e+03
2.246206816148618145e+03
2.235481907509857137e+03
2.224756998871096130e+03
2.154946083629824898e+03
2.146036075700413221e+03
2.134246608231414484e+03
2.076617680928574828e+03
2.070736496248029198e+03
2.070736496248029198e+03
2.070736496248029198e+03
2.070736496248029198e+03
1.996350979070231006e+03
1.996350979070231006e+03
1.996350979070231006e+03
2.002459860393278404e+03
1.989577241863343716e+03
1.976694623333408799e+03
1.965420841056240079e+03
1.929090561097062391e+03
1.927136638026164292e+03
1.905994396819000940e+03
1.839889639546735225e+03
1.839889639546735225e+03
1.839889639546735225e+03
1.851223736367624497e+03
1.851223736367624497e+03
1.833059061767987941e+03
1.822778347304511044e+03
1.833059061767987941e+03
1.811720545068839328e+03
1.790382028369690943e+03
1.809196864231957306e+03
1.809196864231957306e+03
1.815419347525778903e+03
1.824543406204461917e+03
1.880808838123007490e+03
1.866184405917070990e+03
1.851559973711134489e+03
1.867456407062004473e+03
1.851559973711134489e+03
1.867456407062004473e+03
1.809137192337926308e+03
1.881704196857137958e+03
1.919110133244223562e+03
1.956516069631308937e+03
1.977687474144705902e+03
1.978433390872083919e+03
2.004509179911629644e+03
1.978433390872083919e+03
2.027807119055036083e+03
2.060440045900032601e+03
2.093072972745029347e+03
2.132738305780163500e+03
2.097378518940696267e+03
2.097378518940696267e+03
2.071367496662709073e+03
2.071367496662709073e+03
2.022723752236257042e+03
1.974080007809805011e+03
2.003304570917763158e+03
1.971923987369252700e+03
2.003304570917763158e+03
1.938596620753150319e+03
2.015746829749486324e+03
1.985023067661792084e+03
1.954299305574097616e+03
2.011485305318675501e+03
1.954299305574097616e+03
2.011485305318675501e+03
2.062615605969574062e+03
2.085112576156051546e+03
2.140430218274448634e+03
2.195747860392845269e+03
2.392910170501353605e+03
2.590072480609861941e+03
2.590072480609861941e+03
2.238313522504808134e+03
2.238313522504808134e+03
2.239783026515022357e+03
2.241252530525236125e+03
2.241252530525236125e+03
2.241252530525236125e+03
2.316832532936467032e+03
2.316832532936467032e+03
2.316832532936467032e+03
2.329362108740801887e+03
2.341891684545136286e+03
2.354406382116477744e+03
2.727387611601017852e+03
2.786303400328191401e+03
3.061914327977987796e+03
3.295935144388344725e+03
3.395144832028297969e+03
3.494354519668250759e+03
3.518750175716160356e+03
3.497415324144140868e+03
3.503278888041308619e+03
3.503278888041308619e+03
3.509210110887656356e+03
3.509210110887656356e+03
3.259811272591936358e+03
3.249619281859461807e+03
3.249619281859461807e+03
3.306076252755021869e+03
3.312111237459078438e+03
3.355381084095616643e+03
3.312111237459078438e+03
3.346399424795588402e+03
3.346399424795588402e+03
2.613857663420623794e+03
2.613857663420623794e+03
2.540280862199805142e+03
2.301977375320065676e+03
2.301977375320065676e+03
2.301977375320065676e+03
2.301977375320065676e+03
2.126768502021924178e+03
2.126768502021924178e+03
2.083159502334879107e+03
2.020366171846834959e+03
2.020366171846834959e+03
2.020366171846834959e+03
2.020998229153040711e+03
2.020998229153040711e+03
1.989972419509581641e+03
1.962524194311352403e+03
1.989972419509581641e+03
1.956383690796553310e+03
1.922794962083524752e+03
1.922794962083524752e+03
1.922794962083524752e+03
1.997719186770686974e+03
2.008177921392746384e+03
2.101780452857089585e+03
2.073616998694267750e+03
2.045453544531445914e+03
2.045453544531445914e+03
2.015727908567356508e+03
2.015727908567356508e+03
1.965100055577747980e+03
2.044344084895496053e+03
2.033556353801774549e+03
2.022768622708053272e+03
2.022768622708053272e+03
2.022768622708053272e+03
2.028112228883503121e+03
2.028112228883503121e+03
2.057865354895172459e+03
2.046602480647248740e+03
2.035339606399324794e+03
2.035339606399324794e+03
2.035339606399324794e+03
2.038532295046649551e+03
2.038532295046649551e+03
2.038532295046649551e+03
2.012928911923803980e+03
1.987325528800958409e+03
2.058104079457764783e+03
2.018153019487024039e+03
2.058104079457764783e+03
2.120488241313316848e+03
2.181662243370440592e+03
2.181662243370440592e+03
2.181662243370440592e+03
2.205471927625373155e+03
2.205471927625373155e+03
2.205471927625373155e+03
2.202955963450422587e+03
2.202955963450422587e+03
2.198468590582770958e+03
2.193981217715119783e+03
2.185369835791366768e+03
2.155007208823731162e+03
2.074951336756974342e+03
2.074951336756974342e+03
2.158015352649398210e+03
2.158015352649398210e+03
2.158015352649398210e+03
2.084514814197236774e+03
2.084514814197236774e+03
2.116415926804999799e+03
2.148572267209826350e+03
2.161553912581528493e+03
2.161553912581528493e+03
2.161553912581528493e+03
2.079067691981772896e+03
2.079067691981772896e+03
2.187567893796096996e+03
2.187567893796096996e+03
2.127471435639778520e+03
2.127471435639778520e+03
2.127471435639778520e+03
2.205903059653397577e+03
2.239920045194357044e+03
2.262586153122074847e+03
2.278035948925142293e+03
2.302028593284695035e+03
2.291795986852119313e+03
2.281563380419544046e+03
2.281563380419544046e+03
2.198005689035490377e+03
2.198005689035490377e+03
2.193038260203500613e+03
2.078894224968531034e+03
2.067754250769821738e+03
2.056614276571112441e+03
1.958991341134496906e+03
1.958991341134496906e+03
1.986867780939002841e+03
2.115722077882132453e+03
2.169466259887543856e+03
2.169466259887543856e+03
2.169466259887543856e+03
2.136126532422874789e+03
2.073114595083661698e+03
2.136126532422874789e+03
2.235133947078993970e+03
2.241741253626586058e+03
2.238437600352790014e+03
2.235133947078993970e+03
2.184452971608598546e+03
2.184452971608598546e+03
2.238941024603441747e+03
2.266192254763746860e+03
2.351043920475482992e+03
2.341790172351625642e+03
2.332536424227768293e+03
2.380001170500688204e+03
2.332536424227768293e+03
2.380001170500688204e+03
2.470366169336663916e+03
2.470366169336663916e+03
2.438118323668359153e+03
2.405870478000054391e+03
2.319655943189139180e+03
2.319655943189139180e+03
2.366254471293259940e+03
2.366254471293259940e+03
2.366254471293259940e+03
2.365375630474753052e+03
2.364496789656245710e+03
2.364496789656245710e+03
2.330915046969173090e+03
2.330915046969173090e+03
2.231595330182820817e+03
2.339473097257199242e+03
2.257423967360123697e+03
2.175374837463048152e+03
2.216167919267392335e+03
2.191705286462651202e+03
2.216167919267392335e+03
2.191705286462651202e+03
2.224993659533317896e+03
2.194446963760882227e+03
2.163900267988446558e+03
2.163900267988446558e+03
2.163900267988446558e+03
2.270605313620831112e+03
2.270605313620831112e+03
2.292630205399254919e+03
2.267160951638615188e+03
2.241691697877975912e+03
2.279692994909692061e+03
2.279692994909692061e+03
2.284225029733997872e+03
2.284225029733997872e+03
2.284225029733997872e+03
2.212655643264617083e+03
2.141086256795236295e+03
2.137413006697512174e+03
2.071659875731180819e+03
2.137413006697512174e+03
2.110046712807582026e+03
2.216083716512268893e+03
2.216083716512268893e+03
2.216083716512268893e+03
2.216083716512268893e+03
2.007366179166863958e+03
2.007366179166863958e+03
1.887906656276418062e+03
1.889577879343254835e+03
1.888742267809836449e+03
1.887906656276418062e+03
1.886499942014868793e+03
1.835345502352111907e+03
1.762726395091764061e+03
1.673819986560939242e+03
1.634940523595921604e+03
1.574083727097035990e+03
1.513226930598150602e+03
1.593305379599179105e+03
1.593305379599179105e+03
1.818098407104886292e+03
1.818098407104886292e+03
1.815854755666555548e+03
1.815854755666555548e+03
1.815854755666555548e+03
1.858808801168434456e+03
1.858808801168434456e+03
1.858808801168434456e+03
2.043054771505989038e+03
2.122669245887948364e+03
2.122669245887948364e+03
2.122669245887948364e+03
2.122669245887948364e+03
2.268350292520259245e+03
2.269634762823638994e+03
2.269634762823638994e+03
2.269634762823638994e+03
2.305599235946603585e+03
2.341563709069568176e+03
2.345362082574274609e+03
2.465136512207860051e+03
2.755965381039911790e+03
2.758351690207483443e+03
2.758351690207483443e+03
2.780034466594853711e+03
2.915234403875894714e+03
2.915234403875894714e+03
2.890095155375848663e+03
2.710344492617072774e+03
2.598783493212886242e+03
2.340181830795924725e+03
2.242913297014292766e+03
1.890554769336618847e+03
1.825345703280765292e+03
1.825345703280765292e+03
1.825345703280765292e+03
1.419798615972825928e+03
1.419798615972825928e+03
9.949023634923612462e+02
9.949023634923612462e+02
9.949023634923612462e+02
9.880078980634635855e+02
9.377185969052859491e+02
8.433916516229483022e+02
8.433916516229483022e+02
8.819765572394853734e+02
9.205614628560225583e+02
1.045650690375473687e+03
1.185568187432378863e+03
1.224644322264208313e+03
1.185568187432378863e+03
1.176887490747865286e+03
1.176887490747865286e+03
1.176887490747865286e+03
1.255547036667809380e+03
1.259457125185437917e+03
1.440027049046135289e+03
1.476549578031896090e+03
1.609070923016662618e+03
1.680818573326421074e+03
1.752566223636179529e+03
1.885472584032424720e+03
1.954552126635386912e+03
2.103332147404179977e+03
2.128848879434868195e+03
2.204664142456132140e+03
2.198401822583682133e+03
2.192139502711232126e+03
2.192139502711232126e+03
2.138623389239507105e+03
2.066623801801446916e+03
1.973234657532824713e+03
1.928297127977184346e+03
1.901174327830698530e+03
1.874051527684212715e+03
1.874051527684212715e+03
1.885049719860875939e+03
1.895094185261441908e+03
1.885049719860875939e+03
1.822383705632048077e+03
1.798820954224695470e+03
1.775258202817343090e+03
1.800302286703522441e+03
1.800302286703522441e+03
1.806880493848339938e+03
1.806880493848339938e+03
1.785507885217129569e+03
1.784872957748196768e+03
1.784238030279264194e+03
1.714665682257782692e+03
1.682907250073140403e+03
1.621088586059078580e+03
1.618608058261151427e+03
1.602861835477399381e+03
1.587689516921805307e+03
1.572517198366211232e+03
1.572517198366211232e+03
1.521082920394016810e+03
1.491399886867926853e+03
1.483641145736054114e+03
1.399042649213540471e+03
1.399042649213540471e+03
1.399042649213540471e+03
1.399042649213540471e+03
1.348754658958549498e+03
1.343937949475991900e+03
1.338859986848817925e+03
1.268473771704120736e+03
1.264585144363189102e+03
1.260696517022257240e+03
1.268473771704120736e+03
1.277689703632149531e+03
1.302136787685273021e+03
1.398327831856418015e+03
1.555638597557089270e+03
1.555638597557089270e+03
1.555638597557089270e+03
1.482487185557045450e+03
1.482487185557045450e+03
1.493204614196304874e+03
1.493204614196304874e+03
1.542581729521606803e+03
1.556929246189281912e+03
1.571276762856956793e+03
1.571276762856956793e+03
1.546064534591155507e+03
1.546064534591155507e+03
1.533495499484975198e+03
1.533495499484975198e+03
1.519888948622900216e+03
1.506282397760825233e+03
1.488822412505156308e+03
1.482525208545164787e+03
1.482525208545164787e+03
1.467410254297996062e+03
1.494796833084878017e+03
1.481103543691437153e+03
1.467410254297996062e+03
1.621796708090157381e+03
1.522006069517959759e+03
1.621796708090157381e+03
1.522006069517959759e+03
1.611356178791320417e+03
1.611356178791320417e+03
1.611356178791320417e+03
1.786166497534631844e+03
2.276279209964366601e+03
2.276279209964366601e+03
2.269254732050421353e+03
1.932420126861915151e+03
1.927291096996703345e+03
1.922162067131491540e+03
1.932420126861915151e+03
2.083706386126550569e+03
2.271490159123731246e+03
2.407633656042571147e+03
2.436361105004605179e+03
2.419436835785351377e+03
2.419436835785351377e+03
2.360633916296631469e+03
2.360633916296631469e+03
2.504314362280348178e+03
2.518919257201152050e+03
2.521800515848075520e+03
2.522692675037206300e+03
2.522692675037206300e+03
2.522692675037206300e+03
2.609863468782998552e+03
2.866213628582510864e+03
2.866213628582510864e+03
2.866213628582510864e+03
2.866213628582510864e+03
2.220154974787471474e+03
2.220154974787471474e+03
1.675538465954771709e+03
1.675538465954771709e+03
1.614483542543707699e+03
1.756104373220841126e+03
1.685293957882274299e+03
1.614483542543707699e+03
1.549272803058175668e+03
1.549272803058175668e+03
1.657280849430352191e+03
1.657280849430352191e+03
1.657280849430352191e+03
1.625494229018603619e+03
1.593707608606854819e+03
1.611231453535630862e+03
1.593707608606854819e+03
1.574561338205318862e+03
1.519824866784361120e+03
1.574561338205318862e+03
1.609431128948035621e+03
1.644300919690752607e+03
1.694700609712835103e+03
1.694700609712835103e+03
1.622680970433875018e+03
1.599525832857221076e+03
1.622680970433875018e+03
1.657003063301272960e+03
1.691325156168670901e+03
1.757383343428915168e+03
1.776459618804892898e+03
1.869186194057676857e+03
1.873595976514705626e+03
1.919063897091615900e+03
1.945000293615543342e+03
1.970936690139471011e+03
1.970936690139471011e+03
1.824528307046904047e+03
1.824528307046904047e+03
1.813896911460182082e+03
1.838113431975059939e+03
1.826005171717621124e+03
1.813896911460182082e+03
1.826000715682768487e+03
1.762329277813165163e+03
1.766607907196041197e+03
1.715999322965340980e+03
1.766607907196041197e+03
1.737808531328320441e+03
1.709009155460599686e+03
1.781696513962539711e+03
1.781696513962539711e+03
1.781696513962539711e+03
1.780620809165189712e+03
1.780620809165189712e+03
1.771958358677164597e+03
1.763295908189139254e+03
1.869087640177036747e+03
1.869087640177036747e+03
1.942360942465624021e+03
1.942360942465624021e+03
2.044454376844887975e+03
2.006555466647904723e+03
1.968656556450921698e+03
1.982764482137708001e+03
1.968656556450921698e+03
1.982764482137708001e+03
1.968370387191567943e+03
2.021448882412181092e+03
1.984414610221323755e+03
1.947380338030466419e+03
2.036512200543557583e+03
2.036512200543557583e+03
2.128630988794043787e+03
2.128630988794043787e+03
2.128630988794043787e+03
2.111941887119144667e+03
2.095252785444245092e+03
2.230320683925100184e+03
2.230320683925100184e+03
2.347135643452354998e+03
2.347135643452354998e+03
2.398768790841119426e+03
2.385476384893780050e+03
2.372183978946440220e+03
2.372183978946440220e+03
2.360988056589753796e+03
2.350192596572403090e+03
2.333914741824106841e+03
2.333914741824106841e+03
2.378466019141294055e+03
2.423017296458481724e+03
2.437988574088065889e+03
2.437988574088065889e+03
2.504322104653058432e+03
2.504322104653058432e+03
2.605966186493426449e+03
2.605966186493426449e+03
2.605966186493426449e+03
2.712373746399312040e+03
2.712373746399312040e+03
2.705636823011414435e+03
2.695906682156879469e+03
2.705636823011414435e+03
2.727628525572221861e+03
2.749620228133029286e+03
2.795006003373953263e+03
2.749620228133029286e+03
2.828591881572257989e+03
2.779232785504811545e+03
2.972105696802365401e+03
2.962650760335104678e+03
2.953195823867843501e+03
3.128039661164844347e+03
3.007394197016431008e+03
3.156100237936668691e+03
3.007475832868238740e+03
3.160285269394477382e+03
3.201530779233577960e+03
3.242776289072678082e+03
3.242776289072678082e+03
3.148986460352401082e+03
3.148986460352401082e+03
3.068664842312205110e+03
3.267018101206248957e+03
3.290365208763040755e+03
3.313712316319833008e+03
3.323579991299836820e+03
3.323579991299836820e+03
3.349669605116817365e+03
3.290467373773417876e+03
3.349669605116817365e+03
3.391182811155204945e+03
3.432696017193592525e+03
3.432696017193592525e+03
3.425231677107768519e+03
3.425231677107768519e+03
3.258860260612965703e+03
3.549948339395255971e+03
3.510442657505423540e+03
3.470936975615591109e+03
3.470936975615591109e+03
3.434794722133705363e+03
3.434794722133705363e+03
3.434794722133705363e+03
3.460163401671799875e+03
3.426676232681927104e+03
3.393189063692053878e+03
3.497519226963602705e+03
3.497519226963602705e+03
3.708207788542461458e+03
3.708207788542461458e+03
3.708207788542461458e+03
3.660074059702732484e+03
3.611940330863003055e+03
4.006925639501836031e+03
3.779290633053486999e+03
4.085275579735579868e+03
3.823350595742428141e+03
4.085275579735579868e+03
4.242704337569740346e+03
4.400133095403900370e+03
4.470462783361805123e+03
4.400133095403900370e+03
4.340781742617893542e+03
3.944910881142312974e+03
3.893795031291212126e+03
3.893795031291212126e+03
3.893795031291212126e+03
4.354402356145594240e+03
4.354402356145594240e+03
4.014287237812591229e+03
3.358784724315029052e+03
3.164832048977680188e+03
3.103044516824511447e+03
3.041256984671342707e+03
3.041256984671342707e+03
2.902543436592038688e+03
2.902543436592038688e+03
2.902543436592038688e+03
2.805530476306388209e+03
2.731522728630022357e+03
2.657514980953656050e+03
2.657514980953656050e+03
2.927788298984747144e+03
2.941956509323598311e+03
2.927788298984747144e+03
2.125131095948276197e+03
2.074244189675912821e+03
2.023357283403549900e+03
1.881774325689324996e+03
1.874116035268076075e+03
1.881774325689324996e+03
2.025906813429648309e+03
2.257846053481728177e+03
2.341494887147831832e+03
2.425143720813935033e+03
2.887331021251706716e+03
2.887331021251706716e+03
2.887331021251706716e+03
3.009925828907654704e+03
3.070071461341740360e+03
3.121121044442581479e+03
3.172170627543422142e+03
3.215664233251260157e+03
3.172170627543422142e+03
3.162532271299240165e+03
3.059219591809553094e+03
3.055595393256838179e+03
3.006056886320184276e+03
2.956518379383530373e+03
2.956518379383530373e+03
3.043404149659305858e+03
3.181208318280143885e+03
3.181208318280143885e+03
3.178795880901578130e+03
3.155930501250332327e+03
3.133065121599086524e+03
3.133065121599086524e+03
3.291287013031962033e+03
3.424512605766099114e+03
3.474311084420067800e+03
3.524406136337221596e+03
3.524406136337221596e+03
3.524406136337221596e+03
3.477143771391472910e+03
3.370015993467989574e+03
3.370015993467989574e+03
3.428759429297086626e+03
3.494428902510486296e+03
3.546706074491465642e+03
3.598983246472444989e+03
3.646495289414255240e+03
3.648961853625608910e+03
3.827062289418076944e+03
4.012441057329257546e+03
4.284858974804862555e+03
4.458734136069416309e+03
4.761455913563495415e+03
4.761455913563495415e+03
4.839171901721827453e+03
4.839171901721827453e+03
4.736259131708795394e+03
4.736259131708795394e+03
4.687553743812773064e+03
4.408345905554689125e+03
4.249738225135006360e+03
4.140560876922862917e+03
4.140560876922862917e+03
4.140560876922862917e+03
3.994212023956176836e+03
3.994212023956176836e+03
3.994212023956176836e+03
3.994212023956176836e+03
4.213105284242396010e+03
4.213105284242396010e+03
3.962763836578507835e+03
3.902642382019714205e+03
3.680938045941685232e+03
3.459233709863655804e+03
3.447943984328993338e+03
3.252852592228576214e+03
3.210123419461343019e+03
3.178719036171372409e+03
2.968126830726844219e+03
2.958796853052446750e+03
2.949466875378049735e+03
2.968126830726844219e+03
2.970574276619792272e+03
2.970574276619792272e+03
2.859020328143294591e+03
2.859020328143294591e+03
2.840187159505002001e+03
2.821353990866709410e+03
2.804032356527888624e+03
2.795318375300045318e+03
2.770436645406789012e+03
2.680702324824114385e+03
2.680702324824114385e+03
2.662932641626815894e+03
2.645162958429517403e+03
2.645162958429517403e+03
2.645162958429517403e+03
2.605211168542438827e+03
2.605211168542438827e+03
2.495636830667201593e+03
2.478567268511941165e+03
2.461497706356680737e+03
2.495636830667201593e+03
2.422334963557557785e+03
2.397396522858568460e+03
2.367009121279512328e+03
2.397396522858568460e+03
2.352203882313809117e+03
2.307011241769049775e+03
2.431240674484034116e+03
2.307011241769049775e+03
2.442610786966236446e+03
2.398772090525821568e+03
2.442610786966236446e+03
2.496841685528969720e+03
2.551072584091702993e+03
2.561244061791181139e+03
2.580876866835156306e+03
2.699776321048032059e+03
2.699776321048032059e+03
2.701992397758000152e+03
2.822627261502620058e+03
2.943262125247239965e+03
2.943262125247239965e+03
2.921824250633302654e+03
2.908101499729796160e+03
2.842614730655002404e+03
2.908101499729796160e+03
2.932063893970296704e+03
2.956026288210796793e+03
2.956026288210796793e+03
2.879084968822875453e+03
2.876220273534278476e+03
2.828708559511564090e+03
2.828708559511564090e+03
2.891040086386101393e+03
2.953371613260638696e+03
2.970454270891525084e+03
2.970454270891525084e+03
3.145805511460904199e+03
3.145805511460904199e+03
3.138495110575004219e+03
3.062552927688387172e+03
2.986610744801770124e+03
2.968648123576820126e+03
2.961977069100380504e+03
2.920906724748028410e+03
2.961977069100380504e+03
3.089240418082737961e+03
3.089240418082737961e+03
3.089240418082737961e+03
3.022765632017943972e+03
2.994497756036264036e+03
2.994497756036264036e+03
