8.853899840063836564e+02
8.853899840063836564e+02
8.985040190161004148e+02
9.704453473282305822e+02
9.730212748584011706e+02
1.073488147487046490e+03
1.097715781516783181e+03
1.097715781516783181e+03
1.097715781516783181e+03
1.126681451859739582e+03
1.081929172426780042e+03
1.046097324874418746e+03
1.045824683031997893e+03
1.046097324874418746e+03
1.044580805833252725e+03
1.043064286792086932e+03
1.101326548456843057e+03
1.061005401679297165e+03
1.103521609859732735e+03
1.103521609859732735e+03
1.103521609859732735e+03
1.102227786613513672e+03
1.100933963367294609e+03
1.100933963367294609e+03
1.100933963367294609e+03
1.100933963367294609e+03
1.100933963367294609e+03
1.100933963367294609e+03
1.175789698854643120e+03
1.175789698854643120e+03
1.175789698854643120e+03
1.175789698854643120e+03
1.224417582244654795e+03
1.224417582244654795e+03
1.224417582244654795e+03
1.225361541376909599e+03
1.226305500509164403e+03
1.226305500509164403e+03
1.189208755493960098e+03
1.189208755493960098e+03
1.206122710037049956e+03
1.209064419186133136e+03
1.209064419186133136e+03
1.209064419186133136e+03
1.205942452404016876e+03
1.194114044418989351e+03
1.173579139759759755e+03
1.164380468593178193e+03
1.161358484209735934e+03
1.151264126207090158e+03
1.141169768204444154e+03
1.138350757044853026e+03
1.141169768204444154e+03
1.162747829990730907e+03
1.174380274308008893e+03
1.162747829990730907e+03
1.163773072824285464e+03
1.164798315657839794e+03
1.164798315657839794e+03
1.168603245461446249e+03
1.182560947502071940e+03
1.182560947502071940e+03
1.182560947502071940e+03
1.184457230509433430e+03
1.186353513516794919e+03
1.190305376841070483e+03
1.192828522965352704e+03
1.192828522965352704e+03
1.174661420753670882e+03
1.158620004367661295e+03
1.156415100789485678e+03
1.154210197211310287e+03
1.067351872241475121e+03
1.067351872241475121e+03
1.092388741961277219e+03
1.097253075153135114e+03
1.102992198504435692e+03
1.113537226233826004e+03
1.124082253963216090e+03
1.127570049503232894e+03
1.169811613472511681e+03
1.194091553442536224e+03
1.231941955832619215e+03
1.291200688576648190e+03
1.330372427681010549e+03
1.369544166785372909e+03
1.369544166785372909e+03
1.320141712547793077e+03
1.300276661468288694e+03
1.219580460478191981e+03
1.197745365637571695e+03
1.197745365637571695e+03
1.197745365637571695e+03
1.185965841357632598e+03
1.154159362371575753e+03
1.072319723131204228e+03
1.052861940621958638e+03
9.923407572892928101e+02
9.795773446991009905e+02
9.668139321089091709e+02
9.627707953286903830e+02
9.063127099333966044e+02
8.818810433177897039e+02
8.372127868892896458e+02
8.253688017338889722e+02
8.111652245691591361e+02
7.969616474044293000e+02
7.845961907356144138e+02
7.845961907356144138e+02
7.514475546736414344e+02
7.022704406640468733e+02
6.601865651720430606e+02
6.601865651720430606e+02
6.601865651720430606e+02
6.732171047923884544e+02
6.766500723133556221e+02
7.040168317022801148e+02
7.227086140479435699e+02
7.227086140479435699e+02
7.151178267937227702e+02
7.075270395395019705e+02
7.075270395395019705e+02
7.122278399561497508e+02
7.243799255299931019e+02
7.473250570118576661e+02
8.321021156112108201e+02
8.766290322768106762e+02
9.211559489424104186e+02
9.435642559159891789e+02
1.044721368323072511e+03
1.044721368323072511e+03
1.000186503624413945e+03
9.324718752737769591e+02
9.022861809344321955e+02
8.721004865950873182e+02
8.576990381456095065e+02
8.576990381456095065e+02
8.622004132265610679e+02
8.684878934885545050e+02
8.708017058395607819e+02
8.819658661695764295e+02
8.931300264995919633e+02
8.993852665179933865e+02
8.993852665179933865e+02
9.008902666557615930e+02
9.008902666557615930e+02
8.864389428629552867e+02
8.678623004142854143e+02
8.492856579656155418e+02
8.492856579656155418e+02
8.626063717000549786e+02
8.626063717000549786e+02
8.521023638148750479e+02
8.488848017335902796e+02
8.488848017335902796e+02
8.488848017335902796e+02
8.672886646581935111e+02
8.866286415486883925e+02
9.184650333608751680e+02
9.184650333608751680e+02
8.985043427870130017e+02
8.868350737016185121e+02
8.751658046162240225e+02
8.742462203069500219e+02
8.742462203069500219e+02
8.614307882725482841e+02
8.511013377055220417e+02
8.486683005415883372e+02
8.435579037623997465e+02
8.384475069832112695e+02
8.423666602078294545e+02
8.390961251829885441e+02
8.390961251829885441e+02
8.336172504359867617e+02
8.336172504359867617e+02
8.576607352206167434e+02
8.817042200052467251e+02
9.113356056141767567e+02
9.119532091829718183e+02
9.151837761038970029e+02
9.280477038231488223e+02
9.446017702986860058e+02
9.680954579051083329e+02
9.915891455115307735e+02
9.915891455115307735e+02
9.793289752985127734e+02
9.656267465468223463e+02
9.579666950113863777e+02
9.656267465468223463e+02
9.765774865363475783e+02
9.875282265258728103e+02
9.885001511875951792e+02
9.904256007841805740e+02
9.904256007841805740e+02
9.789148283222664304e+02
9.745504852522166175e+02
9.745504852522166175e+02
9.745504852522166175e+02
9.556816546670576145e+02
9.525862298319224237e+02
9.556816546670576145e+02
9.498986916553935771e+02
9.297183070441395785e+02
9.297183070441395785e+02
9.297183070441395785e+02
9.402374968018019672e+02
9.419361067459103651e+02
9.510923083980669617e+02
9.591630192917720024e+02
9.647456155808059748e+02
9.818418617347491590e+02
9.989381078886923433e+02
9.989381078886923433e+02
9.989381078886923433e+02
1.025355871242360308e+03
1.035973047527082826e+03
1.035973047527082826e+03
1.036480410573844438e+03
1.036987773620605822e+03
1.033338651958217042e+03
1.036987773620605822e+03
1.046902002126942989e+03
1.046902002126942989e+03
1.046902002126942989e+03
1.055489196895816576e+03
1.064076391664690163e+03
1.076961334703822558e+03
1.064076391664690163e+03
1.060884959935762936e+03
1.033380772364681661e+03
1.033380772364681661e+03
1.042688068789763747e+03
1.051995365214845833e+03
1.058012907251270008e+03
1.051995365214845833e+03
1.027220356861104847e+03
1.015340724712972815e+03
1.015340724712972815e+03
1.020671272110064592e+03
1.026001819507156370e+03
1.031480124990479680e+03
1.039266085840279175e+03
1.039266085840279175e+03
1.039017332947008981e+03
1.039017332947008981e+03
1.053085057087175073e+03
1.067152781227341166e+03
1.067152781227341166e+03
1.067152781227341166e+03
1.069974829394118160e+03
1.069974829394118160e+03
1.075650553238861903e+03
1.078881886117540034e+03
1.082113218996218393e+03
1.082591169565993596e+03
1.082113218996218393e+03
1.061872636553918937e+03
1.061872636553918937e+03
1.050529251565488039e+03
1.050870049285232653e+03
1.051210847004977495e+03
1.051210847004977495e+03
1.051210847004977495e+03
1.049548723324889806e+03
1.044365874411274717e+03
1.044365874411274717e+03
1.063551528978587612e+03
1.063551528978587612e+03
1.039744939178987806e+03
1.030091526966163201e+03
1.029521725998527927e+03
1.029521725998527927e+03
1.034232679594439105e+03
1.066770469989354297e+03
1.131068587385713045e+03
1.109734634673415030e+03
1.109734634673415030e+03
1.109734634673415030e+03
1.125155131866854390e+03
1.125155131866854390e+03
1.125155131866854390e+03
1.125155131866854390e+03
1.125155131866854390e+03
1.122877953103851041e+03
1.080161297685073123e+03
1.069659299072393424e+03
1.069659299072393424e+03
1.071101457367253715e+03
1.072543615662113780e+03
1.072653033252458954e+03
1.072653033252458954e+03
1.057511754480863601e+03
1.042339478777422300e+03
1.042339478777422300e+03
1.042339478777422300e+03
1.042339478777422300e+03
1.025909754683524852e+03
1.021943695820275252e+03
1.021943695820275252e+03
1.000203904565398375e+03
1.021111336001991845e+03
1.021111336001991845e+03
1.021111336001991845e+03
1.038533568843324247e+03
1.052072195185663759e+03
1.052072195185663759e+03
1.061028518813560595e+03
1.082160967988446600e+03
1.084693085779957528e+03
1.087225203571468455e+03
1.082160967988446600e+03
1.074365052883894350e+03
1.068995115580457423e+03
1.074365052883894350e+03
1.063163204487442727e+03
1.063163204487442727e+03
1.063163204487442727e+03
1.044124764949183373e+03
1.042337755938596501e+03
1.041991571020986839e+03
1.041991571020986839e+03
1.058140966244171977e+03
1.066550750172604239e+03
1.074960534101036501e+03
1.074960534101036501e+03
1.068009629487604570e+03
1.051936219792243492e+03
1.044294994681596108e+03
1.050360863489622034e+03
1.050360863489622034e+03
1.050360863489622034e+03
1.050360863489622034e+03
1.046411560374329156e+03
1.044780207867351919e+03
1.044780207867351919e+03
1.041153384416155632e+03
1.041153384416155632e+03
1.041153384416155632e+03
1.031583193802581491e+03
1.020489568039436222e+03
1.011061089394078749e+03
1.001335249158151214e+03
9.825501160266602483e+02
9.825501160266602483e+02
9.825501160266602483e+02
9.825501160266602483e+02
9.677953620901713521e+02
9.677953620901713521e+02
9.810612073995096125e+02
9.883534083573485987e+02
9.956402092745395294e+02
1.002927010191730574e+03
1.002927010191730574e+03
9.959134097189744352e+02
9.748448643545575578e+02
9.748448643545575578e+02
9.769269823142134328e+02
9.769269823142134328e+02
9.769269823142134328e+02
9.674190936488344050e+02
9.674190936488344050e+02
9.680766490814989993e+02
9.797874075582927844e+02
9.886557357450556083e+02
9.886557357450556083e+02
9.944457959137259877e+02
9.944457959137259877e+02
9.944457959137259877e+02
9.860627553552534437e+02
9.860627553552534437e+02
9.875011595001595879e+02
9.875414433878128193e+02
9.875817272754660507e+02
9.875011595001595879e+02
9.588242502179084568e+02
9.426082836489108558e+02
9.426082836489108558e+02
9.706933903136043682e+02
9.706933903136043682e+02
9.706933903136043682e+02
9.631276196791344546e+02
9.301646714627813708e+02
8.973683171716016886e+02
8.907446237622610852e+02
8.909135175074075050e+02
8.909135175074075050e+02
8.909135175074075050e+02
8.909135175074075050e+02
8.702118266628147012e+02
8.702118266628147012e+02
9.018863943169503727e+02
9.710527337475156173e+02
9.710527337475156173e+02
9.710527337475156173e+02
9.483389299556575907e+02
9.131179698896344235e+02
9.344560008271720335e+02
9.274640883888820326e+02
9.344560008271720335e+02
9.370275381072005985e+02
9.395990753872291634e+02
9.409400456225072276e+02
9.395990753872291634e+02
9.075321051473124498e+02
9.075321051473124498e+02
9.098210540470380465e+02
9.098210540470380465e+02
9.098210540470380465e+02
9.098210540470380465e+02
9.876471346410813794e+02
9.876471346410813794e+02
9.876471346410813794e+02
9.876471346410813794e+02
9.238743714158999865e+02
9.238743714158999865e+02
9.141172270616782498e+02
9.000051372253008140e+02
8.370784476396415812e+02
8.281191891407137291e+02
8.204880504955378910e+02
8.124278559390853616e+02
8.043676613826328321e+02
8.043676613826328321e+02
8.043676613826328321e+02
8.013101731587796621e+02
8.147150295605293877e+02
8.174105540390844453e+02
8.174105540390844453e+02
8.174105540390844453e+02
8.096298738858946535e+02
7.441420143767707032e+02
6.859606198553578906e+02
6.495691070481689167e+02
6.351996662150055499e+02
6.309502821988540973e+02
6.267008981827026446e+02
6.131809949275755116e+02
6.062498712105594905e+02
5.942749583018605790e+02
5.655767135378093826e+02
5.619224333716822457e+02
5.637495734547458142e+02
5.655767135378093826e+02
5.736626296815443311e+02
5.736626296815443311e+02
5.736626296815443311e+02
6.023151532455267443e+02
6.072543518063991996e+02
6.047847525259629720e+02
6.023151532455267443e+02
5.594565819478606272e+02
5.485702327896817678e+02
4.917824209301826954e+02
4.911155497557054446e+02
4.625039384067504216e+02
4.625039384067504216e+02
4.625039384067504216e+02
4.816822574843675966e+02
4.819237434220452769e+02
4.819237434220452769e+02
4.780322387215225604e+02
4.780322387215225604e+02
4.878237629357042806e+02
4.976152871498859440e+02
5.577491094184213125e+02
5.789786781732984764e+02
5.789786781732984764e+02
5.750808056187012198e+02
5.750808056187012198e+02
5.833080385339002305e+02
5.915352714490992412e+02
6.207886349144609994e+02
6.260371915308232929e+02
6.275326215010828719e+02
6.735076030194413761e+02
7.050852390447626021e+02
7.323966653819102248e+02
7.597080917190578475e+02
7.988027836043145271e+02
7.988027836043145271e+02
7.685645016040310793e+02
7.685645016040310793e+02
7.685645016040310793e+02
7.671552841183183773e+02
7.657460666326057890e+02
7.561145198839642489e+02
7.581687666166443478e+02
7.561145198839642489e+02
7.522556652826935988e+02
6.983477273763521680e+02
6.924781433992670827e+02
6.866085594221819974e+02
6.831975099793328354e+02
6.827952496673963196e+02
6.801095496117577568e+02
5.878313762925356514e+02
5.631411809458471680e+02
5.631411809458471680e+02
5.631411809458471680e+02
5.493253491411142022e+02
5.440835969063383573e+02
5.072057348542236923e+02
4.814726796552037058e+02
4.766252594284516135e+02
4.784046018500550872e+02
4.801839442716585609e+02
4.801839442716585609e+02
4.817978333294719846e+02
4.929018146897616930e+02
5.160088101834870713e+02
5.160088101834870713e+02
5.017599545956298925e+02
4.875110990077727138e+02
4.733852385273145842e+02
4.628577051627157175e+02
4.628577051627157175e+02
4.668261552623705484e+02
4.939965807373108078e+02
4.957011573511805409e+02
4.974057339650502740e+02
5.012748190240533859e+02
5.126562947644007409e+02
5.257633879587124284e+02
5.257633879587124284e+02
5.236124542787989640e+02
5.094104504697833136e+02
4.952084466607676632e+02
4.952084466607676632e+02
5.043333228531661803e+02
5.043333228531661803e+02
5.043333228531661803e+02
5.091722819189382108e+02
5.091722819189382108e+02
5.091722819189382108e+02
4.864404215010559938e+02
4.767364629402687228e+02
4.629276422840520695e+02
4.605379290837532835e+02
4.453433964053696172e+02
4.424755724955019787e+02
4.396077485856343969e+02
4.365686546764669629e+02
4.365686546764669629e+02
4.769029038410773182e+02
4.769029038410773182e+02
4.769029038410773182e+02
4.804455739259568645e+02
4.839882440108364676e+02
4.839882440108364676e+02
4.796494688402192992e+02
4.796494688402192992e+02
4.730080676061555778e+02
4.800451094368327745e+02
4.831044333286795904e+02
4.861637572205264064e+02
5.349572241665553065e+02
5.349572241665553065e+02
4.757397379462775007e+02
4.757397379462775007e+02
4.757397379462775007e+02
4.743031728982508639e+02
4.728666078502242271e+02
4.728666078502242271e+02
4.728666078502242271e+02
4.545314210701804996e+02
4.545314210701804996e+02
4.536226968984137216e+02
4.611616986274917167e+02
4.687007003565697119e+02
4.687007003565697119e+02
4.928393477237527804e+02
5.195335651499937057e+02
5.228094007943777797e+02
5.195335651499937057e+02
5.119310856636271865e+02
5.043286061772607241e+02
5.043286061772607241e+02
5.476700861006951300e+02
5.602256472329048620e+02
5.602256472329048620e+02
5.602256472329048620e+02
5.816689303279549677e+02
6.031122134230050733e+02
6.301391674503720424e+02
6.416294584966724415e+02
6.416294584966724415e+02
6.559032620842988308e+02
6.175937898031241957e+02
6.175937898031241957e+02
6.175937898031241957e+02
6.027627037255942923e+02
6.014196203436243877e+02
5.944162195743386974e+02
5.944162195743386974e+02
5.944162195743386974e+02
5.954298857020401101e+02
5.954298857020401101e+02
5.954298857020401101e+02
5.950383317493480035e+02
5.905358479740847315e+02
5.950383317493480035e+02
6.398689786531623440e+02
6.398689786531623440e+02
6.398689786531623440e+02
6.257454154177735290e+02
6.217830313758258853e+02
6.053716985859641682e+02
6.053716985859641682e+02
6.278334078878751825e+02
6.345163592557414631e+02
6.411993106236076301e+02
6.438010374581425594e+02
6.530263106201507526e+02
6.530263106201507526e+02
6.337527308175190228e+02
6.332207069699246631e+02
6.295964239344405087e+02
6.259721408989562406e+02
6.015495113111090859e+02
5.934406802111113848e+02
5.934406802111113848e+02
6.010710804957752771e+02
6.106984899125912989e+02
6.106984899125912989e+02
6.106984899125912989e+02
5.895619463509577827e+02
5.735042043387757076e+02
5.735042043387757076e+02
5.735042043387757076e+02
5.892520964135411532e+02
5.589819906938117811e+02
5.589819906938117811e+02
5.589819906938117811e+02
5.932048526505151358e+02
5.932048526505151358e+02
5.733212929687283577e+02
5.932048526505151358e+02
5.937470079571384076e+02
5.942891632637616794e+02
5.942891632637616794e+02
5.942808086185082175e+02
5.876262742828271257e+02
5.876262742828271257e+02
5.984505721141814547e+02
5.984505721141814547e+02
5.984505721141814547e+02
5.930586874127607189e+02
5.693826193841564418e+02
5.801742457755764235e+02
5.693826193841564418e+02
5.801742457755764235e+02
5.777486852499534962e+02
5.753231247243306825e+02
5.753231247243306825e+02
5.648659779607030487e+02
5.441994967112874519e+02
5.352161325752198309e+02
5.329362218799969924e+02
5.309227886249045696e+02
5.289093553698122605e+02
5.289093553698122605e+02
5.326266868534579544e+02
5.386133426220053479e+02
5.555272794128650276e+02
5.555272794128650276e+02
5.559838835040538925e+02
5.564404875952428711e+02
5.564404875952428711e+02
5.626713629985608804e+02
5.721825494638393366e+02
5.721825494638393366e+02
5.919161259391698877e+02
5.926473687818336202e+02
5.933786116244974664e+02
5.933786116244974664e+02
5.842376945353236124e+02
5.838066216065138860e+02
5.642459463772875097e+02
5.642459463772875097e+02
5.578735505227000431e+02
5.515011546681126902e+02
5.631015119185390176e+02
5.515011546681126902e+02
5.470900961641528966e+02
5.464252946299458245e+02
5.464252946299458245e+02
5.550867569372660455e+02
5.637482192445863802e+02
5.728706838995071848e+02
5.637482192445863802e+02
5.622729301802999089e+02
5.481554761188698421e+02
5.481554761188698421e+02
5.481554761188698421e+02
5.481554761188698421e+02
5.395741114867294073e+02
5.349674429077714422e+02
5.338944750271043631e+02
5.322703581219285525e+02
5.338944750271043631e+02
5.395518212154747744e+02
5.452091674038452993e+02
5.452091674038452993e+02
5.378727579153097622e+02
5.104594316880151723e+02
5.098668457106678034e+02
4.993797895785784249e+02
4.993797895785784249e+02
4.993797895785784249e+02
5.018292503857435918e+02
5.018292503857435918e+02
5.042568130033881175e+02
5.042568130033881175e+02
5.092372723493629678e+02
5.092372723493629678e+02
5.092372723493629678e+02
5.032140020524763031e+02
4.883908304857420148e+02
4.829429612258143152e+02
4.829429612258143152e+02
4.885358214318015939e+02
4.888919540054296249e+02
4.892480865790577127e+02
4.892480865790577127e+02
4.926956693158732605e+02
4.713609719737950741e+02
4.735833267716601540e+02
4.735833267716601540e+02
4.811162051539018876e+02
4.886490835361436211e+02
5.175434021666874287e+02
5.464377207972313499e+02
5.489845057536563218e+02
5.609170653195923251e+02
5.489845057536563218e+02
5.478446550843827936e+02
5.467048044151091517e+02
5.308881660303629815e+02
5.216276461845811809e+02
4.662781121845711141e+02
4.662781121845711141e+02
4.681635079066936100e+02
4.681635079066936100e+02
4.681635079066936100e+02
4.592626079187364780e+02
4.576377830979931787e+02
4.475819043752204038e+02
4.475819043752204038e+02
4.509834658759260719e+02
4.509834658759260719e+02
4.509834658759260719e+02
4.483211713289692284e+02
4.442048031732759341e+02
4.386065472479165805e+02
4.386065472479165805e+02
4.445441249023705836e+02
4.606424405739704753e+02
4.606424405739704753e+02
4.598754358339180044e+02
4.547165681826394916e+02
4.598754358339180044e+02
4.661301584926740134e+02
4.661301584926740134e+02
4.687389940502926038e+02
5.641908351409979332e+02
5.641908351409979332e+02
5.641908351409979332e+02
5.641908351409979332e+02
4.736092994317722855e+02
4.736092994317722855e+02
4.756103332898781559e+02
4.776113671479840264e+02
5.014199278055784248e+02
5.055527122723218554e+02
5.055527122723218554e+02
4.857417208904653876e+02
4.850399124303011718e+02
4.801352372801403590e+02
4.752305621299794893e+02
4.850399124303011718e+02
4.825252739987377026e+02
4.825252739987377026e+02
4.671026290910975263e+02
4.667965697758256738e+02
4.623861318213635059e+02
4.579756938669012811e+02
4.516000964763944694e+02
4.516000964763944694e+02
4.759859637242627741e+02
4.915037679543160039e+02
5.093062962738003989e+02
5.141509000199223465e+02
5.189955037660442940e+02
5.189955037660442940e+02
5.189955037660442940e+02
4.962224951857227779e+02
4.962224951857227779e+02
4.990180405233220995e+02
4.997813973356596193e+02
5.005447541479971392e+02
5.177876157483556199e+02
5.251964200595829197e+02
5.251964200595829197e+02
5.113287423141804879e+02
5.113287423141804879e+02
5.221001924940400158e+02
5.328716426738994869e+02
5.341068366494147313e+02
5.428609057200234247e+02
5.537314952573278788e+02
5.629558639880510782e+02
5.629558639880510782e+02
5.710052157669191502e+02
5.790545675457872221e+02
5.790545675457872221e+02
5.876200373335377662e+02
5.895691825119334908e+02
5.895691825119334908e+02
5.920143824692319185e+02
6.468969926133236186e+02
7.017796027574152049e+02
7.385843938457553577e+02
7.605379797890723239e+02
7.605379797890723239e+02
7.101024579024413015e+02
7.101024579024413015e+02
7.540096857315941179e+02
7.979169135607470480e+02
9.004120523649897905e+02
9.176043944773836074e+02
9.176043944773836074e+02
9.084709744417851880e+02
9.009156346304559975e+02
8.761999860720906099e+02
8.514843375137252224e+02
8.448617336755667111e+02
8.188489979837722785e+02
8.153526104003321961e+02
7.939393679506677017e+02
7.064343331709960694e+02
6.631564677562143970e+02
6.198786023414328383e+02
6.198786023414328383e+02
6.378166885527983823e+02
6.378166885527983823e+02
6.343179322861424225e+02
6.322361316461331171e+02
6.322361316461331171e+02
6.322361316461331171e+02
6.392877309579920393e+02
7.106113546843365611e+02
7.106113546843365611e+02
6.930301355421364633e+02
6.614301898826295201e+02
6.482095300804403450e+02
6.349888702782510563e+02
6.297570371404068510e+02
6.267504914827957236e+02
5.910875626725754728e+02
5.671087354361679900e+02
5.408373215636481746e+02
5.195288499876448896e+02
4.982203784116414909e+02
4.604250600810260039e+02
4.438177202568364805e+02
4.374014571572654404e+02
4.374014571572654404e+02
4.467597463776900781e+02
4.467597463776900781e+02
4.467597463776900781e+02
4.639727034000607091e+02
4.687470038941714847e+02
4.687470038941714847e+02
4.589576345194286091e+02
4.536220119992324840e+02
4.437967702527665779e+02
4.339715285063007286e+02
4.317182341180353546e+02
4.339715285063007286e+02
4.524146503232827854e+02
4.669368845958205725e+02
4.669368845958205725e+02
4.659162804985347748e+02
4.648956764012489771e+02
4.584550315215344085e+02
4.344919036444997005e+02
4.046885281998909818e+02
4.002562033006336719e+02
3.914943416569395822e+02
3.784299970430366784e+02
3.653656524291337746e+02
3.546628215072051944e+02
3.355622354848138684e+02
3.247297415562417768e+02
3.110828285408311444e+02
3.082343116775373346e+02
3.075796899850856789e+02
3.069250682926340232e+02
3.069250682926340232e+02
3.125889203430517682e+02
3.168614465479153637e+02
3.168614465479153637e+02
3.144317690484760419e+02
3.144317690484760419e+02
3.144317690484760419e+02
3.169784848408143034e+02
3.210835187203813348e+02
3.286270781982469771e+02
3.455683942811933207e+02
3.465156291252720848e+02
3.460420117032326743e+02
3.455683942811933207e+02
3.309181291050322784e+02
3.060428050177534374e+02
2.923036182025733751e+02
2.919373985700115099e+02
2.919373985700115099e+02
2.924636362711283937e+02
2.929898739722452206e+02
2.929898739722452206e+02
2.965045927371625112e+02
3.107860222813188216e+02
3.243176583068278092e+02
3.243176583068278092e+02
3.222161068669479391e+02
3.201145554270681259e+02
3.201145554270681259e+02
3.273768813337078996e+02
3.273768813337078996e+02
3.273768813337078996e+02
3.305448506797530399e+02
3.305448506797530399e+02
3.305448506797530399e+02
3.246671815072062941e+02
3.213700645472939073e+02
3.213700645472939073e+02
3.213700645472939073e+02
3.254027016608079066e+02
3.254027016608079066e+02
3.254027016608079066e+02
3.268515094408077175e+02
3.421106024434197934e+02
3.752217666610933975e+02
3.752217666610933975e+02
3.876565813598793966e+02
3.876565813598793966e+02
3.876565813598793966e+02
3.883733136071596164e+02
3.949848857167777965e+02
3.953731831333281548e+02
3.954971220878140912e+02
4.179330194486811365e+02
4.293438815481182473e+02
4.407547436475553013e+02
4.407547436475553013e+02
4.227348348823867923e+02
4.059373786276285045e+02
3.997801887317313003e+02
3.895672216268325201e+02
3.895672216268325201e+02
3.895672216268325201e+02
3.917182927845175868e+02
3.917182927845175868e+02
3.999732680019567965e+02
3.942859417604124133e+02
3.954054427703178476e+02
3.948456922653651304e+02
3.942859417604124133e+02
3.954054427703178476e+02
4.167216605604339179e+02
4.167216605604339179e+02
4.141467718906561686e+02
4.141467718906561686e+02
4.179152971949260973e+02
4.216838224991960260e+02
4.351970080610636842e+02
4.351970080610636842e+02
4.319780450874970938e+02
4.253372430817860277e+02
4.213473952878410955e+02
4.213473952878410955e+02
4.354709279851156793e+02
4.440639049736416268e+02
4.526203778654613075e+02
4.867893955994309181e+02
4.867893955994309181e+02
4.867893955994309181e+02
4.867893955994309181e+02
4.867893955994309181e+02
4.766352942772675192e+02
4.633250477217795833e+02
4.594719775363529948e+02
4.425723826418791873e+02
4.425723826418791873e+02
4.456735586044560478e+02
4.487747345670329082e+02
4.487747345670329082e+02
4.391380909842841902e+02
4.264000319307270956e+02
4.162365465439564787e+02
4.115074606432017390e+02
4.115074606432017390e+02
4.115074606432017390e+02
4.047946278874374002e+02
4.047946278874374002e+02
4.031149687119308851e+02
4.092561488261616773e+02
4.098222135359400227e+02
4.139065474944173957e+02
4.179908814528948255e+02
4.179908814528948255e+02
4.107523586785375755e+02
4.091526720611983023e+02
4.091526720611983023e+02
4.212334051193446953e+02
4.317189438694565524e+02
4.422044826195684095e+02
4.424971656866064791e+02
4.452601401634126432e+02
4.524645426961271255e+02
4.544844092294432016e+02
4.549559312926916732e+02
4.574058537984236636e+02
4.598557763041557109e+02
4.598557763041557109e+02
4.652751106251919850e+02
4.663869816317031791e+02
4.663869816317031791e+02
4.659797564281225277e+02
4.659797564281225277e+02
4.659797564281225277e+02
4.661612531968228268e+02
4.673189259592368785e+02
4.693427058620137586e+02
4.695209406529236276e+02
4.730063200618164956e+02
4.749712498753173122e+02
4.769361796888180720e+02
4.794141865003909970e+02
4.842483924898808141e+02
4.913032064421335008e+02
4.937971052694584273e+02
4.962654918044073611e+02
4.964475675370656518e+02
4.966296432697239993e+02
5.136202043870310945e+02
5.173224957432727251e+02
5.198824160286861797e+02
5.247715571711513576e+02
5.289745180514811409e+02
5.358343559558074958e+02
5.426941938601339643e+02
5.517526602019573829e+02
5.580144300539997175e+02
5.580144300539997175e+02
5.580144300539997175e+02
5.583380486639858873e+02
5.622982221559582285e+02
5.662583956479306835e+02
5.672752354911737029e+02
5.698799953529144204e+02
6.042390017560302340e+02
6.046285331678096782e+02
6.384235309410875061e+02
6.436324053343403193e+02
6.488412797275931325e+02
6.938823874681495454e+02
6.963423721048063726e+02
6.963423721048063726e+02
6.963423721048063726e+02
7.078050593566848647e+02
7.078050593566848647e+02
7.078050593566848647e+02
7.065160330490467686e+02
6.983403814967477956e+02
6.951303378822346986e+02
6.880657581030927759e+02
6.859774807009385995e+02
6.852042493411679516e+02
6.844310179813973036e+02
6.748964099096407381e+02
6.528885009625163320e+02
6.528013591016190276e+02
6.528013591016190276e+02
6.619141307777583734e+02
6.651187332693625649e+02
6.683233357609666427e+02
6.717376917147657878e+02
6.977546731833966760e+02
7.083991539514979650e+02
7.172720768172512180e+02
7.223404284541201150e+02
7.255736848114390796e+02
7.288069411687579304e+02
7.223404284541201150e+02
7.274096824304331221e+02
7.324789364067461293e+02
7.453970790832102011e+02
7.745548098112716389e+02
7.951464749874996869e+02
8.157381401637277349e+02
8.765994336887330292e+02
8.765994336887330292e+02
8.579551790895156955e+02
8.579551790895156955e+02
8.511616040541150596e+02
8.490793327469936003e+02
8.469970614398721409e+02
8.352428254119580515e+02
8.306172465756952761e+02
8.044663954593268045e+02
8.044663954593268045e+02
8.241071667884928047e+02
8.252226970920073654e+02
8.263382273955218125e+02
8.424809253849479092e+02
8.522263385986412914e+02
8.522263385986412914e+02
8.522263385986412914e+02
8.522263385986412914e+02
8.627400526010203521e+02
8.627400526010203521e+02
8.627400526010203521e+02
8.459312790812969070e+02
8.379485519656279848e+02
8.379485519656279848e+02
8.379485519656279848e+02
8.405244307466748523e+02
8.431003095277216062e+02
8.431003095277216062e+02
8.433972062307475426e+02
8.426668266122273963e+02
8.433972062307475426e+02
8.426668266122273963e+02
8.415738402525098536e+02
8.404808538927924246e+02
8.404808538927924246e+02
8.617477105166746014e+02
8.736271100218281163e+02
9.099300589845057630e+02
9.252501775876552301e+02
9.258090549306298271e+02
9.263679322736044242e+02
9.918185637214392045e+02
9.946353964698267873e+02
1.007513387004183983e+03
1.050714960674335089e+03
1.104864107069452302e+03
1.141051582040315225e+03
1.177239057011178375e+03
1.245266081462333204e+03
1.417947444430917358e+03
1.417947444430917358e+03
1.366648758501091379e+03
1.347390959845276711e+03
1.244587457811161130e+03
1.141783955777045549e+03
1.048753410768869117e+03
1.045909971545055441e+03
9.980297707997519865e+02
9.253939384162398483e+02
9.163469045090573672e+02
9.163469045090573672e+02
9.163469045090573672e+02
1.004333331470975622e+03
1.032961019999400378e+03
1.032961019999400378e+03
1.004395434888068394e+03
9.972615187087003505e+02
9.716922178719183876e+02
9.461229170351364246e+02
9.446230858043711578e+02
9.203322923735913719e+02
8.763836195905254272e+02
8.521479799148279426e+02
8.521479799148279426e+02
8.521896554556350338e+02
8.522313309964421251e+02
8.576306726143469632e+02
9.192496046533400431e+02
9.227802951603412112e+02
9.855297678233741863e+02
1.005511246911964008e+03
1.026184376167362643e+03
1.046857505422761051e+03
1.046857505422761051e+03
1.002931292908087585e+03
9.428566477817747682e+02
9.428566477817747682e+02
9.744683283067976163e+02
9.745231892876392976e+02
9.745780502684809790e+02
9.744683283067976163e+02
9.335473623838183812e+02
8.931330735895265889e+02
8.261241385238096200e+02
8.261241385238096200e+02
8.325813827167560248e+02
8.390386269097024297e+02
8.464979135143790927e+02
8.464979135143790927e+02
8.577991175005309969e+02
8.849320739271838647e+02
9.368052150303240069e+02
9.441856862432980506e+02
9.515661574562719807e+02
9.515661574562719807e+02
9.106980916690791901e+02
8.691593433199648189e+02
8.306290786913109514e+02
7.832582602339650748e+02
7.816395952665043296e+02
7.800209302990434708e+02
7.535579844277725670e+02
7.351688990237930739e+02
7.351688990237930739e+02
7.605936673054010271e+02
7.739387960967432036e+02
7.841575273165225326e+02
7.943762585363018616e+02
7.943762585363018616e+02
7.841386867913698779e+02
7.660102628038175681e+02
7.250192393890503126e+02
7.225817158400644757e+02
7.225817158400644757e+02
7.225817158400644757e+02
7.188724780792480260e+02
6.883706897694088411e+02
6.883706897694088411e+02
7.042081522881717319e+02
7.298380015201407787e+02
7.298380015201407787e+02
7.298380015201407787e+02
7.245486396766680173e+02
7.073623251486674235e+02
6.838391174397896748e+02
6.721175708597726270e+02
6.558403874719825808e+02
6.237355627762549375e+02
5.916307380805272942e+02
5.884028463882782489e+02
5.802742376054771967e+02
5.602422440489843893e+02
5.276975507142432207e+02
5.276975507142432207e+02
5.705621683372445432e+02
5.760667368234778678e+02
5.706216824578948490e+02
5.706216824578948490e+02
5.662457657590102826e+02
5.540018012182905522e+02
5.399194896671640436e+02
5.178984211732184804e+02
4.958773526792729172e+02
4.743388699551612149e+02
4.743388699551612149e+02
4.959803000767665822e+02
5.061522958921304962e+02
5.420640274945823194e+02
5.532877859432105652e+02
5.645115443918389246e+02
5.693750531520300910e+02
5.693750531520300910e+02
5.719168529378583798e+02
5.816979829473119707e+02
6.016162388165951143e+02
6.016162388165951143e+02
5.810401490097096939e+02
5.785951179392627637e+02
5.785951179392627637e+02
6.142863419757794645e+02
6.142863419757794645e+02
6.116647739851204051e+02
5.847714502936538565e+02
5.578781266021873080e+02
5.445174438134290540e+02
5.417614623198779782e+02
5.417614623198779782e+02
5.426466032844027723e+02
5.439531732770388999e+02
5.556185990775339860e+02
5.672840248780290722e+02
5.686326597459833465e+02
5.686326597459833465e+02
5.686326597459833465e+02
5.873092682870914132e+02
5.928156207625678462e+02
5.987985742077560190e+02
6.047815276529440780e+02
6.511558646142854059e+02
6.797337342511796123e+02
6.797337342511796123e+02
6.797337342511796123e+02
6.955138274518341177e+02
6.958606486858770950e+02
6.962074699199201859e+02
6.962074699199201859e+02
6.858377497840015167e+02
6.798895779035659643e+02
6.858377497840015167e+02
7.352351223801101696e+02
7.497199177818769158e+02
7.642047131836436620e+02
7.997298888757512714e+02
8.477679514772971743e+02
8.550976897336918228e+02
8.550976897336918228e+02
8.631344506702004082e+02
8.437649075968968191e+02
8.243953645235933436e+02
8.243953645235933436e+02
8.078922860047150607e+02
8.044601063046372929e+02
8.023049119020485023e+02
8.023049119020485023e+02
8.415314537925987679e+02
8.807579956831489199e+02
8.856281712912443709e+02
8.906524234953523091e+02
8.973582818409755646e+02
9.010122759130643999e+02
9.010122759130643999e+02
8.995623609251697417e+02
8.981124459372749698e+02
8.981124459372749698e+02
8.981124459372749698e+02
8.626591967558517808e+02
8.595496729499420780e+02
8.626591967558517808e+02
8.644993931931146562e+02
8.663395896303776453e+02
8.947142282567145912e+02
8.963641302038848835e+02
9.064465452615515915e+02
9.249945106597195945e+02
9.317343057220936089e+02
9.317343057220936089e+02
9.317343057220936089e+02
9.317343057220936089e+02
9.487634488659764429e+02
9.497155725609476349e+02
9.602020525120774437e+02
9.655613815106976290e+02
9.655613815106976290e+02
9.655613815106976290e+02
9.655613815106976290e+02
9.722211395072143887e+02
9.791513076527713793e+02
9.759124297350748520e+02
9.791513076527713793e+02
9.759124297350748520e+02
9.707022891320024200e+02
9.707022891320024200e+02
9.845919655519408025e+02
9.845919655519408025e+02
9.758178386864767617e+02
9.758178386864767617e+02
9.867491512709119661e+02
9.989595098832368194e+02
9.867491512709119661e+02
9.898526316181657876e+02
9.831984047985409916e+02
9.608388053102852382e+02
9.608388053102852382e+02
9.635610590057527816e+02
9.655634909948860241e+02
9.635610590057527816e+02
9.655634909948860241e+02
9.655634909948860241e+02
9.655634909948860241e+02
1.001399887473616445e+03
1.001399887473616445e+03
1.001399887473616445e+03
1.094948585985601767e+03
1.121969321880293819e+03
1.121969321880293819e+03
1.115621764411567710e+03
1.112244726219751556e+03
1.112244726219751556e+03
1.112244726219751556e+03
1.093019480966760511e+03
1.092651428098487713e+03
1.067280044071676457e+03
1.040621684367906710e+03
1.032428136824868943e+03
1.036524910596387826e+03
1.040621684367906710e+03
1.040116758757907292e+03
1.041480094971662311e+03
1.068850815103313380e+03
1.068850815103313380e+03
1.060118533182412421e+03
1.060118533182412421e+03
1.060118533182412421e+03
1.107165774558800649e+03
1.107165774558800649e+03
1.107165774558800649e+03
1.129688503441482908e+03
1.129688503441482908e+03
1.128098552579918305e+03
1.126508601718353930e+03
1.126508601718353930e+03
1.126508601718353930e+03
1.137760027281247631e+03
1.137760027281247631e+03
1.156852896327251301e+03
1.161538313078864576e+03
1.166223729830478078e+03
1.167280849239057488e+03
1.175314158393671505e+03
1.175314158393671505e+03
1.175171579969095546e+03
1.167338561640465514e+03
1.166459782218579903e+03
1.165581002796694293e+03
1.165581002796694293e+03
1.165581002796694293e+03
1.150067761572318204e+03
1.150067761572318204e+03
1.184043929244247920e+03
1.190557882088170572e+03
1.197071834932093225e+03
1.190805660190929530e+03
1.190805660190929530e+03
1.175804775789706810e+03
1.175804775789706810e+03
1.155109179975444704e+03
1.147102174798584429e+03
1.139095169621724153e+03
1.139095169621724153e+03
1.141253581743822906e+03
1.141253581743822906e+03
1.141253581743822906e+03
1.126385050842355895e+03
1.143474690917109911e+03
1.160564330991863699e+03
1.156934454295603700e+03
1.156934454295603700e+03
1.143792757626596767e+03
1.143792757626596767e+03
1.153542531292028571e+03
1.157354237022370398e+03
1.161165942752712226e+03
1.165387467298844058e+03
1.165387467298844058e+03
1.166311371569561516e+03
1.144523380417279441e+03
1.176223730973280226e+03
1.176223730973280226e+03
1.176223730973280226e+03
1.211921266549496295e+03
1.217770510641970304e+03
1.211921266549496295e+03
1.221848729916527645e+03
1.240320640852690985e+03
1.240320640852690985e+03
1.240320640852690985e+03
1.226330181366053921e+03
1.219563458842190812e+03
1.219563458842190812e+03
