3.178403388033857027e+03
3.178403388033857027e+03
3.178403388033857027e+03
3.215039284949121793e+03
3.215039284949121793e+03
3.043154461329088008e+03
2.868411103536610426e+03
2.840460568594101915e+03
2.812510033651593403e+03
2.812510033651593403e+03
2.844033011622198501e+03
2.947954766755022774e+03
3.244178002025576006e+03
3.602978771026656887e+03
4.060401346571678005e+03
4.517823922116698668e+03
4.575385193774875916e+03
4.575385193774875916e+03
4.575385193774875916e+03
4.688359858873520352e+03
4.848142330668688373e+03
4.848142330668688373e+03
4.848142330668688373e+03
3.872505330052119007e+03
3.872505330052119007e+03
3.872505330052119007e+03
3.872505330052119007e+03
3.872505330052119007e+03
3.125961943372463793e+03
3.125961943372463793e+03
3.125961943372463793e+03
3.125961943372463793e+03
3.003875833712644180e+03
2.852583456097359431e+03
2.557125211658456465e+03
2.497777079655009402e+03
2.438428947651561884e+03
2.415504271098774097e+03
2.415504271098774097e+03
2.539638744948784733e+03
2.700835015095330618e+03
2.706345325259533638e+03
2.876287927864450921e+03
3.046230530469368205e+03
3.046230530469368205e+03
3.010052005216319230e+03
2.899342940707974321e+03
2.893737386677576524e+03
2.893737386677576524e+03
3.058166448207361555e+03
3.222595509737146585e+03
3.367373454864864016e+03
3.367373454864864016e+03
3.342852270973156919e+03
3.225165151863297069e+03
3.225165151863297069e+03
3.226249441698669216e+03
3.227333731534041817e+03
3.591551013984308611e+03
3.592654953853258576e+03
3.604789872667717191e+03
3.604789872667717191e+03
3.553304992586044136e+03
3.460694227318243975e+03
3.368083462050443813e+03
3.142426119011169703e+03
2.964248510017753688e+03
2.876576586377332660e+03
2.728054152198127213e+03
2.648862984107982811e+03
2.629315886372753084e+03
2.609768788637523812e+03
2.609768788637523812e+03
2.550306926265260699e+03
2.489253551497716217e+03
2.389785475016692544e+03
2.389785475016692544e+03
2.465417852031290749e+03
2.541050229045889409e+03
2.659149959705574474e+03
2.659149959705574474e+03
2.471177539192726726e+03
2.340985784171874911e+03
2.176792228489810441e+03
2.176792228489810441e+03
2.176792228489810441e+03
2.165027453339840122e+03
2.115581807729251523e+03
2.112978056131630183e+03
2.075446074535944717e+03
2.103836289391416358e+03
2.103836289391416358e+03
2.103836289391416358e+03
2.148097957309144022e+03
2.148097957309144022e+03
2.106485997233894068e+03
2.080013323410868452e+03
2.023113663805010447e+03
2.023113663805010447e+03
2.023113663805010447e+03
2.074511333139179442e+03
2.146621881285854215e+03
2.205915318692912024e+03
2.285607505590876372e+03
2.364969175244194957e+03
2.378507707200767982e+03
2.392046239157341006e+03
2.392046239157341006e+03
2.288123293700230533e+03
2.129281957804540525e+03
2.094874234479172628e+03
2.094874234479172628e+03
2.189466058171128225e+03
2.284057881863083821e+03
2.537305844310268640e+03
2.542100071138501789e+03
2.557935250232805174e+03
2.557935250232805174e+03
2.557935250232805174e+03
2.543857350996375317e+03
2.529779451759945005e+03
2.506118438147624147e+03
2.506118438147624147e+03
2.509631831851800143e+03
2.553659578414864882e+03
2.747597150459700970e+03
2.747597150459700970e+03
2.747597150459700970e+03
2.522048114046237060e+03
2.262462949918874983e+03
2.063860222104581680e+03
1.961509644067632053e+03
1.884649391170072704e+03
1.869907155748999003e+03
1.855164920327925302e+03
1.855164920327925302e+03
1.938734969254451926e+03
2.103008628659014903e+03
2.214191640535376791e+03
2.288765628924867087e+03
2.370210326069783150e+03
2.451655023214699213e+03
2.451655023214699213e+03
2.444834306242115872e+03
2.327306228366149753e+03
2.135957522112874813e+03
2.076442983578765052e+03
2.076442983578765052e+03
2.076442983578765052e+03
2.122025572060498234e+03
2.279438345573559218e+03
2.522792177617590369e+03
2.698460884089785850e+03
2.801502671721070328e+03
2.801502671721070328e+03
2.801502671721070328e+03
2.625478921484337661e+03
2.522542421960243246e+03
2.471132154724542488e+03
2.397254079854257725e+03
2.328131787578550757e+03
2.319074923713596490e+03
2.310018059848642224e+03
2.263925830817738188e+03
2.192640196294052203e+03
2.145649102144909193e+03
2.145649102144909193e+03
2.165781391237336720e+03
2.179176429460670079e+03
2.192571467684003437e+03
2.192571467684003437e+03
2.109940386666527047e+03
2.059891463729414227e+03
2.006246367877022294e+03
2.006246367877022294e+03
2.003521521526038214e+03
2.000796675175053906e+03
2.018647665378708780e+03
2.000796675175053906e+03
2.036703056804104335e+03
2.126411268902801112e+03
2.145040212652214905e+03
2.207239516939161149e+03
2.269438821226106938e+03
2.269438821226106938e+03
2.210732724703732856e+03
2.009471230203364030e+03
1.987724299282426955e+03
1.987724299282426955e+03
2.120949108094980602e+03
2.254173916907534476e+03
2.694210326431763406e+03
2.694292726805212624e+03
2.802973647930542029e+03
2.802973647930542029e+03
2.802973647930542029e+03
2.885108236068952010e+03
2.967242824207361991e+03
2.967242824207361991e+03
2.853851072608411414e+03
2.751256945143100893e+03
2.751256945143100893e+03
3.025526407092702357e+03
3.578592073630424238e+03
4.131657740168146120e+03
4.131657740168146120e+03
3.596978612547582998e+03
3.241525788844238377e+03
3.241525788844238377e+03
4.200178855947215197e+03
4.200178855947215197e+03
4.200178855947215197e+03
3.704879949597892846e+03
3.704879949597892846e+03
3.962809329425167107e+03
3.962809329425167107e+03
3.768255316384217622e+03
3.429870579308839297e+03
3.091485842233461426e+03
3.091485842233461426e+03
2.687974260594436146e+03
2.687974260594436146e+03
2.994212055192524986e+03
3.305961825518600108e+03
3.305961825518600108e+03
3.305961825518600108e+03
3.027952525437594886e+03
3.027952525437594886e+03
3.364130337646462976e+03
3.502814437754406754e+03
3.534544124465924597e+03
3.663133931294286413e+03
3.791723738122647774e+03
3.826684476620073838e+03
3.826684476620073838e+03
3.992909583659515192e+03
3.992909583659515192e+03
4.588873658468870417e+03
4.600950039790681330e+03
4.613026421112493153e+03
4.613026421112493153e+03
4.279585111306303588e+03
3.994134085514131129e+03
3.992275526597387852e+03
3.994134085514131129e+03
4.058818012792093214e+03
4.123501940070055753e+03
4.538535051448478953e+03
4.635158668948599370e+03
4.674384335250683762e+03
4.635158668948599370e+03
4.489998961202304599e+03
4.489998961202304599e+03
4.489998961202304599e+03
4.710348528444978001e+03
4.710348528444978001e+03
4.682952490302112892e+03
4.522911621338210352e+03
4.223559470289060300e+03
4.218390355544512204e+03
4.213221240799964107e+03
4.213221240799964107e+03
4.013972028901891917e+03
3.788537107062173618e+03
3.549266476546779813e+03
3.264578572305680154e+03
3.166475909120449614e+03
3.068373245935218620e+03
2.988945131179435521e+03
2.736192485360103547e+03
2.532457491575261884e+03
2.532457491575261884e+03
2.601163844459660140e+03
2.806573344339322830e+03
3.314120715942828156e+03
4.213349502912328717e+03
4.213349502912328717e+03
3.388726149105365948e+03
3.388726149105365948e+03
3.388726149105365948e+03
2.909144802507507848e+03
2.429563455909649292e+03
2.002600811211641940e+03
2.002600811211641940e+03
2.006416460086397592e+03
2.010023963144360778e+03
2.010023963144360778e+03
2.010023963144360778e+03
2.010023963144360778e+03
2.047381302334238853e+03
2.164695191921918195e+03
2.328674988646766451e+03
2.328674988646766451e+03
2.379913950145565195e+03
2.413330463948556826e+03
2.446746977751548002e+03
2.506316323996039500e+03
2.531581935553780113e+03
2.564159675917838285e+03
2.782420136391976939e+03
2.818875474711008792e+03
2.994978456100828225e+03
3.171081437490648113e+03
3.171081437490648113e+03
3.156803788746225109e+03
3.136026423182108374e+03
3.055136330643834754e+03
3.136026423182108374e+03
3.145052947620928080e+03
3.154079472059747786e+03
3.154079472059747786e+03
3.086627222048936801e+03
3.047583232361126193e+03
3.008085065146267880e+03
2.921372218499296650e+03
2.908199635668239353e+03
2.895027052837182055e+03
2.847842144620182353e+03
2.767385592736262879e+03
2.659517496561841199e+03
2.652995089063069827e+03
2.652995089063069827e+03
2.706242379225364857e+03
2.759489669387660342e+03
2.759489669387660342e+03
2.612199240646322323e+03
2.573652058294825110e+03
2.510094532966796578e+03
2.477837706624148268e+03
2.456941098044913815e+03
2.436044489465678907e+03
2.435299427355801072e+03
2.301319856238276770e+03
2.292647676226515159e+03
2.212101452786002028e+03
2.212101452786002028e+03
2.216190976328811303e+03
2.220280499871620123e+03
2.270231266651593614e+03
2.270231266651593614e+03
2.096878015766074441e+03
1.993965240174436303e+03
1.993965240174436303e+03
1.997823363142052358e+03
2.001681486109668413e+03
2.020907296800199902e+03
2.001681486109668413e+03
1.930718437102332018e+03
1.904967805631547890e+03
1.904967805631547890e+03
2.022057255065694335e+03
2.139146704499840780e+03
2.377295172839769293e+03
2.504466246781682003e+03
2.504466246781682003e+03
2.467481785459991443e+03
2.392403071733472188e+03
2.377803118635735700e+03
2.363203165537998757e+03
2.317311266686951058e+03
2.267283819089196641e+03
2.267283819089196641e+03
2.460445044990807219e+03
2.822377399034873633e+03
2.822377399034873633e+03
2.822377399034873633e+03
2.822377399034873633e+03
2.822377399034873633e+03
2.883065440613432202e+03
2.908647685660303523e+03
2.946170929000251817e+03
2.963767706112269479e+03
2.981364483224287142e+03
2.999535024982552841e+03
2.999535024982552841e+03
2.923548274012886850e+03
2.851495874731899221e+03
2.851495874731899221e+03
3.066367474008639874e+03
3.281239073285380982e+03
3.749848876184744768e+03
4.133968338786794448e+03
4.477942079912114423e+03
4.633520489116342105e+03
4.759998204919735144e+03
4.781519546909165001e+03
4.803040888898594858e+03
4.803040888898594858e+03
4.711905096985963610e+03
4.531794846690318082e+03
4.531794846690318082e+03
5.192049509660668264e+03
5.708222588731242467e+03
6.224395667801816671e+03
6.224395667801816671e+03
6.056171859714067068e+03
6.056171859714067068e+03
6.814377726668463765e+03
8.308722945009192699e+03
8.308722945009192699e+03
8.308722945009192699e+03
8.212746233289137308e+03
8.212746233289137308e+03
8.495542358530203273e+03
8.495542358530203273e+03
7.617889237025064176e+03
6.532717926748680839e+03
6.384389908418026607e+03
6.519258083695855930e+03
6.384389908418026607e+03
6.519258083695855930e+03
6.519258083695855930e+03
6.519258083695855930e+03
6.028426469068488586e+03
6.028426469068488586e+03
5.671765527715054304e+03
4.238459380918126044e+03
3.319054679377451976e+03
3.052693978143655841e+03
3.052693978143655841e+03
3.119380025331649449e+03
3.186066072519643058e+03
3.423740539533266201e+03
3.699965368218592630e+03
4.221430487479709882e+03
4.591404450434087266e+03
4.591404450434087266e+03
4.304945732136735387e+03
4.018487013839383962e+03
3.674947663405141157e+03
3.543013509800680367e+03
3.543013509800680367e+03
3.907405462696768154e+03
4.410753295138116300e+03
4.422198461536085233e+03
4.433643627934055075e+03
4.595982538179003313e+03
4.598491693059153476e+03
4.743593315372960205e+03
5.140943163058738719e+03
5.140943163058738719e+03
4.979415744551106400e+03
4.817888326043474081e+03
4.477630377199880058e+03
4.180463149265270658e+03
4.180463149265270658e+03
4.440464708439621063e+03
4.440464708439621063e+03
4.352953083171420076e+03
4.265441457903218179e+03
4.265441457903218179e+03
4.263849689923456936e+03
4.287601333861260173e+03
4.255065466842554997e+03
4.154228818254370708e+03
3.980538988850988972e+03
3.806849159447607235e+03
3.651250517598340139e+03
3.494405575704024159e+03
3.431815231582888828e+03
3.430572842364475946e+03
3.094542557398684039e+03
2.953302228038748126e+03
2.812061898678812213e+03
2.712411887919184210e+03
2.685805807764414567e+03
2.685805807764414567e+03
2.776071064222582208e+03
2.814306327661496653e+03
2.874652974640016510e+03
2.934999621618536821e+03
2.934999621618536821e+03
2.869771455708605572e+03
2.829923849279782189e+03
2.708323468134256018e+03
2.407072189802611774e+03
2.341972781901517010e+03
2.276873374000421791e+03
2.276873374000421791e+03
2.276873374000421791e+03
2.216360370245046852e+03
2.216360370245046852e+03
2.217724044332322137e+03
2.328794016566057508e+03
2.439863988799793333e+03
2.643980449284128099e+03
2.891023044230104006e+03
2.971534486482515149e+03
2.971534486482515149e+03
2.746166053102549085e+03
2.746166053102549085e+03
2.746166053102549085e+03
2.759755580993948115e+03
2.759755580993948115e+03
2.720179495097109339e+03
2.700613332442482260e+03
2.670734405939112094e+03
2.658215884707513396e+03
2.645697363475915154e+03
2.645697363475915154e+03
2.631073002641088806e+03
2.440757129195431389e+03
2.247999726381759046e+03
2.176524379807340210e+03
2.176524379807340210e+03
2.176524379807340210e+03
2.180048134477348867e+03
2.254338094272476155e+03
2.383205072389464476e+03
2.547172005456032366e+03
2.547172005456032366e+03
2.556307710983141988e+03
2.565443416510252064e+03
2.565443416510252064e+03
2.565443416510252064e+03
2.553485241855853928e+03
2.487540399868295481e+03
2.487540399868295481e+03
2.553927548965632013e+03
2.620314698062969001e+03
2.813526129055185265e+03
2.869169201726972005e+03
2.884070686882724203e+03
3.009032173074364437e+03
3.206631839635642336e+03
3.206631839635642336e+03
3.206631839635642336e+03
3.053912697067281897e+03
2.579175436950547919e+03
2.384855105083405761e+03
2.274975136869461039e+03
2.153276537292056219e+03
2.148822799891833711e+03
2.144369062491611203e+03
2.061834332637416082e+03
2.042165535523210337e+03
2.021471620032812780e+03
1.991915325836763941e+03
1.991915325836763941e+03
2.049051989137496093e+03
2.106188652438228019e+03
2.203606995987581740e+03
2.396760372555666891e+03
2.455540753017968200e+03
2.683897647456262348e+03
2.683897647456262348e+03
2.669090800522478276e+03
2.654283953588693748e+03
2.654283953588693748e+03
2.568951375513559469e+03
2.580384672011908151e+03
2.553117015079067187e+03
2.580384672011908151e+03
2.610575256158880620e+03
2.640765840305852635e+03
2.640765840305852635e+03
2.640765840305852635e+03
2.805848528191376317e+03
2.950378233203728087e+03
3.061881942204456209e+03
3.061881942204456209e+03
3.061881942204456209e+03
2.958199448374448821e+03
2.958199448374448821e+03
3.160974096503628516e+03
3.160974096503628516e+03
3.191100747380583016e+03
3.244331949282786354e+03
3.297563151184989692e+03
3.297563151184989692e+03
3.210979376291385961e+03
3.189512140377310061e+03
2.969618415591153280e+03
2.693139418881894017e+03
2.655289074835337033e+03
2.617438730788780049e+03
2.563086699441589644e+03
2.298821371779824403e+03
2.298821371779824403e+03
2.618527917541168790e+03
2.812859321681128677e+03
3.111516953301913873e+03
3.410174584922699069e+03
3.410174584922699069e+03
2.895751768071289916e+03
2.387744162383711227e+03
2.307644352720598818e+03
2.307644352720598818e+03
2.351260249065026073e+03
2.394876145409453784e+03
2.413659174239590357e+03
2.394876145409453784e+03
2.423262155934485691e+03
2.471259712167272028e+03
2.471259712167272028e+03
2.766726306146934803e+03
2.766726306146934803e+03
2.828199566976586993e+03
2.828199566976586993e+03
3.059044660112457223e+03
3.322333366963964181e+03
3.322333366963964181e+03
3.158850157302256775e+03
2.995366947640549370e+03
2.995366947640549370e+03
3.221386496020737013e+03
3.714878526688311013e+03
3.714878526688311013e+03
3.282553934741596095e+03
3.270962444150198280e+03
3.259370953558800011e+03
3.259370953558800011e+03
3.259370953558800011e+03
3.178144913934907891e+03
3.120806473395302874e+03
3.178144913934907891e+03
3.473332363508845901e+03
3.768519813082783912e+03
4.240846689919105302e+03
4.240846689919105302e+03
3.855243464695164221e+03
3.787130231391572579e+03
3.681737637394950070e+03
3.681737637394950070e+03
4.167433190558056594e+03
4.167433190558056594e+03
3.776148284530481760e+03
3.552885984079327955e+03
3.173497598970679519e+03
3.114710786180812192e+03
3.173497598970679519e+03
3.173497598970679519e+03
3.173497598970679519e+03
3.793233904060193709e+03
3.793233904060193709e+03
3.793233904060193709e+03
3.032012197486094465e+03
2.675935195165273399e+03
2.319858192844452333e+03
2.056091419593237333e+03
2.003222663348434480e+03
2.003222663348434480e+03
2.011604395797686038e+03
2.140502910373836585e+03
2.168676688094956717e+03
2.196850465816076849e+03
2.196850465816076849e+03
2.175057597162572165e+03
2.175057597162572165e+03
2.263592497086503499e+03
2.291185100115126261e+03
2.352855222462305392e+03
2.414525344809484977e+03
2.443913187524315163e+03
2.763750196250291538e+03
2.900314571524569146e+03
3.080243734717500047e+03
3.168801856452396351e+03
3.168801856452396351e+03
3.168801856452396351e+03
3.277432965398700617e+03
3.283510016293485933e+03
3.284370710462397710e+03
3.284370710462397710e+03
3.301281265464417629e+03
3.331496860880194617e+03
3.361712456295972061e+03
3.400351262170944665e+03
3.440387531647847027e+03
3.471062230455183453e+03
3.506468439062149628e+03
3.512039164848017663e+03
3.585839701458547097e+03
3.659640238069076076e+03
3.669859240739384859e+03
3.659640238069076076e+03
3.521097012425319917e+03
3.451256392500941729e+03
3.117308822093865729e+03
3.076695453987909787e+03
3.036082085881954299e+03
2.962248567127890055e+03
2.952195762297607871e+03
2.952195762297607871e+03
2.964941768580132702e+03
3.012354848618573214e+03
3.170853954281818915e+03
3.329353059945064160e+03
3.329353059945064160e+03
2.862309405524260455e+03
2.825097740444406099e+03
2.753005753916548201e+03
2.753005753916548201e+03
2.760781497023906923e+03
2.768557240131266099e+03
2.768557240131266099e+03
2.736898803279775166e+03
2.701446016680025423e+03
2.701008528970447514e+03
2.701008528970447514e+03
2.871595569590451760e+03
3.042182610210456005e+03
3.247998918825616784e+03
3.518475986711534460e+03
3.518475986711534460e+03
3.339357101548609080e+03
3.166927444412449404e+03
3.166927444412449404e+03
3.166927444412449404e+03
3.201317647272753220e+03
3.222764855543864996e+03
3.228793683479195806e+03
3.233930735074894073e+03
3.255790632041777371e+03
3.255790632041777371e+03
3.255790632041777371e+03
3.224125671323665756e+03
3.116995615876083775e+03
2.970750500636806009e+03
2.966093792146704800e+03
2.970750500636806009e+03
3.033975812202084853e+03
3.097201123767363242e+03
3.097201123767363242e+03
3.040743805914696168e+03
2.902927631358159033e+03
2.867795040462626730e+03
2.867795040462626730e+03
3.200322611498401784e+03
3.532850182534176383e+03
3.805023804786746950e+03
4.077197427039317517e+03
4.331652182287854885e+03
4.701989997361935821e+03
4.701989997361935821e+03
4.646846375329669172e+03
4.591702753297402523e+03
4.532612075746971641e+03
4.532612075746971641e+03
4.577628126499824248e+03
4.714601187865786414e+03
4.714601187865786414e+03
4.738661854710038824e+03
4.762722521554291234e+03
4.808913740119237445e+03
4.880564210277877464e+03
4.880564210277877464e+03
4.801417547602213745e+03
4.801417547602213745e+03
4.934137649836106903e+03
5.066857752070000060e+03
5.507543129814165695e+03
5.507543129814165695e+03
5.202551710972004912e+03
5.202551710972004912e+03
5.444840073260017562e+03
5.663739445630532828e+03
5.663739445630532828e+03
5.516475510237924937e+03
5.516475510237924937e+03
5.525810667392093819e+03
6.260255610610841359e+03
6.260255610610841359e+03
5.600396276969006976e+03
5.600396276969006976e+03
5.600396276969006976e+03
6.886652714878928236e+03
6.886652714878928236e+03
7.136932331001387865e+03
6.886652714878928236e+03
6.656268540863109592e+03
6.425884366847291858e+03
6.425884366847291858e+03
6.439112315867459074e+03
6.564771621376005896e+03
6.564771621376005896e+03
6.775295649291250811e+03
6.872742093690725596e+03
6.970188538090200382e+03
7.277278106768219914e+03
7.277278106768219914e+03
7.255039056745288690e+03
6.800381358465634548e+03
6.300978951696428339e+03
6.300978951696428339e+03
6.300978951696428339e+03
6.844908639634885731e+03
7.192967803056994853e+03
7.701434484951621926e+03
8.427580695512899183e+03
8.427580695512899183e+03
8.113575598454638566e+03
7.799570501396377949e+03
7.164221077037298528e+03
6.690073210678002397e+03
6.690073210678002397e+03
6.935183487052375312e+03
6.935183487052375312e+03
6.612575050479250422e+03
6.289966613906124621e+03
6.217903966424246391e+03
6.201422389587829457e+03
5.959739657969139444e+03
5.620346880846145723e+03
5.363184734120330177e+03
5.126043217305412327e+03
4.888901700490495386e+03
4.654355954178258798e+03
4.595091549619633952e+03
4.580205588729295414e+03
4.506716653110124753e+03
4.332462387836092603e+03
4.063002717343533732e+03
3.793543046850975315e+03
3.580588787575500646e+03
3.452343188055314840e+03
3.189173644737395534e+03
3.004602322001170251e+03
2.926883831973607812e+03
2.926883831973607812e+03
2.926883831973607812e+03
2.928798448923512296e+03
2.928798448923512296e+03
2.914154471755070517e+03
2.899666574331168704e+03
2.825996615512026438e+03
2.782060473533727873e+03
2.738124331555429308e+03
2.704669877564977924e+03
2.622010928693386177e+03
2.564380045257122219e+03
2.416007823205313343e+03
2.255167602445954799e+03
2.255167602445954799e+03
2.255167602445954799e+03
2.240541493309636735e+03
2.264000090768936843e+03
2.291005400782546076e+03
2.291005400782546076e+03
2.245358938442042017e+03
2.203909874558382398e+03
2.162460810674722779e+03
2.087997218188275838e+03
2.022008474428708041e+03
2.022008474428708041e+03
2.132120855331891107e+03
2.170199857697410607e+03
2.174080823933271404e+03
2.177961790169132200e+03
2.239609546579634298e+03
2.280994382577346187e+03
2.353102201260733182e+03
2.691826703169552729e+03
3.192878270632605563e+03
3.263832098808503360e+03
3.334785926984401613e+03
3.334785926984401613e+03
3.314846132773302088e+03
3.214658654897377346e+03
3.135874501777042951e+03
2.710456896733697704e+03
2.623585952682832158e+03
2.536715008631966612e+03
2.536715008631966612e+03
2.585536492698908205e+03
2.606066355103078422e+03
2.635987870574426779e+03
2.637271219442831807e+03
2.650093725070020810e+03
2.662916230697209812e+03
2.662916230697209812e+03
2.554306290251964128e+03
2.512272160798969253e+03
2.512272160798969253e+03
2.571559077292173697e+03
2.588055573979574547e+03
2.604552070666975396e+03
2.604552070666975396e+03
2.396347320336378743e+03
2.206021637117250521e+03
2.126210312599896952e+03
2.126210312599896952e+03
2.150281826817755245e+03
2.174353341035613084e+03
2.232653818530937770e+03
2.287895085189902602e+03
2.362472167526991143e+03
2.414001047155199103e+03
2.414001047155199103e+03
2.414001047155199103e+03
2.414001047155199103e+03
2.418280875482043029e+03
2.466804079521249605e+03
2.512498798161960167e+03
2.658579328061386150e+03
2.791357486368166064e+03
2.873928934244634547e+03
2.956500382121102575e+03
2.956500382121102575e+03
2.857549182220408511e+03
2.615024498135893737e+03
2.469537167884684095e+03
2.383837441899452642e+03
2.341196489069568543e+03
2.298555536239684443e+03
2.255859430810387039e+03
2.101589393872426172e+03
2.048343183140491874e+03
2.027498285998980691e+03
2.027498285998980691e+03
2.026856005937408554e+03
2.026213725875836417e+03
2.044431164363096059e+03
2.026213725875836417e+03
2.054218497910389942e+03
2.288641573439208969e+03
2.410306228148449009e+03
2.536924416635099533e+03
2.663542605121750057e+03
2.897979225205896000e+03
3.186845881196994924e+03
3.340663641817715870e+03
3.399304688196266852e+03
3.399304688196266852e+03
3.324329949584552196e+03
3.249355210972837995e+03
2.803473059234112043e+03
2.803473059234112043e+03
3.003397235595782149e+03
3.003397235595782149e+03
3.085005254164782400e+03
3.072920841273139558e+03
3.060836428381496262e+03
3.060836428381496262e+03
2.705438546523760124e+03
2.230403997986290506e+03
2.058012887263689208e+03
2.058012887263689208e+03
2.143034627390574315e+03
2.228056367517459421e+03
2.513810057589681037e+03
2.513810057589681037e+03
2.513810057589681037e+03
2.328837534052529008e+03
2.721619579235265064e+03
2.565465990677969785e+03
2.409312402120674506e+03
2.409312402120674506e+03
2.409312402120674506e+03
2.490372684752423993e+03
2.565601086732218846e+03
2.710464969516788642e+03
2.710464969516788642e+03
2.710464969516788642e+03
2.845440999582333006e+03
2.960512553135390135e+03
3.258044586644534775e+03
3.861198609599432075e+03
4.372674984009667241e+03
4.372674984009667241e+03
4.372674984009667241e+03
3.589819300879351886e+03
3.504537394116164705e+03
3.504537394116164705e+03
3.494182288845730454e+03
3.574586040241465071e+03
3.534384164543597763e+03
3.494182288845730454e+03
3.245053551635507119e+03
2.977125076685867953e+03
2.732474652240232444e+03
2.664271561042972735e+03
2.485975561405734879e+03
2.485975561405734879e+03
2.750846807326504859e+03
2.779212160108706030e+03
3.159762132796541664e+03
3.792653793422059152e+03
3.792653793422059152e+03
2.903022614840989263e+03
2.903022614840989263e+03
2.944508016101346129e+03
3.225880804953919778e+03
3.225880804953919778e+03
3.465848627549880348e+03
3.465848627549880348e+03
3.465848627549880348e+03
3.190748247748738322e+03
3.190748247748738322e+03
3.190748247748738322e+03
2.765984027185622381e+03
2.539494157262211957e+03
2.539494157262211957e+03
2.556516418172712747e+03
2.748453309783184523e+03
2.940390201393656753e+03
2.940390201393656753e+03
2.670866115692136191e+03
2.463370259874995099e+03
2.404176070327002435e+03
2.404176070327002435e+03
2.553175839091724811e+03
2.702175607856447186e+03
3.154376241925678187e+03
3.426944769307927800e+03
3.426944769307927800e+03
3.426944769307927800e+03
3.332309157401098673e+03
3.267001463951833102e+03
3.201693770502567986e+03
2.806398627566051800e+03
2.768922945852696103e+03
2.675642890939618610e+03
2.602001955468986125e+03
2.675642890939618610e+03
2.688616750793282336e+03
2.701590610646945606e+03
2.738734909123207217e+03
3.007858826654185123e+03
3.045795802563078269e+03
3.039291676003102111e+03
3.109336653719660262e+03
3.097330453600910005e+03
3.085324253482160202e+03
3.109336653719660262e+03
3.112332158506209908e+03
3.213567842386307802e+03
3.213567842386307802e+03
3.343656588558584190e+03
3.456267324222224488e+03
3.568878059885864786e+03
3.926303178100077730e+03
4.040624038121640751e+03
4.077055472913867106e+03
4.219671997992122670e+03
4.404149361765458707e+03
4.520692645859176992e+03
4.637235929952895276e+03
4.637235929952895276e+03
4.547475775980093204e+03
4.547475775980093204e+03
4.744496922572677249e+03
4.744496922572677249e+03
4.699505781556453258e+03
4.654514640540229266e+03
4.478914685507485956e+03
4.384098350424314958e+03
4.256921954905434177e+03
4.147712543405425095e+03
4.147712543405425095e+03
4.222629974622196642e+03
4.297547405838968189e+03
4.297547405838968189e+03
4.169628465128384960e+03
4.169628465128384960e+03
4.215191568455568813e+03
4.245635747405006441e+03
4.383083427623541866e+03
4.520531107842077290e+03
4.520531107842077290e+03
4.119277238728805969e+03
3.907010735743607256e+03
3.771895514535778148e+03
3.771895514535778148e+03
3.788301982223814775e+03
3.804708449911851858e+03
3.804708449911851858e+03
3.752248611167015952e+03
3.751278142435527116e+03
3.688180274868432662e+03
3.593084916534892272e+03
3.588293934893508776e+03
3.583502953252125280e+03
3.441249402675324291e+03
3.299190213110144214e+03
3.277271184994302075e+03
3.219284221507949042e+03
3.219284221507949042e+03
3.381786075118091503e+03
3.544287928728234419e+03
3.855212746514879200e+03
4.245059622762293657e+03
4.245059622762293657e+03
3.992072922116960854e+03
3.853811125528240154e+03
3.853811125528240154e+03
3.853811125528240154e+03
4.109989987217096314e+03
4.419715943507069824e+03
4.557907873568574360e+03
4.952444299149269682e+03
5.873475861575858289e+03
6.152313720152138558e+03
6.431151578728417917e+03
6.528676961765680062e+03
6.479914270247048989e+03
6.431151578728417917e+03
6.197982202454915750e+03
6.135638120106853421e+03
6.042842621731813779e+03
5.950047123356773227e+03
5.557002607204872220e+03
5.245111471120680108e+03
5.162972968354585646e+03
5.089121413652143019e+03
5.089121413652143019e+03
5.239888931015218986e+03
5.390656448378295863e+03
6.544038145704317685e+03
6.544038145704317685e+03
5.980287178704520556e+03
5.980287178704520556e+03
6.071129386103104480e+03
6.497280786026200985e+03
6.497280786026200985e+03
5.694322224204536724e+03
5.694322224204536724e+03
5.691946499681613204e+03
5.808616091954023432e+03
5.808616091954023432e+03
5.808616091954023432e+03
5.808616091954023432e+03
6.429854128423076872e+03
7.118279260695961966e+03
7.118279260695961966e+03
7.172421143865692102e+03
7.172421143865692102e+03
7.339217618808417683e+03
7.506014093751142354e+03
8.488999084245830090e+03
8.488999084245830090e+03
7.998653939715428351e+03
7.998653939715428351e+03
8.071484715482662068e+03
8.071484715482662068e+03
8.071484715482662068e+03
7.983308763858402926e+03
6.409560423629716752e+03
6.409560423629716752e+03
6.973490447631475035e+03
7.836805915471923981e+03
7.954649045971480518e+03
8.072492176471036146e+03
8.638133654575012770e+03
8.812175013734113236e+03
8.812175013734113236e+03
9.919537599381676046e+03
1.096249933669901657e+04
1.096249933669901657e+04
1.096249933669901657e+04
1.063938176553504854e+04
1.063938176553504854e+04
1.163662050212643408e+04
1.163662050212643408e+04
1.021889246455871398e+04
8.622482372828038933e+03
7.026072281097362975e+03
6.727372307377831930e+03
6.727372307377831930e+03
7.203759439664641832e+03
7.203759439664641832e+03
6.405046961543135694e+03
6.124300760568192345e+03
5.843554559593248996e+03
5.843554559593248996e+03
5.843554559593248996e+03
5.837299591898156905e+03
5.627420230012795400e+03
5.597169647210044786e+03
5.553266032503403039e+03
5.509362417796760383e+03
5.383491920001487415e+03
5.383491920001487415e+03
5.167584782682686637e+03
5.018832897945477271e+03
4.993841662045126213e+03
4.872957462429641964e+03
4.752073262814157715e+03
4.752073262814157715e+03
4.759645491854043939e+03
4.761638453589437631e+03
4.759645491854043939e+03
4.662377091359056976e+03
4.416490095898776417e+03
4.170603100438494948e+03
3.764420686397711961e+03
3.234880706388072213e+03
2.909498181204492994e+03
2.749006357472847412e+03
2.560848566186526568e+03
2.524461617865141307e+03
2.488074669543756045e+03
2.488074669543756045e+03
2.572203104155746132e+03
2.682230213209277736e+03
2.682230213209277736e+03
2.515461991416048932e+03
2.487949988891862631e+03
2.460437986367675876e+03
2.407684489149010460e+03
2.341763625598812723e+03
2.326928248761112627e+03
2.326928248761112627e+03
2.364792669250037761e+03
2.385419211609500962e+03
2.406045753968964164e+03
2.511888483335448200e+03
2.559342541874032577e+03
2.611058143485893197e+03
2.675204266230257417e+03
2.718692493199559522e+03
2.795222585204205643e+03
2.871752677208852219e+03
3.015247856179721111e+03
3.015247856179721111e+03
2.760364154501308803e+03
2.569909375913557142e+03
2.447660855273289144e+03
2.411636108581511962e+03
2.375611361889734781e+03
2.182477901631226814e+03
2.017865509908823014e+03
1.911714445870768031e+03
1.871465572180001573e+03
1.871465572180001573e+03
1.958703281563128030e+03
2.045940990946254487e+03
2.158048711967798681e+03
2.315667345220105744e+03
2.318802690754176638e+03
2.318802690754176638e+03
2.159867240186331856e+03
2.130678814247929949e+03
2.101490388309528043e+03
2.018133079254424047e+03
2.018133079254424047e+03
2.033226054713592930e+03
2.033226054713592930e+03
2.033226054713592930e+03
2.079997389033697345e+03
2.126768723353801761e+03
2.163785259180579487e+03
2.272887654086734528e+03
2.339717171883779884e+03
2.339717171883779884e+03
2.339717171883779884e+03
2.391523657389665459e+03
2.443330142895550580e+03
2.493073504789622348e+03
2.493073504789622348e+03
2.461284797466862983e+03
2.393345480009036692e+03
2.331709233902593041e+03
2.305071848523204608e+03
2.278434463143816174e+03
2.195962076230274761e+03
2.170555599545813038e+03
2.164081862023367194e+03
2.064380768310487383e+03
2.164081862023367194e+03
2.114231315166927288e+03
2.064380768310487383e+03
1.976470678472826876e+03
1.860749000034787514e+03
1.860749000034787514e+03
1.947750821432146495e+03
2.045465867178588041e+03
2.162656837413765061e+03
2.279847807648942307e+03
2.340847471814204255e+03
2.548802564282245839e+03
2.728190835613996114e+03
2.728190835613996114e+03
2.427623879837244203e+03
2.427623879837244203e+03
2.427623879837244203e+03
2.389772487126289889e+03
2.389772487126289889e+03
2.389772487126289889e+03
2.543936589706570430e+03
3.071703097787266870e+03
3.093715078974769312e+03
3.115727060162272210e+03
3.115727060162272210e+03
2.750147171489721131e+03
2.551325610660268467e+03
2.551325610660268467e+03
2.707448734387815875e+03
2.887610584557724451e+03
3.067772434727633026e+03
3.067772434727633026e+03
3.024471309783466950e+03
2.998459148012387232e+03
2.701265209876203244e+03
2.701265209876203244e+03
2.731883758925363509e+03
2.762502307974523774e+03
2.845207273008945322e+03
2.782395897572415379e+03
2.782395897572415379e+03
2.570269911726528335e+03
2.570269911726528335e+03
2.652512665881411522e+03
2.734755420036294709e+03
2.734755420036294709e+03
2.676194315140388426e+03
2.542470859758239385e+03
2.482477686225518482e+03
2.482477686225518482e+03
2.344521897521624851e+03
2.206566108817731219e+03
2.508834120058872941e+03
2.681414906215977226e+03
3.130866161422054120e+03
3.768933826802137446e+03
3.768933826802137446e+03
3.231194326718557932e+03
2.693454826634978417e+03
2.693454826634978417e+03
2.737241681316232643e+03
2.960263509084998077e+03
3.338507558828764104e+03
3.616366902046269843e+03
3.477437230437516973e+03
3.338507558828764104e+03
3.218092054379500496e+03
2.794319613359382402e+03
2.794319613359382402e+03
2.869804944924744177e+03
3.433899941736548499e+03
3.720456874783901185e+03
4.007013807831254326e+03
4.007013807831254326e+03
3.766027724126854991e+03
3.766027724126854991e+03
3.900984335632737384e+03
3.900984335632737384e+03
3.961443460353693808e+03
4.021902585074649778e+03
4.436339637369737829e+03
4.436339637369737829e+03
4.496879488547844630e+03
5.654515438824062585e+03
5.654515438824062585e+03
5.283492002544689967e+03
4.912468566265316440e+03
4.603525388990946340e+03
4.602664647666105338e+03
4.602664647666105338e+03
4.649568238509914408e+03
4.858518144640896026e+03
5.307972106397543030e+03
5.757426068154190943e+03
5.757426068154190943e+03
5.647318983380132522e+03
5.647318983380132522e+03
5.876703598719932415e+03
5.876703598719932415e+03
6.559588706361161712e+03
6.667997907814244172e+03
7.176819207833287692e+03
7.575276982822931132e+03
7.750236015609107199e+03
7.862915868840888834e+03
7.862915868840888834e+03
7.951161913222482326e+03
7.840240466238697991e+03
7.840240466238697991e+03
7.455388507718696019e+03
7.455388507718696019e+03
7.324386187353302375e+03
7.324386187353302375e+03
6.524568308067915495e+03
5.724750428782528616e+03
4.319475337598002625e+03
4.244762920794712045e+03
4.172323822448495775e+03
4.097865409812546204e+03
3.620789730966771003e+03
3.620789730966771003e+03
3.620789730966771003e+03
3.726767060510596821e+03
3.726767060510596821e+03
3.733921783193367901e+03
3.733921783193367901e+03
3.749744719416682074e+03
3.828408778397817514e+03
3.907072837378952954e+03
3.998446217190807147e+03
4.272363450897258190e+03
4.291613258209677952e+03
4.272363450897258190e+03
4.230428844660397772e+03
4.230428844660397772e+03
4.230428844660397772e+03
4.252416345272224135e+03
4.252416345272224135e+03
4.101509793796618396e+03
4.085974231566111030e+03
4.085974231566111030e+03
4.083765587369545756e+03
4.081556943172980937e+03
4.081556943172980937e+03
4.017685726682260793e+03
3.976417182183031855e+03
3.935634594178236966e+03
3.976417182183031855e+03
3.956025888180634411e+03
3.935634594178236966e+03
3.918962583173440180e+03
3.803640841854265545e+03
3.623472203724017618e+03
3.470534840041542338e+03
3.238401785438958541e+03
3.204194354454694803e+03
3.169986923470430611e+03
3.109383883386235084e+03
2.985068160554663791e+03
2.841017264132988203e+03
2.821797897918916078e+03
2.793573912087192184e+03
2.780644353887198122e+03
2.767714795687204060e+03
2.691433568417414335e+03
2.424290666486945156e+03
2.272844622815025105e+03
2.272844622815025105e+03
2.338252711691148306e+03
2.436344355987105246e+03
2.534436000283062185e+03
2.659468033948686298e+03
2.664159119853640277e+03
2.659468033948686298e+03
2.618284246683624133e+03
2.588978494523081736e+03
2.519707727552723100e+03
2.450436960582364463e+03
2.403182764245265844e+03
2.282341799140132025e+03
2.213979668211062744e+03
2.213979668211062744e+03
2.227198026025658237e+03
2.382941865853536910e+03
2.538685705681416039e+03
2.538685705681416039e+03
2.406753071520658523e+03
2.313613779946121667e+03
2.313613779946121667e+03
2.465264522694094467e+03
2.599786959101147659e+03
2.734309395508200851e+03
2.962722683301497000e+03
3.151788199631565021e+03
3.151788199631565021e+03
3.210227181585251401e+03
3.210227181585251401e+03
3.210227181585251401e+03
3.210227181585251401e+03
3.199638101295637625e+03
3.097330786256889041e+03
2.547835340521464786e+03
