6.415369191499522458e+03
6.415369191499522458e+03
5.966583356679449935e+03
5.447441074060137908e+03
5.447441074060137908e+03
5.114822793666278812e+03
5.307799035643381103e+03
5.307799035643381103e+03
5.307799035643381103e+03
5.307799035643381103e+03
4.804582844730210127e+03
4.804582844730210127e+03
5.023986680554486156e+03
5.052333713118918240e+03
5.052333713118918240e+03
5.052333713118918240e+03
5.097345039373611144e+03
5.097345039373611144e+03
5.097345039373611144e+03
4.919623759006132786e+03
5.234950770050470965e+03
5.077287264528302330e+03
4.919623759006132786e+03
5.220534641940890651e+03
5.220534641940890651e+03
5.220534641940890651e+03
5.220534641940890651e+03
5.220534641940890651e+03
4.750747536492912332e+03
4.750747536492912332e+03
4.750747536492912332e+03
4.750747536492912332e+03
5.220534641940890651e+03
4.569229853190889116e+03
5.346060829086672129e+03
5.369233265554127684e+03
5.392405702021583238e+03
5.392405702021583238e+03
5.145660170344794096e+03
5.145660170344794096e+03
5.027905405771360165e+03
5.246870984955586209e+03
5.228456166223657419e+03
5.210041347491727720e+03
5.210041347491727720e+03
5.157968718494827044e+03
5.061277490938488882e+03
5.061277490938488882e+03
5.150564540083955762e+03
5.184656466464071855e+03
5.218748392844187947e+03
5.218748392844187947e+03
5.072677790731854657e+03
5.072677790731854657e+03
5.343005221352289482e+03
5.343005221352289482e+03
5.114239000626395864e+03
4.885472779900503156e+03
4.885472779900503156e+03
4.327614890282688975e+03
5.088806653905639905e+03
5.292179767248891039e+03
5.292179767248891039e+03
5.172429066943175712e+03
5.052678366637460385e+03
5.052570111620780153e+03
5.052570111620780153e+03
5.052570111620780153e+03
4.877318351943948073e+03
4.877318351943948073e+03
4.877318351943948073e+03
4.877318351943948073e+03
4.946077880963704956e+03
4.946077880963704956e+03
4.892671201332077544e+03
4.892671201332077544e+03
4.892671201332077544e+03
4.939768680614688492e+03
4.986866159897298530e+03
4.994125622946042313e+03
4.994125622946042313e+03
4.956801182259157940e+03
4.693792068691243912e+03
4.956801182259157940e+03
4.768898386938861222e+03
4.580995591618564504e+03
4.243366016521981692e+03
4.243366016521981692e+03
4.429154023552397121e+03
4.659053246065936037e+03
4.659053246065936037e+03
4.649904806825965352e+03
4.640756367585995577e+03
4.640756367585995577e+03
4.466551480195654221e+03
4.935578727689366133e+03
5.025553407774080370e+03
5.025553407774080370e+03
4.907691597640999134e+03
4.789829787507917899e+03
4.789829787507917899e+03
4.264247647397614855e+03
4.521559632211921780e+03
4.264247647397614855e+03
4.187134287059404414e+03
4.187134287059404414e+03
4.187134287059404414e+03
4.250075605095882565e+03
4.261746769446427606e+03
4.261746769446427606e+03
4.212619430623324661e+03
4.085586732428774212e+03
3.980821815798456555e+03
3.876056899168138898e+03
3.876056899168138898e+03
4.090385745659470103e+03
4.219204661363664854e+03
4.219204661363664854e+03
4.207376656024717704e+03
4.207376656024717704e+03
4.207376656024717704e+03
4.414317746810542303e+03
4.414317746810542303e+03
4.318618829735050895e+03
4.318618829735050895e+03
4.318618829735050895e+03
4.235672593089375368e+03
4.152726356443700752e+03
4.152726356443700752e+03
4.177084588690159762e+03
4.177084588690159762e+03
3.796099473171049794e+03
3.759879094736309071e+03
3.466370154290458231e+03
3.172861213844607846e+03
3.161200684949708830e+03
3.172861213844607846e+03
3.257697680776073867e+03
3.257697680776073867e+03
3.249885911504882188e+03
3.015301943198443951e+03
2.780717974892005259e+03
2.599027475508909902e+03
2.599027475508909902e+03
2.773569346411408333e+03
2.773569346411408333e+03
2.682610162954015777e+03
2.671785425421786385e+03
2.660960687889556993e+03
2.682610162954015777e+03
2.704337001816596967e+03
2.845994714331628984e+03
2.924934966055109271e+03
2.924934966055109271e+03
2.891382350487406711e+03
2.857829734919704151e+03
2.857829734919704151e+03
2.856669566661757017e+03
2.948920103659222150e+03
2.948920103659222150e+03
3.019532640510527926e+03
3.086298399255229015e+03
3.153064157999930103e+03
3.019532640510527926e+03
3.080756777027711905e+03
3.080756777027711905e+03
3.293585827821788371e+03
3.293585827821788371e+03
3.318651860306159506e+03
3.343717892790530186e+03
3.312265409818177886e+03
3.422367135167764445e+03
3.422367135167764445e+03
3.480115026905295508e+03
3.821921996017604670e+03
3.945065148539342772e+03
4.068208301061080874e+03
4.105966442491663656e+03
4.105966442491663656e+03
4.057642530317447836e+03
3.869326888828255051e+03
4.057642530317447836e+03
4.147465194500121470e+03
4.237287858682794649e+03
4.237287858682794649e+03
4.257551254499201605e+03
4.257551254499201605e+03
4.367095142018696606e+03
4.494979077390876228e+03
4.494979077390876228e+03
4.494979077390876228e+03
4.483911631098204452e+03
4.481170561137021650e+03
4.481170561137021650e+03
4.575278057592538062e+03
4.575278057592538062e+03
4.614205001233480289e+03
4.653131944874423425e+03
4.653131944874423425e+03
4.653131944874423425e+03
4.639173032869948656e+03
4.639173032869948656e+03
4.574956291123981828e+03
4.526337575441417357e+03
4.477718859758852886e+03
4.477718859758852886e+03
4.625831200685226577e+03
4.625831200685226577e+03
4.419533592849606066e+03
4.419533592849606066e+03
4.423874598164392410e+03
4.428215603479178753e+03
4.618521433084411910e+03
4.942625384434058105e+03
4.942625384434058105e+03
5.036187237603840913e+03
5.036187237603840913e+03
4.933325416012853566e+03
4.830463594421866219e+03
4.829738231341142637e+03
4.818486346843435967e+03
4.818486346843435967e+03
4.863882309049246032e+03
4.863882309049246032e+03
4.863882309049246032e+03
4.863882309049246032e+03
4.608714716794494052e+03
4.443476783522149162e+03
4.443476783522149162e+03
4.527866936689701106e+03
4.527866936689701106e+03
4.622642194681142428e+03
4.717417452672584659e+03
4.593855911919124082e+03
4.642573215734880250e+03
4.593855911919124082e+03
4.642573215734880250e+03
4.707072242523296154e+03
4.707072242523296154e+03
4.707072242523296154e+03
4.678020443343139050e+03
4.601301035407902418e+03
4.601301035407902418e+03
4.923477662954340303e+03
4.923477662954340303e+03
4.945912439679841555e+03
4.968347216405342806e+03
4.786171269308629235e+03
4.786171269308629235e+03
4.786171269308629235e+03
4.684816544418504236e+03
4.684816544418504236e+03
4.629791193349634341e+03
4.574765842280764446e+03
4.574765842280764446e+03
4.763865403502045410e+03
4.774788997477605335e+03
4.962945619422270283e+03
4.962945619422270283e+03
4.966659270913056389e+03
4.970372922403843404e+03
4.970372922403843404e+03
4.970372922403843404e+03
5.027737384542077052e+03
4.640985471589018744e+03
5.073885373348488429e+03
5.027108278165427691e+03
4.980331182982366045e+03
5.073885373348488429e+03
4.980331182982366045e+03
5.135545821357742170e+03
4.327876532733413114e+03
4.327876532733413114e+03
4.327876532733413114e+03
5.197017925541284058e+03
5.197017925541284058e+03
5.197017925541284058e+03
5.197017925541284058e+03
5.190308058701600203e+03
5.190308058701600203e+03
5.190308058701600203e+03
5.190308058701600203e+03
5.084919553038840604e+03
5.084919553038840604e+03
5.054854184970260576e+03
4.970228257376200418e+03
4.970228257376200418e+03
4.946432326890769218e+03
4.922636396405338019e+03
4.922636396405338019e+03
4.922636396405338019e+03
5.071171023714399780e+03
5.316665351874861699e+03
5.316665351874861699e+03
5.175968117672066001e+03
5.035270883469269393e+03
4.957452814357243369e+03
4.787782927691985606e+03
4.957452814357243369e+03
5.260443914683200092e+03
5.260443914683200092e+03
5.088876745639610817e+03
4.917309576596022453e+03
4.426868774097276400e+03
4.326079715010081600e+03
4.426868774097276400e+03
4.897773487109905545e+03
4.897773487109905545e+03
5.092238926481264571e+03
5.286704365852622686e+03
5.131511777490080021e+03
5.131511777490080021e+03
5.131511777490080021e+03
5.197636752608619645e+03
5.197636752608619645e+03
5.238469945615787765e+03
5.279303138622955885e+03
4.945291659309919851e+03
4.777601757991375962e+03
4.777601757991375962e+03
4.874060245776945521e+03
5.153036410931122191e+03
5.153036410931122191e+03
5.153036410931122191e+03
5.153036410931122191e+03
5.120842209145183915e+03
5.293214839135524926e+03
5.273878672961708617e+03
5.273878672961708617e+03
5.227999339136780691e+03
5.182120005311852765e+03
5.136034755029856569e+03
4.351473418303618928e+03
4.351473418303618928e+03
4.823241286250065968e+03
4.826023805362788153e+03
4.955744314227840732e+03
5.085464823092893312e+03
5.085464823092893312e+03
5.021963927298553244e+03
4.942994696180620849e+03
4.942994696180620849e+03
4.942994696180620849e+03
4.871582591089230846e+03
4.800170485997840842e+03
4.800170485997840842e+03
4.870969315709970033e+03
4.984206872963904971e+03
4.870969315709970033e+03
4.838702249395450963e+03
4.838702249395450963e+03
4.838702249395450963e+03
4.942613686080969273e+03
4.942613686080969273e+03
4.995632439217333740e+03
4.456597815449446898e+03
4.995632439217333740e+03
4.904519907803327442e+03
4.813407376389322053e+03
4.813407376389322053e+03
4.471882196195262622e+03
4.464883525375797035e+03
4.471882196195262622e+03
4.479779847220343072e+03
4.479779847220343072e+03
4.833876596973505912e+03
4.833876596973505912e+03
4.855411534383403705e+03
4.855411534383403705e+03
4.855411534383403705e+03
4.826237323758487946e+03
4.826237323758487946e+03
4.826237323758487946e+03
4.602356557370769224e+03
4.772330840223523410e+03
4.696386005196957740e+03
4.772330840223523410e+03
4.696386005196957740e+03
4.676662129354407625e+03
4.656938253511857511e+03
4.656938253511857511e+03
4.664069355349643047e+03
4.664069355349643047e+03
4.664069355349643047e+03
4.577791168919969095e+03
4.577791168919969095e+03
4.577791168919969095e+03
4.577791168919969095e+03
4.572966596952163854e+03
4.481811818189935366e+03
4.408542680629328061e+03
4.481811818189935366e+03
4.625886819891326013e+03
4.769961821592716660e+03
4.769961821592716660e+03
4.769961821592716660e+03
4.946572836386622839e+03
4.946572836386622839e+03
4.850436129887199058e+03
4.789552654633840575e+03
4.728669179380483001e+03
4.743331621302528220e+03
4.743331621302528220e+03
4.823442805350327944e+03
4.871933403453824212e+03
4.871933403453824212e+03
4.886534644350321287e+03
4.901135885246818361e+03
4.892284935918087285e+03
4.892284935918087285e+03
4.637009242854963304e+03
4.637009242854963304e+03
4.637009242854963304e+03
4.637009242854963304e+03
4.637009242854963304e+03
4.600290233247853394e+03
4.687370017774597727e+03
4.443612290159766417e+03
4.665616945037026198e+03
4.523663399199454943e+03
4.563006551949631103e+03
4.602349704699807262e+03
4.523663399199454943e+03
4.602349704699807262e+03
4.736437058968473139e+03
4.736437058968473139e+03
4.452327795598678676e+03
4.452327795598678676e+03
4.452327795598678676e+03
4.599839675303353033e+03
4.599839675303353033e+03
4.599839675303353033e+03
4.389238113569133020e+03
4.389238113569133020e+03
4.341805495486849395e+03
4.294372877404565770e+03
4.143676591861935776e+03
4.294372877404565770e+03
4.425942554173309873e+03
4.425942554173309873e+03
4.050784031270779906e+03
4.050784031270779906e+03
4.050784031270779906e+03
3.878407242992312149e+03
4.071294613889849188e+03
4.071294613889849188e+03
4.071294613889849188e+03
3.943933435027453015e+03
3.943933435027453015e+03
3.943933435027453015e+03
4.041804327934736193e+03
4.041804327934736193e+03
3.535494087301453874e+03
3.535494087301453874e+03
4.048259213366262429e+03
4.110699778685705496e+03
4.173140344005149018e+03
4.173140344005149018e+03
4.317639794822773183e+03
4.501528571694311722e+03
4.501528571694311722e+03
4.218486921178264311e+03
4.218486921178264311e+03
4.218486921178264311e+03
4.182825228653339764e+03
4.182825228653339764e+03
4.056300251112504611e+03
4.011055555824736985e+03
4.025855063953377794e+03
4.025855063953377794e+03
4.025855063953377794e+03
4.025855063953377794e+03
4.143282808114711770e+03
4.304798811953434779e+03
4.304798811953434779e+03
4.084865876828057480e+03
4.084865876828057480e+03
4.084865876828057480e+03
4.685741409758004011e+03
4.742860154521660661e+03
4.742860154521660661e+03
4.397058611559515157e+03
4.038960368472331993e+03
4.038960368472331993e+03
4.038960368472331993e+03
4.451459546250548556e+03
4.451459546250548556e+03
4.400724078421328159e+03
4.378539102033598283e+03
4.378539102033598283e+03
4.378539102033598283e+03
4.378539102033598283e+03
4.184089148578787899e+03
4.184089148578787899e+03
3.914109072228087825e+03
3.817632303600892101e+03
3.647877691420136671e+03
3.512174123001657790e+03
3.376470554583178455e+03
3.041957783559703785e+03
3.260217246050192443e+03
3.260217246050192443e+03
3.351972837007924227e+03
3.351972837007924227e+03
3.126014410625721212e+03
2.900055984243518196e+03
2.785485441601322691e+03
2.900055984243518196e+03
2.784737913057556852e+03
2.765496997847018065e+03
2.716272084873110089e+03
2.609438897459569489e+03
2.502605710046029344e+03
2.465390251221628205e+03
2.404160842872289777e+03
2.404160842872289777e+03
2.598025033400704615e+03
2.598025033400704615e+03
2.605829099726044660e+03
2.613633166051385160e+03
2.602722921948629391e+03
2.607422772666015135e+03
2.607422772666015135e+03
2.765176778083289719e+03
2.765176778083289719e+03
2.807427209426546597e+03
2.849677640769803475e+03
2.814177955844310418e+03
2.930821624056227392e+03
3.000194720053034416e+03
3.000194720053034416e+03
3.000194720053034416e+03
3.015080198324192679e+03
3.029965676595350942e+03
3.537717341439982192e+03
3.537717341439982192e+03
3.320509195496825669e+03
3.320509195496825669e+03
3.320509195496825669e+03
3.425694738004822284e+03
3.530880280512818445e+03
3.765328544687495196e+03
4.194208844016075091e+03
4.194208844016075091e+03
3.807641585520624631e+03
3.807641585520624631e+03
3.921129136361228120e+03
4.034616687201831155e+03
4.034616687201831155e+03
3.534552136939700631e+03
3.534552136939700631e+03
3.518807443855084784e+03
3.976933720377865939e+03
4.011773136978858020e+03
4.046612553579850101e+03
4.046612553579850101e+03
4.121967590617850874e+03
3.956944055581646353e+03
4.038488048423223972e+03
4.038488048423223972e+03
4.097165215799767793e+03
4.155842383176312069e+03
4.275329957889640355e+03
4.249695469283557941e+03
4.249695469283557941e+03
4.036204810770995209e+03
4.036204810770995209e+03
4.036204810770995209e+03
4.036204810770995209e+03
4.096718632021526901e+03
4.355847226085084003e+03
4.355847226085084003e+03
4.193863709047216616e+03
4.133585586258822332e+03
3.987136431406068368e+03
3.840687276553314859e+03
3.840687276553314859e+03
3.952488880281984621e+03
4.276120057845048905e+03
4.276120057845048905e+03
4.196108127838667315e+03
4.018555159212210128e+03
3.841002190585753397e+03
4.163335206683377692e+03
3.954951875408348769e+03
4.089421920914520797e+03
4.089421920914520797e+03
4.089421920914520797e+03
4.098753675727503833e+03
4.108085430540486414e+03
3.852865805893165998e+03
4.268841965496425473e+03
4.104116595565184070e+03
4.120475503892597771e+03
4.120475503892597771e+03
4.104116595565184070e+03
4.104116595565184070e+03
4.120475503892597771e+03
4.058463868701023785e+03
4.215501610046459973e+03
4.343021806200660649e+03
4.343021806200660649e+03
4.284796322055326527e+03
4.226570837909992406e+03
4.226570837909992406e+03
4.226570837909992406e+03
3.807771262528924581e+03
3.807771262528924581e+03
3.822973432539387886e+03
3.900904571955326901e+03
3.978835711371265461e+03
4.135417614535572284e+03
4.135417614535572284e+03
4.156643816284249624e+03
3.953072502324782818e+03
3.944179292382913900e+03
3.944179292382913900e+03
3.944179292382913900e+03
4.127621447954297764e+03
4.127621447954297764e+03
4.128463559497982715e+03
4.079225891974963815e+03
4.128463559497982715e+03
4.049833975553148775e+03
3.971204391608314836e+03
4.161678065519405209e+03
4.168019487019222652e+03
4.179943219134677747e+03
4.179943219134677747e+03
3.958774926493672865e+03
3.958774926493672865e+03
3.958774926493672865e+03
3.958774926493672865e+03
3.794991244933078178e+03
3.794991244933078178e+03
3.794991244933078178e+03
3.794991244933078178e+03
3.901584613913244084e+03
4.008177982893409990e+03
4.256230976914916937e+03
4.278532535528871449e+03
4.256230976914916937e+03
4.264326830463925944e+03
4.157496897191199423e+03
4.082014646687438017e+03
4.006532396183676610e+03
4.006532396183676610e+03
4.084429886882685878e+03
4.087141858319545008e+03
4.084429886882685878e+03
4.087141858319545008e+03
4.076282058826288448e+03
4.065422259333031889e+03
4.119722807991029185e+03
4.184724231679272634e+03
4.184724231679272634e+03
4.155911034044018379e+03
4.155911034044018379e+03
4.155911034044018379e+03
4.155911034044018379e+03
3.990462197778228074e+03
3.990462197778228074e+03
4.199188569962252586e+03
4.210599974648200259e+03
4.210599974648200259e+03
4.222067041033003989e+03
4.233534107417807718e+03
4.233534107417807718e+03
4.233534107417807718e+03
4.403936464804545722e+03
4.418219360949232396e+03
4.470624913178977295e+03
4.461319031336161970e+03
4.452013149493346646e+03
4.452013149493346646e+03
4.422961267254957420e+03
4.422961267254957420e+03
4.422961267254957420e+03
4.352703326827706405e+03
4.352703326827706405e+03
4.352703326827706405e+03
4.292341917357189232e+03
4.436393223788024443e+03
4.436393223788024443e+03
4.459002461655391016e+03
4.486393261296585479e+03
4.486393261296585479e+03
4.486393261296585479e+03
4.428411505852252048e+03
4.392472793321581776e+03
4.428411505852252048e+03
4.088511583947589770e+03
4.088511583947589770e+03
4.088511583947589770e+03
4.088511583947589770e+03
4.525198993245789097e+03
4.525198993245789097e+03
4.161988041357466500e+03
4.161988041357466500e+03
4.299160491327062118e+03
4.299160491327062118e+03
4.299160491327062118e+03
4.271364678112518050e+03
4.142728848701360221e+03
4.142728848701360221e+03
4.275556842912141292e+03
4.275556842912141292e+03
4.275556842912141292e+03
4.275556842912141292e+03
4.153663394164053898e+03
4.020634447101598198e+03
4.020634447101598198e+03
4.125780544785420716e+03
4.125780544785420716e+03
4.143613660378927307e+03
4.161446775972434807e+03
4.095447156386549068e+03
4.033058975369016025e+03
4.033058975369016025e+03
3.932740478339199854e+03
4.119234621803349910e+03
4.069433670096373135e+03
4.019632718389396814e+03
4.107151765464020173e+03
4.019632718389396814e+03
4.102162830111557923e+03
4.012861748550196808e+03
4.073441693444783141e+03
4.073441693444783141e+03
4.073441693444783141e+03
4.120199965951932427e+03
4.166958238459081258e+03
4.222194924726766658e+03
4.166958238459081258e+03
4.075985458386531263e+03
4.075985458386531263e+03
4.075985458386531263e+03
3.997145383959209539e+03
3.997145383959209539e+03
3.827550781311890205e+03
3.619280947756886235e+03
3.619280947756886235e+03
3.592819810100785617e+03
3.566358672444684998e+03
3.778252965009347008e+03
3.906919681716503874e+03
4.020591963891001797e+03
3.911589276930339111e+03
3.911589276930339111e+03
3.911589276930339111e+03
3.911589276930339111e+03
4.091652006274617634e+03
4.091652006274617634e+03
3.832957688150822833e+03
3.832957688150822833e+03
3.837695738200371125e+03
3.936094802812195667e+03
4.034493867424020209e+03
3.912510694262672587e+03
4.034493867424020209e+03
4.055942132531541120e+03
4.055942132531541120e+03
4.298965356561371664e+03
4.000154213604406777e+03
4.692587401834335651e+03
4.692587401834335651e+03
3.967555275620787143e+03
3.967555275620787143e+03
4.155355472197377821e+03
3.795624108638945017e+03
3.930745487897728708e+03
4.065866867156511944e+03
3.716589225060547960e+03
3.716589225060547960e+03
3.698401281908783858e+03
3.698401281908783858e+03
3.727088687471888079e+03
3.754911337378027383e+03
3.782733987284167142e+03
3.842452260434797608e+03
3.935818000759571987e+03
3.842452260434797608e+03
3.807318471946929549e+03
3.778154408510637040e+03
3.778154408510637040e+03
3.778154408510637040e+03
3.676847490710772945e+03
3.624090634878938090e+03
3.624090634878938090e+03
3.694679147091063896e+03
3.767511014611128758e+03
3.767511014611128758e+03
3.767511014611128758e+03
3.767511014611128758e+03
3.736323523244043372e+03
3.736323523244043372e+03
3.782058453835901673e+03
3.782058453835901673e+03
3.784648944136873979e+03
3.787239434437845830e+03
3.706478934212542299e+03
3.976545461102588888e+03
3.721220322900204792e+03
3.721220322900204792e+03
3.721220322900204792e+03
3.612609505626262944e+03
3.503998688352320642e+03
3.830705647426404994e+03
3.758899865938452876e+03
3.758899865938452876e+03
3.758899865938452876e+03
3.803912854420974327e+03
3.823155891229692315e+03
3.842398928038409849e+03
3.842398928038409849e+03
3.790043067377661828e+03
3.731734516559364693e+03
3.717036081628105421e+03
3.731734516559364693e+03
3.887715381754145710e+03
4.043696246948926273e+03
4.177390008712622148e+03
4.099610509918743446e+03
4.123622993146368572e+03
4.099610509918743446e+03
4.091210295365044658e+03
4.091210295365044658e+03
4.091210295365044658e+03
4.091391589631145052e+03
4.170696569370387806e+03
4.091391589631145052e+03
3.943962384100280815e+03
3.867784466091477498e+03
3.867784466091477498e+03
3.867784466091477498e+03
3.867784466091477498e+03
3.899507031358097720e+03
3.796289904585903969e+03
3.796289904585903969e+03
3.629405435427825068e+03
3.629405435427825068e+03
3.629405435427825068e+03
3.596988631626677034e+03
3.571842472061366152e+03
3.571842472061366152e+03
3.612762710764951862e+03
3.612762710764951862e+03
3.506593538600798183e+03
3.400424366436644505e+03
3.400424366436644505e+03
3.628828597827699923e+03
3.628828597827699923e+03
3.359510373899217029e+03
3.160211359959889251e+03
3.109705086972406207e+03
3.059198813984923163e+03
3.059198813984923163e+03
3.103704722350896645e+03
3.103704722350896645e+03
2.938639369012192219e+03
2.881721480688124302e+03
2.798619321776119250e+03
2.715517162864114653e+03
2.715517162864114653e+03
2.732263140557652605e+03
2.732263140557652605e+03
2.593273866710978837e+03
2.593273866710978837e+03
2.601252807365068293e+03
2.609231748019157749e+03
2.671416890819161836e+03
2.671416890819161836e+03
2.520817584637441996e+03
2.268282438892466416e+03
2.056609062901778543e+03
2.015099229850127813e+03
1.973589396798476855e+03
1.973589396798476855e+03
1.973589396798476855e+03
2.020114576445379498e+03
1.996033931221736793e+03
1.996033931221736793e+03
1.936665533367533499e+03
1.877297135513330431e+03
1.877297135513330431e+03
1.877297135513330431e+03
1.943707378524345586e+03
2.010916875194156773e+03
2.010916875194156773e+03
1.991495788732812571e+03
1.972074702271468368e+03
1.972074702271468368e+03
2.107952098805721107e+03
2.158002502187043774e+03
2.178998323064113720e+03
2.319137827882828333e+03
2.323413215152771045e+03
2.327688602422714212e+03
2.340631416917866318e+03
2.371451528853404852e+03
2.371451528853404852e+03
2.371451528853404852e+03
2.402949315063920494e+03
2.456462733922047846e+03
2.509976152780174743e+03
2.762878705718943820e+03
2.932003689301984195e+03
2.970934778480048408e+03
2.970934778480048408e+03
2.797263209716747497e+03
2.791179656708694893e+03
2.785096103700641834e+03
2.617467824015172027e+03
2.560678837330097849e+03
2.560678837330097849e+03
2.594778927627100984e+03
2.633696896366472174e+03
2.633696896366472174e+03
2.633696896366472174e+03
2.797072627540096164e+03
2.797819366586028991e+03
2.797819366586028991e+03
2.713453286005700647e+03
2.646787504126598378e+03
2.646787504126598378e+03
2.646787504126598378e+03
2.667787616588920628e+03
2.677640905502832993e+03
2.667787616588920628e+03
2.677640905502832993e+03
2.527386243096132603e+03
2.584737574110522473e+03
2.642088905124912799e+03
2.642088905124912799e+03
2.910884674490505404e+03
2.910884674490505404e+03
2.534973974333978276e+03
2.434454525163539074e+03
2.468051598976486275e+03
2.501648672789433022e+03
2.501648672789433022e+03
2.685192180164260662e+03
2.921728879389359463e+03
2.841719296839095023e+03
2.921728879389359463e+03
2.881724088114227015e+03
2.841719296839095023e+03
2.716534277541097708e+03
2.716534277541097708e+03
2.716534277541097708e+03
2.774804883583469746e+03
2.721574738272146078e+03
2.721574738272146078e+03
2.721574738272146078e+03
2.477171063629227774e+03
2.477171063629227774e+03
2.776896105760717091e+03
2.776896105760717091e+03
2.755990157554591406e+03
2.755990157554591406e+03
2.755990157554591406e+03
2.755990157554591406e+03
2.839558081194807983e+03
2.767251079999224203e+03
2.937857584185425367e+03
2.895248959297415240e+03
2.922445599918907646e+03
2.949642240540400508e+03
2.949642240540400508e+03
3.042487532886646932e+03
3.042487532886646932e+03
2.786199594937391794e+03
2.786199594937391794e+03
2.858711746219546512e+03
2.931223897501700776e+03
2.948599922838779548e+03
2.996272692831222230e+03
2.948599922838779548e+03
2.852185229905821416e+03
2.797493892817982669e+03
2.688416971077814196e+03
2.688416971077814196e+03
2.944349248698700194e+03
2.944349248698700194e+03
2.954421808663812044e+03
2.954421808663812044e+03
2.954421808663812044e+03
2.853013772370999959e+03
2.853013772370999959e+03
2.814583922582734431e+03
2.754356316795019211e+03
2.754356316795019211e+03
2.744746655425401059e+03
2.744746655425401059e+03
2.758497887038127374e+03
2.772249118650853688e+03
2.772249118650853688e+03
2.706648240426862230e+03
2.535661103479692883e+03
2.706648240426862230e+03
2.812512935653016484e+03
2.827521738610495504e+03
2.842530541567974524e+03
2.960869801589656618e+03
2.960869801589656618e+03
2.819661179911927775e+03
2.725518551893736912e+03
2.723036713307340506e+03
2.713665389503097686e+03
2.704294065698854411e+03
2.673083133773828649e+03
2.673083133773828649e+03
2.736177120922051472e+03
2.797074040627870545e+03
2.854658553061712610e+03
2.859175524320115073e+03
2.863692495578517082e+03
2.870784810763024780e+03
2.870784810763024780e+03
2.732580260700725376e+03
2.732580260700725376e+03
2.679690669464644998e+03
2.753688892039637722e+03
2.827687114614629991e+03
2.827687114614629991e+03
2.865766910583406570e+03
2.932129872470664395e+03
2.962791913721776382e+03
2.966502960691165299e+03
2.966502960691165299e+03
2.966502960691165299e+03
2.860097617534725032e+03
2.833656913247441935e+03
2.692593021504361786e+03
2.692593021504361786e+03
3.000488426079140027e+03
3.000488426079140027e+03
3.000488426079140027e+03
2.910269370441410047e+03
2.910269370441410047e+03
2.534517641349072619e+03
2.934944972728298126e+03
2.918965364304702234e+03
2.918965364304702234e+03
2.918965364304702234e+03
2.905780778556093082e+03
2.811774224329823483e+03
2.811774224329823483e+03
2.999301238641121017e+03
2.999301238641121017e+03
3.002780709715799276e+03
3.006260180790477079e+03
3.006848279147824087e+03
3.017309017075524025e+03
3.006848279147824087e+03
3.017309017075524025e+03
2.879641404987208261e+03
2.982574294338901382e+03
3.085507183690594502e+03
2.773565213065653097e+03
2.910387723893091788e+03
2.910387723893091788e+03
3.012261200912178083e+03
3.012261200912178083e+03
3.030104383067061462e+03
3.047947565221945297e+03
3.007636104571933174e+03
2.958380958359663509e+03
2.958380958359663509e+03
2.958380958359663509e+03
2.778824083228691507e+03
2.746297304996789535e+03
2.713770526764888018e+03
2.778824083228691507e+03
2.781275469749215972e+03
2.865981053270397297e+03
2.939118611127813892e+03
2.939118611127813892e+03
2.948275945959548153e+03
2.957433280791282868e+03
2.927350891334769585e+03
2.926786172927344069e+03
2.908388340027333015e+03
2.908388340027333015e+03
2.914793132050698205e+03
2.923774283626203214e+03
2.932755435201708224e+03
2.914793132050698205e+03
2.857831508951857813e+03
2.816236245005060027e+03
2.857831508951857813e+03
2.878216911355392767e+03
2.945929654931343975e+03
3.013642398507294729e+03
3.124692293305855401e+03
3.124692293305855401e+03
3.124692293305855401e+03
3.014517583248071787e+03
2.865010761958452349e+03
2.865010761958452349e+03
2.865010761958452349e+03
2.955716641918124878e+03
2.955716641918124878e+03
2.899046846538431964e+03
2.800416003611688211e+03
2.844288567626851545e+03
2.844288567626851545e+03
2.844288567626851545e+03
2.844288567626851545e+03
2.787032902799452131e+03
2.787032902799452131e+03
2.841522186873467945e+03
2.841522186873467945e+03
2.863712220700921989e+03
2.885902254528376034e+03
2.872991301131986347e+03
2.935684135518478342e+03
2.954087697544420280e+03
2.992015889567794147e+03
2.992015889567794147e+03
2.992015889567794147e+03
2.954087697544420280e+03
2.954087697544420280e+03
2.938626583934705650e+03
2.859781013461683415e+03
2.851910765491296843e+03
2.812705909695292121e+03
2.822882135792489862e+03
2.833058361889688058e+03
2.811378931886526971e+03
2.811378931886526971e+03
2.600015969648758983e+03
2.600015969648758983e+03
2.682981174796114828e+03
2.709836268146265866e+03
2.736691361496417358e+03
2.837317855317493013e+03
2.736691361496417358e+03
2.705099298127873226e+03
2.580336593274852021e+03
2.575660493234038768e+03
2.575660493234038768e+03
2.575660493234038768e+03
2.575660493234038768e+03
2.675920515829961914e+03
2.450995279421149007e+03
2.675920515829961914e+03
2.694241251239668600e+03
2.694241251239668600e+03
2.694241251239668600e+03
2.694241251239668600e+03
2.688328594474346119e+03
2.775258182787228179e+03
2.694668316884800333e+03
2.694668316884800333e+03
2.694668316884800333e+03
2.694668316884800333e+03
2.751934045866826182e+03
2.751934045866826182e+03
2.592805023040188644e+03
2.592805023040188644e+03
2.592805023040188644e+03
2.634630279097770654e+03
2.676455535155352209e+03
2.559325682043040160e+03
2.610569734692912789e+03
2.610569734692912789e+03
2.610569734692912789e+03
2.532652222497868024e+03
2.532652222497868024e+03
2.532652222497868024e+03
2.619110055440454289e+03
2.619110055440454289e+03
2.619110055440454289e+03
2.608745403092441848e+03
2.523926535083723138e+03
2.523926535083723138e+03
2.523926535083723138e+03
2.527777987619929718e+03
2.527777987619929718e+03
2.527777987619929718e+03
2.564745405925648811e+03
2.564745405925648811e+03
2.637561836314296670e+03
2.710378266702944984e+03
2.732239839249400120e+03
2.732239839249400120e+03
2.661919062514808502e+03
2.661919062514808502e+03
2.663947096104207958e+03
2.734319017913707285e+03
2.804690939723207066e+03
2.817617459799089374e+03
2.817617459799089374e+03
2.768933716453273064e+03
2.768933716453273064e+03
2.764825452050361946e+03
2.789743230671519996e+03
2.814661009292677591e+03
2.814661009292677591e+03
2.876737419183473776e+03
2.885393603200064717e+03
2.885393603200064717e+03
2.885393603200064717e+03
2.735230716074825978e+03
2.585067828949587238e+03
2.585067828949587238e+03
2.851680140552717603e+03
2.884097471438648881e+03
2.851680140552717603e+03
2.680515498179884162e+03
2.641242868290074512e+03
2.601970238400265316e+03
2.580967636038700221e+03
2.601970238400265316e+03
2.444833127108731787e+03
2.156255025489613672e+03
2.118378251209514929e+03
2.118378251209514929e+03
2.118378251209514929e+03
2.368454501937248097e+03
2.368454501937248097e+03
2.274149264321194551e+03
2.171610795914774371e+03
2.170177661325385088e+03
2.170894228620079957e+03
2.171610795914774371e+03
2.345561020587654184e+03
2.345561020587654184e+03
2.227498152205400402e+03
2.216555076745240967e+03
1.988860031219089251e+03
2.014679641865962822e+03
2.040499252512836392e+03
1.988860031219089251e+03
1.978444444737355980e+03
1.902342681062920747e+03
1.768712307268481936e+03
1.622397717643998476e+03
1.622178907581568410e+03
1.621960097519138344e+03
1.621960097519138344e+03
1.700355996270690639e+03
1.767587249734971920e+03
1.767587249734971920e+03
1.897959005743168746e+03
1.943809955296987027e+03
1.989660904850805309e+03
1.989660904850805309e+03
2.006961949386442711e+03
2.070297472548172209e+03
2.070297472548172209e+03
1.999411813216788914e+03
1.999411813216788914e+03
1.999411813216788914e+03
2.272763472973206717e+03
2.317545779771984598e+03
2.379468735083385582e+03
2.385047316315312855e+03
2.571386318368256980e+03
2.653866475808910764e+03
2.736346633249565002e+03
2.736346633249565002e+03
2.597657907430214891e+03
2.597657907430214891e+03
2.733655137089800519e+03
2.797974388645993258e+03
2.797974388645993258e+03
2.797974388645993258e+03
2.932022102885136064e+03
2.932022102885136064e+03
2.957464145559884400e+03
2.957464145559884400e+03
2.648914609586711777e+03
2.648914609586711777e+03
2.648914609586711777e+03
3.104220153795517035e+03
3.104220153795517035e+03
3.069074178068962738e+03
2.966638648811087023e+03
2.856671814128092137e+03
2.911655231469589580e+03
2.966638648811087023e+03
3.086657251726208415e+03
3.102287296087500636e+03
3.102287296087500636e+03
3.102287296087500636e+03
3.254164228472724972e+03
3.347932748689785512e+03
3.441701268906846053e+03
3.896379887986628091e+03
3.910138533804490180e+03
3.942096066593718206e+03
3.942096066593718206e+03
4.062575727498696779e+03
4.126490545978903356e+03
4.190405364459110388e+03
4.071738089821588801e+03
4.252063027833495653e+03
4.252063027833495653e+03
4.380456121040911057e+03
4.380456121040911057e+03
4.424657044363199930e+03
4.468857967685488802e+03
4.468857967685488802e+03
4.468857967685488802e+03
4.287265061990175127e+03
4.287265061990175127e+03
4.621167233198445501e+03
4.627528659175522989e+03
4.633890085152600477e+03
4.759641326717355696e+03
4.868051286368401634e+03
4.897783227222081223e+03
4.897783227222081223e+03
4.756595962527796473e+03
4.756595962527796473e+03
4.756595962527796473e+03
4.798970256613227320e+03
4.844966252337369042e+03
4.902937045529809438e+03
4.902937045529809438e+03
5.130480949513159430e+03
5.147781737024835820e+03
5.165082524536513120e+03
5.130480949513159430e+03
5.158006535573961628e+03
5.023010734463216977e+03
4.869373395347647602e+03
4.826975186405656132e+03
4.518702052963712049e+03
4.210428919521768876e+03
4.210428919521768876e+03
4.946258294871793623e+03
5.053801508087548427e+03
5.020793026751424804e+03
5.020793026751424804e+03
4.252456395887905273e+03
3.484119765024386197e+03
3.484119765024386197e+03
5.123678306268669076e+03
5.123678306268669076e+03
5.041824008061801578e+03
5.038906039560870340e+03
5.040365023811335959e+03
5.041824008061801578e+03
5.205178688143436375e+03
5.205178688143436375e+03
5.205178688143436375e+03
5.253228220353570578e+03
5.253228220353570578e+03
5.253228220353570578e+03
5.253228220353570578e+03
5.348108489644594556e+03
5.348108489644594556e+03
5.239133472868605168e+03
5.161745342658496156e+03
5.111301044328381977e+03
5.111301044328381977e+03
5.111301044328381977e+03
5.321156976510881577e+03
5.321156976510881577e+03
5.038919553708460626e+03
5.038919553708460626e+03
5.105936206896551994e+03
5.105936206896551994e+03
5.105936206896551994e+03
5.402326917376160964e+03
5.573968963061121940e+03
5.573968963061121940e+03
5.573968963061121940e+03
5.573968963061121940e+03
5.573968963061121940e+03
5.573968963061121940e+03
5.292532868766312276e+03
5.233483478236612427e+03
5.292532868766312276e+03
5.324277243065484981e+03
5.324277243065484981e+03
5.289071820833560196e+03
5.253866398601634501e+03
5.036373957940341825e+03
5.253866398601634501e+03
5.219594517257074585e+03
5.219594517257074585e+03
5.115937734601132433e+03
5.115937734601132433e+03
5.115937734601132433e+03
5.322019708388867002e+03
5.398788016791304472e+03
5.322019708388867002e+03
5.506716916782372209e+03
5.299907916229467446e+03
5.240711376325543824e+03
5.181514836421619293e+03
5.181514836421619293e+03
5.173047418069846572e+03
4.913732005358914648e+03
4.913732005358914648e+03
5.303357622885820092e+03
5.303357622885820092e+03
5.303357622885820092e+03
5.303357622885820092e+03
5.316247269457023322e+03
5.466424904305614291e+03
5.466424904305614291e+03
5.465537685506768867e+03
5.465537685506768867e+03
5.465537685506768867e+03
5.465537685506768867e+03
5.462665149021043362e+03
5.356983251786031360e+03
5.247476969457506129e+03
5.304672055648028618e+03
5.304672055648028618e+03
5.304672055648028618e+03
5.304672055648028618e+03
5.259548723526942922e+03
5.162798440123233377e+03
5.162798440123233377e+03
5.350230717973729952e+03
5.350230717973729952e+03
5.350230717973729952e+03
5.350230717973729952e+03
5.061557893188250091e+03
5.363820371953523136e+03
4.607890121508031370e+03
5.195386309641799016e+03
5.036757196059267699e+03
4.878128082476736381e+03
4.878128082476736381e+03
4.878128082476736381e+03
4.772889463858393356e+03
4.948998656509738794e+03
5.122105009367499406e+03
5.338955553855057587e+03
5.555806098342615769e+03
5.250880433769394585e+03
5.250880433769394585e+03
5.049571773146443775e+03
5.049571773146443775e+03
5.071162289357038389e+03
5.131071747113073798e+03
5.190981204869109206e+03
5.190981204869109206e+03
5.130866902865310294e+03
4.987131140675377537e+03
4.987131140675377537e+03
4.987131140675377537e+03
5.056555879562053633e+03
5.125980618448729729e+03
5.213634819639963098e+03
5.265959114971058625e+03
5.251262691838136561e+03
5.265959114971058625e+03
5.251262691838136561e+03
5.133449732174014571e+03
5.015636772509892580e+03
5.015636772509892580e+03
5.106025336405645248e+03
5.229211481230495338e+03
