1.836684365323992779e+03
1.836684365323992779e+03
1.771860606233538192e+03
1.766828034101876938e+03
1.766828034101876938e+03
1.766051359169956186e+03
1.778592530174767944e+03
1.778592530174767944e+03
1.778592530174767944e+03
1.805595100412012471e+03
1.849828928583631978e+03
1.950239293155904306e+03
1.950239293155904306e+03
1.998014184829879923e+03
1.910607021768029426e+03
1.823199858706178929e+03
1.889676608776162993e+03
1.849370321325091936e+03
1.889676608776162993e+03
1.902352946022552487e+03
2.182841192861200852e+03
2.182841192861200852e+03
2.182841192861200852e+03
2.182841192861200852e+03
2.182841192861200852e+03
2.182841192861200852e+03
2.182841192861200852e+03
2.182841192861200852e+03
1.912414734670192047e+03
1.912414734670192047e+03
1.912414734670192047e+03
1.912414734670192047e+03
2.118182833432392272e+03
1.954329099266292815e+03
2.085409326765079186e+03
2.085409326765079186e+03
2.085409326765079186e+03
2.085409326765079186e+03
2.085362830282531377e+03
1.916204080764220407e+03
2.085362830282531377e+03
2.025715100827946344e+03
2.092216028974084111e+03
2.158716957120222105e+03
2.025715100827946344e+03
1.944581915248946416e+03
1.944581915248946416e+03
2.066282316773394086e+03
2.066282316773394086e+03
2.043296784480973201e+03
2.020311252188552089e+03
1.798053068420616910e+03
1.798053068420616910e+03
1.870061260143680784e+03
1.941784109343556111e+03
2.142247154170090653e+03
2.115116745876233836e+03
2.087986337582377018e+03
2.087986337582377018e+03
2.087986337582377018e+03
2.089322856332964420e+03
2.089322856332964420e+03
1.967985781651042089e+03
1.967985781651042089e+03
1.967985781651042089e+03
1.967985781651042089e+03
1.932886647447448013e+03
1.932886647447448013e+03
1.982753322463767972e+03
2.159571297369689091e+03
2.118614454154255327e+03
2.077657610938821563e+03
2.077657610938821563e+03
1.984568478219395956e+03
1.972674366817293276e+03
1.972674366817293276e+03
1.968484105139865051e+03
1.951851314633365973e+03
1.935218524126866896e+03
1.792229615926918996e+03
1.792229615926918996e+03
1.932184501096010308e+03
1.932184501096010308e+03
1.932184501096010308e+03
1.948595103832039513e+03
1.965005706568068490e+03
1.965005706568068490e+03
1.965005706568068490e+03
1.917227619395614965e+03
2.196089082307045373e+03
1.972493622365999954e+03
2.074479133244758941e+03
2.176464644123517701e+03
1.972493622365999954e+03
1.985751282672918705e+03
1.811940406909063540e+03
1.964748592024796835e+03
1.811940406909063540e+03
1.818617950063292938e+03
1.825295493217522107e+03
1.800738872276866914e+03
1.825295493217522107e+03
1.890265418667568838e+03
1.931367207346246005e+03
1.931367207346246005e+03
1.775979607177333719e+03
1.620592007008421433e+03
1.379626865408739150e+03
1.351308687969834409e+03
1.351308687969834409e+03
1.902685891982556086e+03
1.939744303329222930e+03
1.939744303329222930e+03
1.939744303329222930e+03
1.921396376972740427e+03
1.890702815378006790e+03
1.890702815378006790e+03
1.890702815378006790e+03
1.806629331381993097e+03
1.782213320330171655e+03
1.757797309278350212e+03
1.648042240875912512e+03
1.648042240875912512e+03
1.673636176470588225e+03
1.781262974763202237e+03
2.013410875747716773e+03
2.013410875747716773e+03
2.013410875747716773e+03
2.013410875747716773e+03
1.846081729174448810e+03
1.883133278482797550e+03
1.883133278482797550e+03
1.963836816526988741e+03
2.014946924192888673e+03
2.066057031858788378e+03
1.963836816526988741e+03
1.910268392960602796e+03
1.845415575421266340e+03
1.845415575421266340e+03
1.867084949219922464e+03
1.870531548726167330e+03
1.873978148232411968e+03
1.867084949219922464e+03
1.839680304032842287e+03
1.816343643001345981e+03
1.796352335108349507e+03
1.796352335108349507e+03
1.797345414951166731e+03
1.798338494793984182e+03
1.798338494793984182e+03
1.791694364343360576e+03
1.791694364343360576e+03
1.881812311179488006e+03
1.989169531168992080e+03
1.981940552245688195e+03
1.974711573322384083e+03
1.974711573322384083e+03
1.974711573322384083e+03
1.964257359035468426e+03
1.964257359035468426e+03
1.964257359035468426e+03
1.933557569303957280e+03
1.902857779572446361e+03
2.150524066949036751e+03
2.099713831180104989e+03
2.099713831180104989e+03
2.099713831180104989e+03
1.905753944678041080e+03
1.935559917081834783e+03
1.965365889485628486e+03
1.910871266279913016e+03
1.916921109540636053e+03
1.916921109540636053e+03
1.916921109540636053e+03
2.270973047711029722e+03
2.249542259919223397e+03
2.228111472127417073e+03
2.228111472127417073e+03
2.228111472127417073e+03
1.834034951221409301e+03
2.150898290767519939e+03
2.150898290767519939e+03
2.310257749338751637e+03
2.469617207909983790e+03
2.469617207909983790e+03
2.288728721748670523e+03
2.210909389072301110e+03
2.158373437196895793e+03
2.158373437196895793e+03
2.158373437196895793e+03
2.158373437196895793e+03
2.172667868388683473e+03
2.039688471209658701e+03
2.027587565858111930e+03
2.022359372422098431e+03
2.001928330575883137e+03
2.012143851498990898e+03
2.022359372422098431e+03
2.118089627386669690e+03
2.416593930679664027e+03
2.416593930679664027e+03
2.249463398953662363e+03
2.249463398953662363e+03
2.249463398953662363e+03
2.249463398953662363e+03
2.201746092997041615e+03
2.201746092997041615e+03
2.446503082995113346e+03
2.446503082995113346e+03
2.192060983794126514e+03
2.192060983794126514e+03
2.192060983794126514e+03
2.400422651429468715e+03
2.400422651429468715e+03
2.541406620991020191e+03
2.083302388925877040e+03
2.343170005520286850e+03
2.343170005520286850e+03
2.343170005520286850e+03
2.343170005520286850e+03
2.124394807632944776e+03
2.124394807632944776e+03
2.269035471024512844e+03
2.269035471024512844e+03
2.268084684159029166e+03
2.267133897293545942e+03
2.229423282493196893e+03
2.229423282493196893e+03
2.216082527596326599e+03
2.308381685377017675e+03
2.306353510783941601e+03
2.306353510783941601e+03
2.306353510783941601e+03
2.306353510783941601e+03
2.299004543167305201e+03
2.284785486017698986e+03
2.284785486017698986e+03
2.472323453357294511e+03
2.472323453357294511e+03
2.472323453357294511e+03
2.003766463587374801e+03
1.928149180770934890e+03
1.928149180770934890e+03
2.100172416622041055e+03
2.100172416622041055e+03
2.100172416622041055e+03
2.100172416622041055e+03
2.145492440469834492e+03
2.525709009463722850e+03
2.525709009463722850e+03
2.238951118177315493e+03
2.238951118177315493e+03
2.216644502998303324e+03
2.194337887819291154e+03
2.149756600687715036e+03
2.149756600687715036e+03
2.476403597016948879e+03
2.542105779484464165e+03
2.715147825909300991e+03
2.715147825909300991e+03
2.715147825909300991e+03
2.768046554211880448e+03
2.435062830848362410e+03
2.656055361992902363e+03
2.433939763385262722e+03
2.656055361992902363e+03
2.552479300160893672e+03
2.448903238328884981e+03
2.448903238328884981e+03
2.356502469725970059e+03
2.356502469725970059e+03
2.407145245032541425e+03
2.673368456375838832e+03
2.673368456375838832e+03
2.505743076236559773e+03
2.286806117572692528e+03
2.286806117572692528e+03
2.286806117572692528e+03
2.286806117572692528e+03
2.286806117572692528e+03
2.445777444280818600e+03
2.604748770988945125e+03
2.604748770988945125e+03
2.566027480481878683e+03
2.566027480481878683e+03
2.622460537695062612e+03
2.673984291542598839e+03
2.673984291542598839e+03
2.673984291542598839e+03
2.673984291542598839e+03
2.619513986744629165e+03
2.593639203741910933e+03
2.572280425053060299e+03
2.552581335066338397e+03
2.532732426062269042e+03
2.512883517058200141e+03
2.512883517058200141e+03
2.537034836821380395e+03
2.537034836821380395e+03
2.506405868498819473e+03
2.348217935892940659e+03
2.314986056188227849e+03
2.281754176483515039e+03
2.281754176483515039e+03
2.287231030031571208e+03
2.301770169852847175e+03
2.445473768059532176e+03
2.577127021825352131e+03
2.697764103570265434e+03
2.818401185315178736e+03
2.915709388072028105e+03
2.915734283407521616e+03
3.075240883696768833e+03
3.075240883696768833e+03
3.059362894051385410e+03
3.059038396230942453e+03
3.058713898410499951e+03
3.059362894051385410e+03
3.069160171657185856e+03
3.134838194924901927e+03
3.201671983397674012e+03
3.244548931881993212e+03
3.324580458047669708e+03
3.404611984213346204e+03
3.600840973698324433e+03
3.725597140540675355e+03
3.763175636974131976e+03
3.902486719615708807e+03
3.902486719615708807e+03
3.907518372698134954e+03
3.912550025780561100e+03
3.804572972190971086e+03
3.804572972190971086e+03
3.760590941199479857e+03
3.608095134985263940e+03
3.608095134985263940e+03
3.608095134985263940e+03
3.608095134985263940e+03
3.680379573111321406e+03
3.680379573111321406e+03
3.680379573111321406e+03
3.801570531296600620e+03
3.681592044549927778e+03
3.730033613902172419e+03
3.778475183254417061e+03
3.681592044549927778e+03
3.778475183254417061e+03
3.769640330629461459e+03
3.769640330629461459e+03
3.769640330629461459e+03
3.748072040956525598e+03
3.726503751283590191e+03
3.726503751283590191e+03
3.726503751283590191e+03
3.713785239481969711e+03
3.832780114155812953e+03
3.596386906165364962e+03
3.596386906165364962e+03
3.596386906165364962e+03
3.596386906165364962e+03
3.751079238191225159e+03
3.867235089151162811e+03
3.751079238191225159e+03
3.532360850582148032e+03
3.532360850582148032e+03
3.532360850582148032e+03
3.532360850582148032e+03
3.625303519881518241e+03
3.625303519881518241e+03
3.625303519881518241e+03
3.698594799493812843e+03
3.778643371814298916e+03
3.858691944134785444e+03
3.858691944134785444e+03
3.761061821779681850e+03
3.761061821779681850e+03
3.662389780665887884e+03
3.662389780665887884e+03
3.662389780665887884e+03
3.662389780665887884e+03
3.590995815001399023e+03
3.459430958937198284e+03
3.459430958937198284e+03
3.651161774661508844e+03
3.651161774661508844e+03
3.637368716270549157e+03
3.623575657879589471e+03
3.254984817048242348e+03
3.254984817048242348e+03
3.506427865692048726e+03
3.850437118319432102e+03
3.850437118319432102e+03
3.850437118319432102e+03
3.850437118319432102e+03
3.593117477099237021e+03
3.960481236173033722e+03
3.960481236173033722e+03
4.002113707797271218e+03
4.019067047145225388e+03
4.019067047145225388e+03
4.019067047145225388e+03
4.004488250887573940e+03
4.004488250887573940e+03
3.995277972601313195e+03
3.951140340888152878e+03
3.951140340888152878e+03
3.951140340888152878e+03
3.951140340888152878e+03
4.017294303453652901e+03
3.843671354350465208e+03
4.017294303453652901e+03
4.017294303453652901e+03
4.017294303453652901e+03
4.175031686865714619e+03
4.175031686865714619e+03
4.175031686865714619e+03
3.829144552721617856e+03
3.809135854982717774e+03
3.809135854982717774e+03
3.809135854982717774e+03
3.932547581489401637e+03
4.055959307996085954e+03
4.055959307996085954e+03
4.055959307996085954e+03
4.038769289127686989e+03
4.142136205379862076e+03
3.777888410227992154e+03
3.960012307803926888e+03
4.142136205379862076e+03
3.963252614422201987e+03
3.989773843793308970e+03
3.989773843793308970e+03
3.989773843793308970e+03
4.098332549493470651e+03
3.876664551846321956e+03
3.654996554199172806e+03
4.098332549493470651e+03
3.868306207352025467e+03
4.111855398994865027e+03
4.111855398994865027e+03
4.136521840174870704e+03
4.136521840174870704e+03
4.136521840174870704e+03
4.136521840174870704e+03
3.970450329232283821e+03
3.970450329232283821e+03
3.970450329232283821e+03
3.826015988422908777e+03
3.826015988422908777e+03
3.826015988422908777e+03
3.826015988422908777e+03
4.106285859632474057e+03
4.259106563148789064e+03
4.335635680574009712e+03
4.335635680574009712e+03
4.112186986892284949e+03
3.888738293210560641e+03
3.888738293210560641e+03
3.810203474336984073e+03
4.367730968307591866e+03
4.092717682408173459e+03
4.124824618158310841e+03
4.124824618158310841e+03
4.124824618158310841e+03
4.190507534865731031e+03
4.210545090078717294e+03
4.210545090078717294e+03
4.255716913528591249e+03
4.255716913528591249e+03
4.298677303397099422e+03
4.341637693265607595e+03
4.341637693265607595e+03
4.341637693265607595e+03
4.087909236391553804e+03
4.036753785134600093e+03
4.031870089479136823e+03
4.031870089479136823e+03
4.031870089479136823e+03
4.031870089479136823e+03
4.151128767753075408e+03
4.151128767753075408e+03
3.910347737261480688e+03
3.910347737261480688e+03
3.973637200130136080e+03
4.036926662998791016e+03
4.093578305342731255e+03
4.036926662998791016e+03
4.001822653910150166e+03
4.001822653910150166e+03
4.090869692617623969e+03
4.159472890131410168e+03
4.228076087645195912e+03
4.293394579603937927e+03
4.293394579603937927e+03
4.163654437743492963e+03
4.163654437743492963e+03
4.163654437743492963e+03
4.148345733003432542e+03
4.133037028263373031e+03
4.133037028263373031e+03
4.113533276921517427e+03
4.306761444837035015e+03
4.183804209719334722e+03
4.183804209719334722e+03
4.127235818375542294e+03
4.070667427031750776e+03
4.070667427031750776e+03
3.782010648181275883e+03
4.166607918680377225e+03
4.166607918680377225e+03
4.166607918680377225e+03
4.250235709434085038e+03
4.333863500187792852e+03
4.333863500187792852e+03
4.427101821084916992e+03
4.427101821084916992e+03
4.145626811149032619e+03
4.145626811149032619e+03
4.315289227684301295e+03
4.484951644219569971e+03
4.484951644219569971e+03
4.381714203417224780e+03
4.381714203417224780e+03
4.550274097232799249e+03
4.550274097232799249e+03
4.571967781793238828e+03
4.593661466353677497e+03
4.182941718366180794e+03
4.383581955812248452e+03
4.383581955812248452e+03
4.383581955812248452e+03
4.437589673588170626e+03
4.511824808687375480e+03
4.586059943786580334e+03
4.586059943786580334e+03
4.586059943786580334e+03
4.254010043633761597e+03
4.336980995095463186e+03
4.254010043633761597e+03
4.258657572740986325e+03
4.263305101848211052e+03
4.263305101848211052e+03
4.263305101848211052e+03
4.348989274965035293e+03
4.140402105451830721e+03
4.095986986914179852e+03
4.095986986914179852e+03
4.095986986914179852e+03
4.460956836528351232e+03
4.498430648942689913e+03
4.498430648942689913e+03
4.366554641524192448e+03
4.366554641524192448e+03
4.406220888530690900e+03
4.445887135537189351e+03
4.601749190725505287e+03
4.601749190725505287e+03
4.469748301784928117e+03
4.332047071577353563e+03
4.332047071577353563e+03
4.332047071577353563e+03
4.332047071577353563e+03
4.192735155124343692e+03
4.192735155124343692e+03
4.192735155124343692e+03
3.985099816807655316e+03
4.418615186953140437e+03
4.418615186953140437e+03
4.418615186953140437e+03
4.568249715165432463e+03
4.568249715165432463e+03
3.822139695091672820e+03
3.822139695091672820e+03
3.828970019937275993e+03
4.215144490383884659e+03
4.601318960830492870e+03
4.701418392816328378e+03
4.601318960830492870e+03
4.208196238918918425e+03
4.208196238918918425e+03
4.202471603866721125e+03
4.379013029656132858e+03
4.555554455445544590e+03
4.448986416170213488e+03
4.700050435769103387e+03
4.884290906789304245e+03
4.909521723835617195e+03
5.101342134584998348e+03
5.195877965084610878e+03
5.290413795584223408e+03
5.498798543766578405e+03
5.752342112575301144e+03
5.518141513361463694e+03
5.752342112575301144e+03
5.752342112575301144e+03
6.683335262661141314e+03
6.683335262661141314e+03
7.513352191812867204e+03
7.112621217391304526e+03
7.112621217391304526e+03
6.123426549828178395e+03
6.123426549828178395e+03
6.556152808138311229e+03
6.988879066448444064e+03
7.012167329913179856e+03
7.012167329913179856e+03
7.012167329913179856e+03
6.905068947347843277e+03
6.512118068609705006e+03
6.276419555501273862e+03
6.040721042392842719e+03
6.040721042392842719e+03
5.924763414484452369e+03
6.955424037636860703e+03
6.380097256688358357e+03
6.788005515702215234e+03
6.765040304122798261e+03
6.742075092543380379e+03
6.788005515702215234e+03
6.793833161477637077e+03
7.271029685560518374e+03
6.793833161477637077e+03
6.518229506143668004e+03
6.518229506143668004e+03
6.518229506143668004e+03
6.641420426650091940e+03
6.641420426650091940e+03
6.279144330216743583e+03
6.279144330216743583e+03
6.501281836009024119e+03
6.501281836009024119e+03
6.501281836009024119e+03
6.501281836009024119e+03
6.501281836009024119e+03
6.501281836009024119e+03
6.501281836009024119e+03
6.541765722474624454e+03
6.647919938418291167e+03
6.754074154361957881e+03
6.788304778126784186e+03
6.754074154361957881e+03
6.429857391994369209e+03
6.367509108186080084e+03
6.367509108186080084e+03
6.267760145054220629e+03
6.168011181922360265e+03
6.804359539735672115e+03
6.478540089557389365e+03
6.575119501479251085e+03
6.571083226089332129e+03
6.571083226089332129e+03
6.418121372414716461e+03
6.265159518740101703e+03
5.657571224662556233e+03
5.171813844352057458e+03
4.985352873487167926e+03
4.964623207183162776e+03
4.964623207183162776e+03
5.055926234473804470e+03
5.147229261764446164e+03
5.232963569286007441e+03
5.322085288859445427e+03
5.237969045094901048e+03
5.322085288859445427e+03
5.621156885874649561e+03
5.766444574271190504e+03
5.911732262667730538e+03
6.276931258390693984e+03
6.494008233721651777e+03
6.915959870746105480e+03
6.915959870746105480e+03
7.043938903917220159e+03
6.995409251761857377e+03
6.946879599606494594e+03
7.043938903917220159e+03
7.095050175602779746e+03
7.120348301040340630e+03
7.120348301040340630e+03
7.048432236149446908e+03
7.048432236149446908e+03
7.048432236149446908e+03
7.190027861696663422e+03
7.438002066905196443e+03
7.509881250315945181e+03
7.857688543303739607e+03
8.218048246601812934e+03
8.256633229243157984e+03
8.295218211884501216e+03
8.295218211884501216e+03
8.382936821580622563e+03
8.424206923475494477e+03
8.424206923475494477e+03
8.424206923475494477e+03
8.477657118604540301e+03
8.531107313733587944e+03
8.531107313733587944e+03
8.318967582507333645e+03
8.179734421307619414e+03
8.179734421307619414e+03
7.889098302743321256e+03
8.036788719793315067e+03
8.184479136843308879e+03
7.862623208778583830e+03
7.800995529167795212e+03
7.800995529167795212e+03
7.391099053936007294e+03
8.251065579995796725e+03
8.283068874471402523e+03
8.315072168947010141e+03
8.359914814942287194e+03
8.359914814942287194e+03
8.250630721668958358e+03
8.042633041261578001e+03
7.810908236190617572e+03
7.682912986329488376e+03
7.554917736468359180e+03
7.554917736468359180e+03
7.554917736468359180e+03
7.595764551578739884e+03
7.248467403166446275e+03
7.595764551578739884e+03
7.689232547933410387e+03
7.782700544288079982e+03
7.782700544288079982e+03
7.735029149287322070e+03
7.325094053576040096e+03
7.268398137753309129e+03
7.325094053576040096e+03
7.951024852132342858e+03
8.576955650688645619e+03
8.576955650688645619e+03
8.576955650688645619e+03
8.153968810780882450e+03
7.585638841749371750e+03
7.256948898243730582e+03
7.256948898243730582e+03
7.256948898243730582e+03
7.363726097195041802e+03
8.065194814062342630e+03
7.643702826446282415e+03
7.668544683532484669e+03
7.668544683532484669e+03
7.668544683532484669e+03
7.668544683532484669e+03
7.925868890623178231e+03
7.790519561660236832e+03
7.990598578150865251e+03
7.790519561660236832e+03
8.207590748550092030e+03
8.060679235231722487e+03
7.913767721913353853e+03
8.208856675959359563e+03
7.913767721913353853e+03
7.952673179853830334e+03
7.619612790693561692e+03
7.952673179853830334e+03
7.786142985273696468e+03
7.619612790693561692e+03
8.123565067861428361e+03
7.999524585468956502e+03
8.123565067861428361e+03
7.999524585468956502e+03
8.206997108084146021e+03
8.369341633919186279e+03
8.531686159754224718e+03
8.531686159754224718e+03
8.531686159754224718e+03
8.531686159754224718e+03
7.353664849209739259e+03
7.353664849209739259e+03
7.918321930637207515e+03
8.482979012064675771e+03
8.482979012064675771e+03
7.735090069701279390e+03
7.035567465116279891e+03
7.735090069701279390e+03
7.336949035972988895e+03
7.807791597191078836e+03
8.278634158409167867e+03
8.278634158409167867e+03
8.427465689151702463e+03
8.427465689151702463e+03
7.206184054256726085e+03
7.206184054256726085e+03
7.784579537128362972e+03
8.362975019999999859e+03
8.413519589600842664e+03
8.413519589600842664e+03
6.964545562951848297e+03
6.964545562951848297e+03
8.244214712820512432e+03
8.244214712820512432e+03
8.244214712820512432e+03
8.278941099775340263e+03
8.278941099775340263e+03
8.278941099775340263e+03
7.222564419699870086e+03
7.222564419699870086e+03
7.653014890884417582e+03
8.083465362068965078e+03
8.083465362068965078e+03
9.260258395654016567e+03
7.779772509049773362e+03
7.779772509049773362e+03
7.779772509049773362e+03
8.329114469742506117e+03
8.878456430435238872e+03
8.878456430435238872e+03
7.903226195863602698e+03
7.859699792452830479e+03
7.859699792452830479e+03
7.995164436282050701e+03
8.310609426371178415e+03
8.626054416460305220e+03
8.626054416460305220e+03
8.268478615606296444e+03
7.610557382999510082e+03
8.268478615606296444e+03
8.315532469527679496e+03
8.315532469527679496e+03
8.315532469527679496e+03
8.446876372015916786e+03
8.446876372015916786e+03
8.446876372015916786e+03
7.967111968138276097e+03
7.967111968138276097e+03
7.685352624667609234e+03
7.403593281196942371e+03
7.462741901882352067e+03
7.462741901882352067e+03
7.462741901882352067e+03
8.204058116848849750e+03
7.677892430742334909e+03
7.677892430742334909e+03
7.677892430742334909e+03
7.677892430742334909e+03
9.306647062737376473e+03
9.306647062737376473e+03
7.210344823712304787e+03
7.210344823712304787e+03
7.353586010745515523e+03
7.496827197778726259e+03
8.371825044321329187e+03
8.874248723194750710e+03
9.201495473765868155e+03
8.874248723194750710e+03
7.484986136895236086e+03
7.484986136895236086e+03
7.484986136895236086e+03
7.484986136895236086e+03
7.641061460584794986e+03
6.665734882524924615e+03
6.536368546651181532e+03
6.536368546651181532e+03
6.998241848692099666e+03
7.460115150733017799e+03
8.392924216256349609e+03
7.745409193365144347e+03
7.745409193365144347e+03
7.745409193365144347e+03
8.145021762138572740e+03
8.145021762138572740e+03
8.145021762138572740e+03
8.145021762138572740e+03
8.178224761955991198e+03
8.178224761955991198e+03
7.851972130313864909e+03
7.851972130313864909e+03
8.012835655183862400e+03
8.173699180053859891e+03
8.173699180053859891e+03
8.173699180053859891e+03
8.474622770874262642e+03
8.474622770874262642e+03
7.879805896306272189e+03
7.797826634701586954e+03
7.715847373096900810e+03
7.879805896306272189e+03
7.715847373096900810e+03
8.317545569670381155e+03
7.435580743441288178e+03
7.424046902015074011e+03
7.424046902015074011e+03
7.424046902015074011e+03
8.909970580490913562e+03
1.022813057545965421e+04
1.022813057545965421e+04
7.802450919368446193e+03
7.802450919368446193e+03
8.229690405164405092e+03
8.656929890960362172e+03
1.014257682232212574e+04
8.656929890960362172e+03
7.878912526640355281e+03
7.878912526640355281e+03
7.445875914827584893e+03
8.266947941432057632e+03
9.088019968036531282e+03
9.238135676086119929e+03
9.238135676086119929e+03
9.238135676086119929e+03
8.452702235875705810e+03
9.299036491863620540e+03
9.473948042806809099e+03
9.648859593749999476e+03
1.043787806870229178e+04
9.648859593749999476e+03
1.020636869816156468e+04
9.356600158931616534e+03
9.558148074031456417e+03
9.457374116481536475e+03
9.356600158931616534e+03
9.188569629855364838e+03
8.741385888828339375e+03
7.920098824279520159e+03
7.920098824279520159e+03
7.750387016063479678e+03
8.361161967318057577e+03
8.971936918572635477e+03
8.971936918572635477e+03
9.744178506970847593e+03
9.744178506970847593e+03
9.744178506970847593e+03
9.521273796375864549e+03
9.567473653266722977e+03
9.613673510157583223e+03
9.521273796375864549e+03
9.613673510157583223e+03
9.766430668177556072e+03
9.766430668177556072e+03
9.182049150766610182e+03
8.996955931066651829e+03
8.811862711366695294e+03
9.182049150766610182e+03
9.783296055139055170e+03
9.783296055139055170e+03
9.470346310922068369e+03
9.457151175563172728e+03
9.457262405503308401e+03
9.457373635443442254e+03
9.457373635443442254e+03
9.457373635443442254e+03
8.531494560783557972e+03
8.478417054216868564e+03
8.478417054216868564e+03
9.072096485434471106e+03
9.665775916652075466e+03
9.745389157975932903e+03
9.665775916652075466e+03
8.647542916224187138e+03
8.647542916224187138e+03
9.462095497297299517e+03
9.661915098064668200e+03
9.861734698832036884e+03
9.861734698832036884e+03
9.284373875577219223e+03
8.940942857215966797e+03
8.821001161899985163e+03
8.821001161899985163e+03
8.980573255663868622e+03
9.140145349427752080e+03
1.183712204401379131e+04
1.183712204401379131e+04
1.058762117688062608e+04
9.636787184616989180e+03
9.636787184616989180e+03
9.636787184616989180e+03
9.636787184616989180e+03
9.635882058308437990e+03
9.635882058308437990e+03
9.979603757381033574e+03
9.979603757381033574e+03
1.007496279722004329e+04
1.062382573538343422e+04
1.117268867354682334e+04
1.117268867354682334e+04
1.062289221983418247e+04
9.722854825584119681e+03
1.062289221983418247e+04
9.674265083184580362e+03
9.988424889119391082e+03
1.030258469505420180e+04
9.964251037180296407e+03
9.964251037180296407e+03
8.935264785117522479e+03
8.935264785117522479e+03
8.935264785117522479e+03
8.404275816437364483e+03
8.404275816437364483e+03
7.588917204511431919e+03
6.856041312906461826e+03
6.572179968061514046e+03
6.060692672497150852e+03
5.647655259213290265e+03
5.647655259213290265e+03
5.647655259213290265e+03
6.002439078540938681e+03
6.002439078540938681e+03
5.815424660872591630e+03
5.527128555014270205e+03
5.261363678900963350e+03
5.186760312566128960e+03
5.112156946231294569e+03
5.062877163020856642e+03
4.941608116832369888e+03
4.941608116832369888e+03
4.900377355963862101e+03
4.838188264647455981e+03
4.822818012227551662e+03
4.807447759807648254e+03
4.807447759807648254e+03
4.831187543988925427e+03
4.848542768864718710e+03
4.831187543988925427e+03
4.751928539183955763e+03
4.719962234955602071e+03
4.687995930727248378e+03
4.591355712730775849e+03
4.557535635117708807e+03
4.338086249678445711e+03
4.335493834614329899e+03
4.335493834614329899e+03
4.379428732134641905e+03
4.423363629654953002e+03
4.598321404035863452e+03
4.681056990905892235e+03
4.711023224315190419e+03
4.799249399974879452e+03
4.875446651166529591e+03
4.875518829682743672e+03
4.875591008198957752e+03
4.961344906385094873e+03
5.042491672097193259e+03
5.191692742096378424e+03
5.246615593942285159e+03
5.378050947144360180e+03
5.413024532703728255e+03
5.447998118263095421e+03
5.497993297310105845e+03
5.572375223116315283e+03
5.605615253808121452e+03
5.605615253808121452e+03
5.721424778602705373e+03
5.659129238877590069e+03
5.596833699152474765e+03
5.510362333557012789e+03
5.509534002509772108e+03
5.469710700866092338e+03
5.347679663670360242e+03
5.347679663670360242e+03
5.351411305218794951e+03
5.355142946767230569e+03
5.355142946767230569e+03
5.355142946767230569e+03
5.460722895260402765e+03
5.460722895260402765e+03
5.371859960033840252e+03
5.359625350728064404e+03
5.347390741422288556e+03
5.159821428439286137e+03
5.050433443882005122e+03
5.050433443882005122e+03
5.050433443882005122e+03
5.139257135341891626e+03
5.252081444245704915e+03
5.364905753149518205e+03
5.410456973366346574e+03
5.476787504861980779e+03
5.410456973366346574e+03
5.561219308202690627e+03
5.455681239997187731e+03
5.521268424840067382e+03
5.586855609682947033e+03
5.586855609682947033e+03
5.586855609682947033e+03
5.749824004925477311e+03
5.829255093774688248e+03
5.829255093774688248e+03
5.880769536170681022e+03
5.932283978566673795e+03
5.620928160566194492e+03
5.412689801934255229e+03
5.378789825134787861e+03
5.412689801934255229e+03
5.460003539623828146e+03
5.722138543572746130e+03
5.984273547521664113e+03
5.984273547521664113e+03
5.876317871143375669e+03
5.383638902489916291e+03
5.371534274641954653e+03
5.371534274641954653e+03
5.597787810837078723e+03
5.824041347032203703e+03
6.100030828485456368e+03
6.100030828485456368e+03
6.100030828485456368e+03
6.100030828485456368e+03
6.297909160745643931e+03
6.297909160745643931e+03
6.297909160745643931e+03
6.297909160745643931e+03
6.241674413179413023e+03
6.149860473371983971e+03
6.241674413179413023e+03
6.141277637227843115e+03
6.148029232055385364e+03
6.154780826882927613e+03
5.931239354135213034e+03
5.957354712273642690e+03
5.957354712273642690e+03
5.957354712273642690e+03
6.069687312149093486e+03
6.055035859344283381e+03
6.040384406539473275e+03
6.099344607010004438e+03
6.040384406539473275e+03
5.877719105016410140e+03
5.877719105016410140e+03
5.877719105016410140e+03
5.877719105016410140e+03
5.983979422450859602e+03
5.983979422450859602e+03
6.020674049397590352e+03
6.101575276208844116e+03
6.134959099210323075e+03
6.262082844250914604e+03
6.273399271648131617e+03
6.284715699045347719e+03
6.284715699045347719e+03
6.087941583530605385e+03
6.087941583530605385e+03
5.549720025673334021e+03
6.117310335650888192e+03
6.117310335650888192e+03
6.117310335650888192e+03
6.427358766443631794e+03
6.427358766443631794e+03
6.143438709928954268e+03
5.969759712266373754e+03
5.969759712266373754e+03
5.969759712266373754e+03
5.969759712266373754e+03
5.919002096509659168e+03
5.919002096509659168e+03
5.897513036293694313e+03
5.897513036293694313e+03
5.904544928375452400e+03
5.904544928375452400e+03
5.904544928375452400e+03
5.904544928375452400e+03
6.183660066638579337e+03
6.422739704914799404e+03
6.422739704914799404e+03
6.975010890300936808e+03
7.188825589702588331e+03
7.402640289104240765e+03
7.407541163816214976e+03
7.407541163816214976e+03
6.961869670294447133e+03
6.961869670294447133e+03
7.452638384291724833e+03
7.488285007585680432e+03
7.523931630879636032e+03
7.523931630879636032e+03
7.649707913814526364e+03
7.649707913814526364e+03
7.384942363924051278e+03
7.384942363924051278e+03
7.384942363924051278e+03
7.384942363924051278e+03
7.298861357610028790e+03
7.298861357610028790e+03
7.623410967536601675e+03
7.623410967536601675e+03
7.513230317976423976e+03
7.513230317976423976e+03
7.513230317976423976e+03
7.590306602260044201e+03
7.693693309593193590e+03
7.800360895458104096e+03
7.800360895458104096e+03
7.594679493995195116e+03
7.594679493995195116e+03
7.594679493995195116e+03
8.074725432408539746e+03
8.074725432408539746e+03
7.869246830486203180e+03
7.806301527401850763e+03
7.806301527401850763e+03
7.806301527401850763e+03
7.806301527401850763e+03
7.648694133801565840e+03
7.648694133801565840e+03
7.627783656589449492e+03
7.627783656589449492e+03
7.627783656589449492e+03
7.531362524851076159e+03
7.434941393112702826e+03
7.622340613274687712e+03
7.434941393112702826e+03
7.622340613274687712e+03
7.720722528709610742e+03
7.720722528709610742e+03
7.707912736200107247e+03
7.695102943690602842e+03
7.491492945983032769e+03
7.491492945983032769e+03
8.054225545057471209e+03
8.054225545057471209e+03
7.598882127760877665e+03
7.493944016821616060e+03
7.389005905882354455e+03
7.598882127760877665e+03
7.455984033050170183e+03
7.844405689550425450e+03
7.844405689550425450e+03
7.844405689550425450e+03
7.800835183235573822e+03
7.757264676920722195e+03
7.757264676920722195e+03
7.757264676920722195e+03
8.018320047606453954e+03
8.018320047606453954e+03
8.018320047606453954e+03
7.728546899092982130e+03
7.438773750579509397e+03
7.438773750579509397e+03
7.781472635829287356e+03
7.781472635829287356e+03
7.781472635829287356e+03
7.822722016553406320e+03
7.822722016553406320e+03
7.822722016553406320e+03
7.552135033557047791e+03
7.552135033557047791e+03
7.975299563359732929e+03
8.245406109598367038e+03
8.245406109598367038e+03
8.245406109598367038e+03
8.245406109598367038e+03
7.957882201758400697e+03
8.112255506508875442e+03
8.112255506508875442e+03
8.112255506508875442e+03
8.852304815285790028e+03
8.887502383672223004e+03
8.922699952058655981e+03
8.922699952058655981e+03
8.288561926085163577e+03
8.288561926085163577e+03
9.180761099913617727e+03
9.180761099913617727e+03
9.192123482086672084e+03
9.203485864259726441e+03
9.441531389981446409e+03
9.554334557621556087e+03
9.637576968126355496e+03
9.637576968126355496e+03
9.620970475302583509e+03
9.448763511753473722e+03
9.276556548204362116e+03
9.276556548204362116e+03
9.251830348599136414e+03
9.251830348599136414e+03
9.235043471363116623e+03
8.996301729939908910e+03
8.996301729939908910e+03
8.996301729939908910e+03
9.531984203758951480e+03
9.531984203758951480e+03
9.465427070947464017e+03
9.436060454451586338e+03
8.928310905464368261e+03
8.928310905464368261e+03
8.928310905464368261e+03
9.494145757609921930e+03
9.494145757609921930e+03
8.892864172357520147e+03
8.356058317145801993e+03
8.265213711827958832e+03
8.265213711827958832e+03
8.265213711827958832e+03
7.828245565777577212e+03
8.716798739823008873e+03
8.931766727553174860e+03
9.724036897741532812e+03
8.990351182806729412e+03
9.357194040274131112e+03
9.724036897741532812e+03
9.136402218201603318e+03
9.727890702164131653e+03
9.797104356092246235e+03
9.883787184839204201e+03
9.851193100367197985e+03
9.851193100367197985e+03
9.851193100367197985e+03
9.851193100367197985e+03
9.471580882303835097e+03
9.884602278900298188e+03
9.178196314385388177e+03
9.273319316172444815e+03
9.189675909753419546e+03
9.106032503334392459e+03
9.273319316172444815e+03
9.110985854218670283e+03
9.431846308189262345e+03
9.159563056379822228e+03
9.159563056379822228e+03
9.159563056379822228e+03
9.159563056379822228e+03
9.331953829115291228e+03
9.331953829115291228e+03
9.331953829115291228e+03
9.237380386728731537e+03
9.437228127384196341e+03
9.463190956985770754e+03
9.489153786587343347e+03
9.489153786587343347e+03
9.091237677094379251e+03
9.091237677094379251e+03
9.091237677094379251e+03
9.559241334478949284e+03
9.474878240837753765e+03
9.390515147196558246e+03
9.390515147196558246e+03
9.189936725515311991e+03
9.189936725515311991e+03
9.215608766718996776e+03
9.255502577212710094e+03
9.235555671965852525e+03
9.215608766718996776e+03
8.659226969598157666e+03
8.053394037187978938e+03
7.942723377652583622e+03
7.942723377652583622e+03
7.541087790784156823e+03
7.631147716609690178e+03
7.721207642435222624e+03
7.312573211982736211e+03
7.721207642435222624e+03
7.870129165554800238e+03
7.870129165554800238e+03
7.502299155428417180e+03
7.502299155428417180e+03
7.502299155428417180e+03
7.502299155428417180e+03
7.040536183829136462e+03
6.993869149123177522e+03
6.748450364845727563e+03
6.555928314382837016e+03
6.540681433659879985e+03
6.525434552936922046e+03
5.915014501170316180e+03
5.903336045163829112e+03
5.510431709798858719e+03
5.344732306859592427e+03
5.004374920873015071e+03
4.777663575054683861e+03
4.550952229236352650e+03
4.486020171955593469e+03
4.401099951291571415e+03
4.401099951291571415e+03
4.350512955400138708e+03
4.193160369842842556e+03
4.346728898695381758e+03
4.187862460317460318e+03
4.346728898695381758e+03
4.184267811297257140e+03
4.184267811297257140e+03
4.184267811297257140e+03
4.474860970834625732e+03
4.474860970834625732e+03
4.474860970834625732e+03
4.474860970834625732e+03
4.474860970834625732e+03
4.419503079335301663e+03
4.413046711788601897e+03
4.012652139292231823e+03
3.848586302329297723e+03
3.684520465366364078e+03
3.638296073777680704e+03
3.638296073777680704e+03
3.781668365055052163e+03
3.950823527594753614e+03
3.983848755747957966e+03
3.983848755747957966e+03
3.983848755747957966e+03
3.998301977088743115e+03
4.032134760221808847e+03
4.100536519666669847e+03
4.207108696590968066e+03
4.262409802370088073e+03
4.264495904997584148e+03
4.266582007625081133e+03
4.292945664232370291e+03
4.350627866351196644e+03
4.358647130039573312e+03
4.367363729676044386e+03
4.358647130039573312e+03
4.351769082689961579e+03
4.344891035340349845e+03
4.344891035340349845e+03
4.375105957649264383e+03
4.475858085675499751e+03
4.475858085675499751e+03
4.444422329768445707e+03
4.428694092659445232e+03
4.412965855550443848e+03
4.236902370758644793e+03
4.159770559625346323e+03
4.068680057285395833e+03
4.022354410881919193e+03
4.041445836413865436e+03
4.031900123647892542e+03
4.022354410881919193e+03
3.993642083841335079e+03
3.992905430928375154e+03
3.992905430928375154e+03
3.992434945380312001e+03
3.996267419842080017e+03
4.070701094475207810e+03
4.145134769108335604e+03
4.370005418604143415e+03
4.818503718010462762e+03
4.857136328977364428e+03
5.101945677242470083e+03
5.161265114429676032e+03
5.137516219350442952e+03
5.113767324271209873e+03
5.113767324271209873e+03
5.028771988256284203e+03
5.026974807002240595e+03
5.026974807002240595e+03
5.091393927857180643e+03
5.118433706509029435e+03
5.145473485160879136e+03
5.091393927857180643e+03
5.049180845343164037e+03
5.049180845343164037e+03
5.158898789638149537e+03
5.219837689391575623e+03
5.196240964286256713e+03
5.172644239180938712e+03
5.219837689391575623e+03
5.172644239180938712e+03
5.292750086087139607e+03
5.253870728212340509e+03
5.253870728212340509e+03
5.253870728212340509e+03
5.253870728212340509e+03
5.561894883232034772e+03
5.644716541824121123e+03
5.644716541824121123e+03
5.210037020394808678e+03
5.081305098132204876e+03
4.960071235763653021e+03
4.838837373395101167e+03
4.838837373395101167e+03
4.896847409199632239e+03
4.896847409199632239e+03
