3.636708938828074224e+03
3.636708938828074224e+03
3.727323350139234208e+03
4.304587056563979786e+03
4.932437741300755988e+03
5.031710396851165569e+03
5.086413613641765551e+03
5.106337242421834162e+03
5.126260871201901864e+03
5.330755202753348385e+03
5.330755202753348385e+03
4.718334062659469055e+03
4.498423335273321754e+03
4.498423335273321754e+03
4.546779874913236199e+03
4.595136414553150644e+03
4.707462186934886631e+03
4.707462186934886631e+03
4.706320253793313896e+03
4.706320253793313896e+03
5.142758619460613772e+03
5.192501347972545773e+03
5.242244076484477773e+03
5.260062477786334966e+03
5.260062477786334966e+03
5.260062477786334966e+03
5.260062477786334966e+03
5.260062477786334966e+03
5.571272763274175304e+03
5.571272763274175304e+03
5.571272763274175304e+03
5.571272763274175304e+03
5.571272763274175304e+03
5.019929009844261600e+03
5.019929009844261600e+03
5.110331215004582191e+03
5.200733420164902782e+03
5.265241440334682011e+03
5.302348476506865154e+03
5.265241440334682011e+03
5.068813488272286122e+03
4.897506137649067568e+03
4.839711261344798913e+03
4.781916385040531168e+03
4.651552222004849682e+03
4.661255867824433153e+03
4.640644645377116831e+03
4.487618325994239058e+03
4.487618325994239058e+03
4.615427520686061143e+03
4.743236715377883229e+03
4.743236715377883229e+03
4.625615579095948306e+03
4.625615579095948306e+03
4.630621104117276445e+03
4.679291387421810214e+03
4.695425371188482131e+03
4.711559354955154049e+03
4.768462177667374817e+03
4.974379407059216646e+03
4.974379407059216646e+03
4.957472920096732196e+03
4.957472920096732196e+03
4.957472920096732196e+03
4.957472920096732196e+03
4.954475908475856158e+03
4.386511309914091726e+03
3.871055055609618194e+03
3.319652007995093300e+03
3.319652007995093300e+03
3.330160269824393254e+03
3.340668531653692753e+03
3.340668531653692753e+03
3.233832075718738906e+03
3.023251180807533274e+03
2.763720478884737076e+03
2.763720478884737076e+03
2.763720478884737076e+03
2.763720478884737076e+03
2.721536053706269740e+03
2.676928040049924675e+03
2.645708012519144177e+03
2.676928040049924675e+03
2.916642871340673992e+03
2.918389833861584066e+03
2.920136796382494140e+03
2.970209591414332863e+03
3.019174140369428187e+03
2.970209591414332863e+03
3.019174140369428187e+03
3.066845203894382848e+03
3.223641396527370034e+03
3.380437589160357220e+03
3.380437589160357220e+03
3.132923891241344791e+03
3.028676698967255106e+03
2.986617919410976356e+03
2.986617919410976356e+03
3.019006119499150373e+03
3.051394319587323935e+03
3.051394319587323935e+03
2.921829420483404192e+03
2.703093891272867950e+03
2.662857687498400992e+03
2.372137988900723030e+03
2.280752087033265525e+03
2.189366185165808474e+03
2.189366185165808474e+03
2.217441891432958528e+03
2.217441891432958528e+03
2.173615731423565649e+03
2.164964325959425423e+03
2.164964325959425423e+03
2.164964325959425423e+03
2.268256988311229179e+03
2.283407185667751946e+03
2.283407185667751946e+03
2.232172533478837067e+03
2.119585648153621150e+03
2.119585648153621150e+03
2.119585648153621150e+03
2.101676483248828390e+03
2.076662536765480127e+03
2.014500882864814002e+03
1.999207473822563998e+03
1.961663499463502376e+03
1.980435486643033073e+03
1.999207473822563998e+03
2.050797190801247780e+03
2.050797190801247780e+03
2.038411015372600104e+03
2.038411015372600104e+03
2.181330178247936146e+03
2.204208994628744222e+03
2.227087811009552752e+03
2.441315159895918896e+03
2.650205014076524094e+03
3.057089391272286775e+03
3.057089391272286775e+03
2.897809987364126300e+03
2.897809987364126300e+03
2.897809987364126300e+03
3.170257651119913135e+03
3.170257651119913135e+03
2.907713165013868093e+03
2.666627036161065007e+03
2.595816025038550379e+03
2.582922632016897296e+03
2.570029238995244214e+03
2.561279337237725031e+03
2.483162086404970978e+03
2.255085382886476509e+03
2.197508585348445195e+03
2.029629612698154688e+03
1.974493927798724599e+03
1.919358242899294510e+03
1.910856337595544346e+03
1.862856486746508835e+03
1.725463645330960162e+03
1.590031944299721545e+03
1.576985065722876925e+03
1.547028293700725953e+03
1.517071521678574754e+03
1.575062516837208932e+03
1.564942505384872902e+03
1.564942505384872902e+03
1.526729684212284383e+03
1.515599295934528072e+03
1.508033701905951148e+03
1.500468107877374450e+03
1.515599295934528072e+03
1.541525088042770449e+03
1.541525088042770449e+03
1.534901677799364734e+03
1.520230977382620949e+03
1.492769476291257433e+03
1.465307975199893917e+03
1.465307975199893917e+03
1.425590505670956873e+03
1.468150345036233375e+03
1.468150345036233375e+03
1.470998328869878833e+03
1.525655066112538407e+03
1.580311803355198208e+03
1.713422700802481131e+03
1.713422700802481131e+03
1.408942533053620309e+03
1.346007788061017436e+03
1.157175911295991000e+03
1.157175911295991000e+03
1.157175911295991000e+03
1.340149562386640810e+03
1.375144790603586898e+03
1.340149562386640810e+03
1.339494537825393763e+03
1.253514442835329419e+03
1.253514442835329419e+03
1.253514442835329419e+03
1.378604544944885220e+03
1.391153414490268233e+03
1.391153414490268233e+03
1.285134331289771353e+03
1.285134331289771353e+03
1.315758297411638296e+03
1.346382263533505238e+03
1.426053243334145236e+03
1.442553072244046916e+03
1.525926317903765494e+03
1.494787964759251963e+03
1.525926317903765494e+03
1.510357141331508728e+03
1.494787964759251963e+03
1.501147254005709556e+03
1.372507073429875163e+03
1.372507073429875163e+03
1.232239572498491498e+03
1.232239572498491498e+03
1.487467066670266149e+03
1.742694560842040801e+03
2.276255936969882896e+03
2.344221789248181267e+03
2.344221789248181267e+03
2.344221789248181267e+03
2.310368009562225325e+03
2.333528218972739069e+03
2.356688428383252813e+03
2.481464707299104703e+03
2.741442021047245817e+03
3.081319544860175483e+03
3.435045827833545900e+03
3.783543384693621647e+03
4.453600043659235780e+03
5.123656702624850368e+03
5.779656049198678375e+03
5.796033791084806580e+03
6.427778357506932480e+03
6.716319231129818945e+03
6.716319231129818945e+03
6.969891691750305654e+03
7.223464152370792362e+03
7.031938513445216813e+03
7.031938513445216813e+03
6.831194054762094311e+03
6.628951770667739765e+03
5.449757449988344888e+03
5.433891163174648682e+03
5.418024876360953385e+03
5.095717587169104263e+03
4.890106640471670289e+03
5.060060463396809610e+03
4.865826664110957609e+03
4.983546505963839991e+03
4.915004725821300781e+03
4.846462945678761571e+03
4.846462945678761571e+03
4.846462945678761571e+03
4.903195239831009530e+03
4.903195239831009530e+03
4.976567335946060666e+03
4.976567335946060666e+03
4.976567335946060666e+03
5.154560616332475547e+03
5.426223899592539055e+03
5.426223899592539055e+03
5.081913887411362339e+03
4.924126075626481907e+03
4.830216398638334795e+03
4.736306721650188592e+03
4.348563649796305981e+03
4.155507547952975983e+03
3.702775303509915830e+03
3.168835391773461197e+03
2.846142840232368599e+03
2.645273026507752093e+03
2.437374170875730215e+03
2.570214241302841401e+03
2.570214241302841401e+03
2.570214241302841401e+03
2.570214241302841401e+03
2.570214241302841401e+03
2.634170252415701725e+03
2.698126263528561594e+03
2.698126263528561594e+03
2.698126263528561594e+03
2.903589605047213809e+03
2.903589605047213809e+03
2.856647686401418923e+03
2.856647686401418923e+03
2.856647686401418923e+03
2.920066288147421801e+03
3.323122683583558228e+03
3.662016005297473384e+03
3.662016005297473384e+03
3.662016005297473384e+03
3.759802123435861176e+03
3.857588241574248968e+03
4.087038225970358326e+03
4.106054024624818339e+03
4.106054024624818339e+03
3.836949392020706455e+03
3.354169259984750170e+03
3.303087132671269501e+03
3.252005005357789287e+03
3.246281366744745355e+03
2.798816210320059781e+03
2.527786792461490222e+03
2.343993266882329408e+03
2.236752598146215860e+03
2.199659076854000432e+03
2.162565555561785004e+03
2.162565555561785004e+03
2.012630418982600759e+03
1.807123918626253271e+03
1.541818285000047808e+03
1.541818285000047808e+03
1.602651826596619685e+03
1.663485368193191789e+03
1.674604324022457149e+03
1.688287054445304193e+03
1.887701260269096110e+03
1.887701260269096110e+03
1.750599400314848936e+03
1.723378779511623634e+03
1.696158158708398560e+03
1.696158158708398560e+03
1.707581120029081831e+03
1.707581120029081831e+03
1.685173736908146338e+03
1.685173736908146338e+03
1.760848887692802009e+03
1.836524038477457680e+03
1.877837774270524733e+03
1.917896974596535529e+03
2.050995733163184013e+03
2.050995733163184013e+03
2.050995733163184013e+03
2.085695375178445829e+03
2.120395017193708100e+03
2.192308614878940716e+03
2.458760780111158965e+03
2.491625182361275165e+03
2.491625182361275165e+03
2.491625182361275165e+03
2.515964797635419472e+03
2.540304412909563780e+03
2.607343934409402209e+03
2.681855073761113090e+03
2.607343934409402209e+03
2.599580450274593204e+03
2.599580450274593204e+03
2.652733289445226092e+03
2.705886128615858979e+03
3.166607870836788152e+03
3.325663330807848070e+03
3.325663330807848070e+03
2.927608751362906332e+03
2.789883408326498284e+03
2.777175512333954885e+03
2.764467616341411485e+03
2.710612147208623810e+03
2.455073770217955826e+03
2.222087741936709790e+03
2.220245464636802353e+03
2.220245464636802353e+03
2.220245464636802353e+03
2.296375651481064779e+03
2.296375651481064779e+03
2.480951271799310689e+03
2.667115173552489978e+03
2.695773727068014068e+03
2.695773727068014068e+03
2.883944064986147168e+03
3.072114402904279814e+03
3.309924089503252162e+03
3.330742484951173083e+03
3.309924089503252162e+03
3.073982183084532153e+03
3.073982183084532153e+03
3.272523491509709856e+03
3.471064799934888015e+03
3.953511697390002610e+03
4.761899808180492073e+03
5.485438732182189597e+03
6.170667572431928420e+03
6.376031236749680829e+03
6.660965888334643751e+03
6.945900539919606672e+03
6.945900539919606672e+03
6.045798265935060954e+03
5.081941586189363079e+03
5.081941586189363079e+03
5.625615573368600963e+03
6.334171415972390605e+03
7.042727258576180247e+03
7.042727258576180247e+03
6.512066482974105384e+03
6.315259568103760103e+03
6.315259568103760103e+03
6.544944652662754379e+03
6.544944652662754379e+03
6.544944652662754379e+03
5.792690042141151025e+03
5.792690042141151025e+03
5.715799529775664269e+03
5.715799529775664269e+03
5.715799529775664269e+03
5.878816529660814012e+03
6.041833529545963756e+03
6.041833529545963756e+03
5.119171130107120916e+03
5.119171130107120916e+03
5.119171130107120916e+03
5.119171130107120916e+03
5.349421139629783283e+03
5.349421139629783283e+03
5.349421139629783283e+03
3.920818454310399829e+03
3.437759271339118186e+03
3.437759271339118186e+03
3.682427268560033099e+03
3.988605763053141345e+03
4.294784257546249137e+03
4.294784257546249137e+03
4.286355075968611345e+03
4.286355075968611345e+03
4.403742734083872165e+03
4.721018137260064577e+03
4.786427959026497774e+03
4.851837780792930971e+03
4.721018137260064577e+03
4.396384538476887428e+03
4.396384538476887428e+03
4.512126055417176758e+03
4.535107647303928388e+03
4.535107647303928388e+03
4.535107647303928388e+03
4.535107647303928388e+03
4.514207769406542866e+03
4.514207769406542866e+03
4.636688158791887872e+03
4.699486665481066666e+03
4.810758765017528276e+03
4.922030864553988977e+03
4.922030864553988977e+03
4.433998736177292812e+03
4.099665372207889959e+03
3.900907711388360894e+03
3.794039938342968071e+03
3.794039938342968071e+03
3.794039938342968071e+03
3.794039938342968071e+03
3.676350949889384083e+03
3.569849718376452529e+03
3.408691657587893587e+03
3.381944838097808770e+03
3.381944838097808770e+03
3.381944838097808770e+03
3.578781256723871138e+03
3.578781256723871138e+03
3.360291622262532201e+03
3.360291622262532201e+03
3.346391041179521835e+03
3.360169639668747550e+03
3.373948238157972810e+03
3.346391041179521835e+03
3.288407160639331778e+03
3.288407160639331778e+03
3.293339598455176201e+03
3.921374276830234066e+03
4.090682841706428917e+03
4.259991406582624222e+03
4.259991406582624222e+03
4.016967916387939113e+03
3.921535705065100956e+03
3.815101647286401203e+03
3.778314971352221164e+03
3.796708309319311411e+03
3.815101647286401203e+03
4.296953873018119339e+03
4.466914656374440710e+03
4.496067850380082746e+03
4.466914656374440710e+03
4.480509518978084998e+03
4.421161012213060530e+03
4.361812505448035154e+03
4.268989634567634312e+03
4.261127357021921853e+03
4.261127357021921853e+03
4.139464084082012050e+03
3.844073940065663010e+03
3.811601476410932264e+03
3.779129012756201519e+03
3.655839860178372874e+03
3.562616156351482459e+03
3.477227800755208591e+03
3.391316356660543534e+03
3.160534342614662819e+03
3.123914379153089612e+03
3.087294415691515951e+03
3.087294415691515951e+03
3.087294415691515951e+03
3.008847050494943232e+03
2.685587345814320997e+03
2.580441670205472747e+03
2.512249924020733033e+03
2.444058177835993320e+03
2.444058177835993320e+03
2.444058177835993320e+03
2.266110234959607169e+03
2.038278721720867907e+03
2.038278721720867907e+03
2.210436939922054080e+03
2.382595158123239798e+03
2.698751888405269256e+03
2.698751888405269256e+03
2.676824287422797624e+03
2.615932319392733007e+03
2.544317269879680680e+03
2.580124794636206843e+03
2.615932319392733007e+03
2.663890473284969630e+03
2.672894306912616685e+03
2.663890473284969630e+03
2.612137756705752508e+03
2.475348271875818227e+03
2.415965778179913286e+03
2.356583284484008345e+03
2.296325344388898429e+03
2.259478261903695966e+03
2.182179367307035136e+03
2.158653107618335525e+03
1.939252656764050698e+03
1.904218000255198149e+03
1.869183343746345599e+03
1.843517038578024085e+03
1.786628824320794365e+03
1.786628824320794365e+03
1.786628824320794365e+03
1.715319515691488050e+03
1.715319515691488050e+03
1.715319515691488050e+03
1.898125036426942415e+03
1.898125036426942415e+03
1.870989473790999000e+03
1.870989473790999000e+03
1.870989473790999000e+03
1.789622465240547626e+03
1.708255456690096480e+03
1.708255456690096480e+03
1.700299680742800319e+03
1.788119069351036387e+03
1.788119069351036387e+03
2.051705457694719826e+03
2.136068825967156044e+03
2.220432194239592263e+03
2.349603773620789980e+03
2.349603773620789980e+03
1.972947694729990417e+03
1.758494275924791054e+03
1.423311060441723612e+03
1.414655754754483496e+03
1.406000449067243380e+03
1.390976512099492084e+03
1.390976512099492084e+03
1.657718529046037247e+03
1.657718529046037247e+03
1.638351382594621100e+03
1.638351382594621100e+03
1.638351382594621100e+03
1.638351382594621100e+03
1.620650370621864568e+03
1.469739462316807248e+03
1.469739462316807248e+03
1.604323844419530815e+03
1.694988160381941270e+03
1.785652476344351498e+03
1.785652476344351498e+03
1.634372533797438564e+03
1.634372533797438564e+03
1.634372533797438564e+03
2.272819695263767244e+03
2.527798154762000195e+03
2.782776614260232691e+03
3.093475972753855785e+03
3.149661676927395547e+03
3.149661676927395547e+03
3.137195237149200693e+03
3.137195237149200693e+03
3.215695989873599501e+03
3.294196742597998764e+03
3.447732319163537795e+03
3.752027742272632622e+03
4.487471447321937376e+03
5.844610941306974382e+03
5.844610941306974382e+03
6.193376393842770085e+03
6.193376393842770085e+03
6.193376393842770085e+03
6.193376393842770085e+03
6.647783459302069787e+03
6.647783459302069787e+03
5.627946168378425682e+03
5.240435386264231056e+03
4.852924604150037339e+03
4.062790935691200048e+03
4.060052686377067857e+03
3.912102880648340943e+03
3.912102880648340943e+03
3.814253170966272137e+03
3.755501210499755871e+03
3.696749250033240060e+03
3.814253170966272137e+03
4.146400193227174896e+03
4.387187084171302558e+03
4.387187084171302558e+03
4.387187084171302558e+03
4.632574204774293321e+03
4.877961325377283174e+03
5.028510850027165361e+03
5.169852009798569270e+03
5.361115339256983134e+03
5.630920538327617578e+03
5.709614481386935950e+03
5.630920538327617578e+03
6.020375000000000000e+03
6.083748639441224441e+03
6.083748639441224441e+03
5.488183149747106654e+03
4.709251492462746683e+03
3.792017081542223877e+03
3.792017081542223877e+03
3.792017081542223877e+03
3.792017081542223877e+03
4.955108783284137644e+03
4.955108783284137644e+03
4.955108783284137644e+03
3.966227467041177533e+03
3.936287583524426736e+03
3.906347700007675940e+03
3.787307985069771348e+03
3.787307985069771348e+03
3.941186162937548943e+03
3.941186162937548943e+03
3.935862881387172820e+03
3.925369431420193450e+03
3.914875981453214081e+03
3.935862881387172820e+03
3.914875981453214081e+03
3.782205235580805493e+03
3.773215477401939097e+03
3.735038330477541876e+03
3.735038330477541876e+03
3.735038330477541876e+03
3.984470878256759988e+03
4.754551279313654959e+03
5.294847971580585181e+03
5.294847971580585181e+03
5.294847971580585181e+03
5.367935199595462109e+03
5.441022427610339946e+03
5.573909032626756925e+03
5.573909032626756925e+03
4.922681521778866227e+03
4.616758445823302281e+03
4.495125021531888706e+03
4.495125021531888706e+03
4.495125021531888706e+03
4.273736614524610559e+03
4.266840710471688908e+03
4.249507395990955956e+03
4.239800991308402445e+03
4.239800991308402445e+03
4.400456852898956640e+03
4.561112714489510836e+03
4.561112714489510836e+03
4.374048409541550427e+03
4.191417683231854426e+03
4.037871205772560188e+03
3.481635954572513128e+03
3.453418456388531922e+03
3.425200958204550716e+03
3.257427562026879968e+03
2.883802269295606948e+03
2.574575116217468803e+03
2.336951678444740082e+03
2.016981049025804850e+03
2.016981049025804850e+03
2.016981049025804850e+03
1.989365566080527515e+03
1.940942254143601303e+03
1.829888094968362338e+03
1.699361285143857685e+03
1.699361285143857685e+03
1.709615202219450339e+03
1.719869119295042992e+03
1.741990334469716345e+03
1.755738960334338344e+03
1.818124148783384953e+03
1.889228513136576794e+03
1.915431637677391109e+03
1.997199473482209669e+03
2.078967309287028002e+03
2.198279682491572657e+03
2.213888584081611043e+03
2.213888584081611043e+03
2.089066566460701779e+03
2.089066566460701779e+03
2.083944781215013791e+03
2.078822995969325348e+03
2.099735913663127121e+03
2.099735913663127121e+03
2.309437229605491211e+03
2.309437229605491211e+03
2.321295950157003517e+03
2.299446624412788879e+03
2.277597298668574240e+03
2.277597298668574240e+03
2.277597298668574240e+03
2.318827145932342319e+03
2.336540588438957911e+03
2.423625999595003123e+03
2.515354139948222382e+03
2.607082280301441642e+03
2.631441642146603499e+03
2.653176424040970232e+03
2.653176424040970232e+03
2.444858349880861624e+03
2.444858349880861624e+03
2.704954553193439097e+03
2.965050756506016114e+03
3.104959311474845435e+03
3.244867866443674757e+03
3.316733672457373814e+03
4.199490803852958379e+03
5.272837764044861615e+03
5.272837764044861615e+03
5.272837764044861615e+03
5.140240490208815572e+03
4.538986065523764410e+03
4.538986065523764410e+03
4.606148510270229053e+03
5.019571955409291149e+03
5.181872995199391880e+03
5.344174034989493521e+03
5.344174034989493521e+03
5.227709198362526877e+03
5.155837672911597110e+03
5.129735003422658338e+03
5.155837672911597110e+03
5.249734586913057683e+03
5.343631500914518256e+03
5.343631500914518256e+03
5.112443773244586737e+03
5.096839704755429011e+03
5.096839704755429011e+03
5.253272671255101159e+03
5.254563386905908374e+03
5.255854102556715588e+03
5.344104897202436405e+03
5.413222546552527092e+03
5.497142655670315435e+03
5.815205723230301373e+03
5.815205723230301373e+03
5.354538369206742573e+03
5.354538369206742573e+03
5.354538369206742573e+03
5.414306585659041048e+03
5.414306585659041048e+03
5.414306585659041048e+03
4.477057480332910018e+03
4.423313357274742884e+03
4.369569234216575751e+03
4.188877127179357558e+03
4.188877127179357558e+03
4.188877127179357558e+03
4.147072038114393763e+03
4.254103721368779588e+03
4.347123999360623202e+03
4.440144277352466816e+03
4.440144277352466816e+03
3.950561215508007990e+03
3.676318172561688698e+03
3.612463501604085650e+03
3.201229003830837883e+03
3.201229003830837883e+03
3.201229003830837883e+03
3.236454372473246622e+03
3.348859406467168355e+03
3.536903236690612175e+03
3.655275585378719825e+03
3.536903236690612175e+03
3.530295016746613783e+03
3.523686796802615390e+03
3.440791777242580338e+03
3.408693963549651926e+03
3.354249963907446727e+03
3.214536991630216107e+03
3.207743462020538573e+03
3.211140226825377340e+03
3.214536991630216107e+03
3.294717820845670758e+03
3.294717820845670758e+03
3.294717820845670758e+03
3.483077298000840983e+03
3.568899719640467083e+03
3.568899719640467083e+03
3.568899719640467083e+03
3.568899719640467083e+03
3.578859811022094163e+03
3.581768182971467922e+03
3.581768182971467922e+03
3.709789961526177649e+03
3.709789961526177649e+03
3.709789961526177649e+03
3.705118848375352627e+03
3.596857299560273077e+03
3.454104479949161941e+03
3.454104479949161941e+03
3.412773622724600045e+03
3.437881110974069998e+03
3.462988599223539495e+03
3.680017262648242195e+03
3.680017262648242195e+03
3.664956714506718072e+03
3.664956714506718072e+03
3.656523610352839114e+03
3.675587649202727334e+03
3.694651688052616009e+03
3.716176309600059994e+03
3.716176309600059994e+03
3.337800143160450716e+03
3.109181168899684053e+03
2.999527492123882894e+03
2.999527492123882894e+03
2.999527492123882894e+03
2.999527492123882894e+03
2.950204153932777899e+03
2.924733013250137901e+03
2.826701890705790902e+03
2.748904807232103394e+03
2.693334197616709389e+03
2.637763588001314929e+03
2.601867342127513894e+03
2.588031486184937876e+03
2.467435600359194723e+03
2.249954437300959853e+03
2.110110718261228158e+03
2.110110718261228158e+03
2.110110718261228158e+03
2.331224608623071163e+03
2.395327301357412580e+03
2.422164851258657563e+03
2.838940865285742802e+03
2.851935348797354891e+03
2.934062684814172826e+03
3.016190020830991216e+03
3.016190020830991216e+03
3.063205657266838898e+03
3.090880885978142032e+03
3.063205657266838898e+03
2.890355563489258657e+03
2.890355563489258657e+03
2.890355563489258657e+03
2.891076792363354343e+03
2.891076792363354343e+03
2.627391219688548517e+03
2.464672872121539058e+03
2.095906436893369118e+03
2.095906436893369118e+03
2.095906436893369118e+03
2.169037314136850910e+03
2.169037314136850910e+03
2.059315623105454961e+03
1.888360045250784879e+03
1.682665807373791949e+03
1.682665807373791949e+03
1.682665807373791949e+03
1.993841241976025685e+03
2.161219851125958485e+03
2.219485007100052826e+03
2.321426175903329749e+03
2.350916623252892805e+03
2.350916623252892805e+03
2.350916623252892805e+03
2.350916623252892805e+03
2.353793069927274246e+03
2.353793069927274246e+03
2.435538554306395781e+03
2.464039416187256393e+03
2.564498927440135049e+03
2.664958438693014159e+03
2.784454103970484084e+03
2.784454103970484084e+03
2.469197795086953192e+03
2.403736775913552265e+03
2.403736775913552265e+03
2.524976379630117663e+03
2.646215983346682606e+03
2.646215983346682606e+03
2.511056826245450338e+03
2.316815990355421036e+03
2.255157745112274824e+03
2.065358905533972120e+03
2.025463664809574311e+03
1.985568424085176730e+03
1.985568424085176730e+03
1.866093166616577946e+03
1.797305262032313522e+03
1.603397388911103690e+03
1.502639081572475106e+03
1.461327755272790910e+03
1.420016428973106486e+03
1.392592863246329898e+03
1.221867047166641441e+03
1.176029759615730882e+03
1.176029759615730882e+03
1.209051461139103139e+03
1.314707870016731704e+03
1.420364278894360496e+03
1.600740358567503563e+03
1.623723831166842501e+03
1.640378902486062998e+03
1.623723831166842501e+03
1.617820284751971712e+03
1.617820284751971712e+03
1.617820284751971712e+03
1.680817936210455173e+03
1.744087677095953268e+03
1.820158492578550977e+03
1.820158492578550977e+03
1.869589353954783974e+03
1.842024735508925914e+03
1.814460117063068083e+03
1.814460117063068083e+03
1.734755005968304886e+03
1.681570717848806225e+03
1.526365257858150699e+03
1.526365257858150699e+03
1.544967625264488788e+03
1.563569992670826878e+03
1.844745911095419160e+03
1.989496963440469926e+03
1.989496963440469926e+03
1.809291478471880055e+03
1.809291478471880055e+03
1.853539592287975665e+03
1.897787706104071503e+03
2.100401951998312597e+03
2.425900696613171021e+03
3.508570589785757420e+03
3.508570589785757420e+03
3.205828960034263218e+03
2.931108245108095616e+03
2.656387530181928014e+03
2.460740604265536149e+03
2.460740604265536149e+03
2.752544777527158203e+03
2.843360773585328843e+03
3.153007248989856180e+03
2.998184011287592512e+03
2.843360773585328843e+03
3.153007248989856180e+03
3.354467289887592415e+03
3.354467289887592415e+03
3.357866082204192026e+03
3.357866082204192026e+03
3.566181467027506187e+03
3.774496851850819894e+03
3.944061764896313889e+03
3.995190327703066032e+03
4.086210299254265919e+03
4.324354056951627172e+03
4.425717661892576871e+03
4.786400281063690272e+03
5.147082900234802764e+03
5.451518423998272738e+03
6.136708685776247876e+03
6.266495503176191960e+03
6.589507919112395030e+03
6.841294923056963853e+03
7.341887318887015681e+03
7.842479714717067509e+03
8.723426845427196895e+03
8.847837123733033877e+03
9.928727101200685865e+03
9.928727101200685865e+03
9.928727101200685865e+03
9.928727101200685865e+03
9.928727101200685865e+03
9.928130634781267872e+03
6.932215807732078247e+03
5.968338827381406190e+03
5.246262513604644482e+03
5.118204328896827974e+03
5.095919571173875738e+03
5.073634813450924412e+03
4.640225464865845424e+03
4.209256842810180387e+03
3.916723075144624090e+03
3.709279681935166991e+03
3.581509106952822094e+03
3.581509106952822094e+03
3.581509106952822094e+03
3.949290334551487831e+03
4.125300778300652382e+03
4.125300778300652382e+03
4.084283099943987054e+03
3.866769053305739362e+03
3.866769053305739362e+03
3.866769053305739362e+03
3.815792555036910016e+03
3.815792555036910016e+03
3.793753414292208163e+03
3.665222731577214290e+03
3.665222731577214290e+03
3.854492041627069739e+03
4.043761351676925187e+03
4.124444460792651626e+03
4.364649327777465260e+03
4.364649327777465260e+03
4.347672387137875376e+03
4.049342170520548734e+03
3.794379570963406877e+03
3.539416971406265020e+03
3.373339068448444777e+03
3.231401702055724854e+03
3.015583358254170889e+03
2.732732381040287237e+03
2.620279850742258532e+03
2.620279850742258532e+03
2.620279850742258532e+03
2.607701903527354716e+03
2.607701903527354716e+03
2.576080187997286430e+03
2.379197966559535871e+03
2.379197966559535871e+03
2.613854123720149801e+03
2.848510280880764185e+03
2.923104336599210001e+03
2.848510280880764185e+03
2.936677005469566211e+03
2.809612936766733583e+03
2.747742607188996772e+03
2.712868184092039883e+03
2.677993760995083449e+03
2.747742607188996772e+03
2.751257100659035132e+03
2.751257100659035132e+03
2.513900239749678803e+03
2.391285584045509040e+03
2.391285584045509040e+03
2.391285584045509040e+03
2.468175388738185120e+03
2.660444416126475971e+03
2.663323226815168709e+03
2.663323226815168709e+03
2.674129670542888107e+03
2.793375122715080579e+03
2.912620574887272596e+03
2.962837286186552774e+03
3.234497238717200162e+03
3.416935084067244134e+03
3.416935084067244134e+03
3.205617225867819798e+03
3.049561969540167865e+03
2.893506713212515933e+03
2.863494446580676595e+03
2.821175586192616720e+03
2.634153888262878354e+03
2.421239990829787530e+03
2.421239990829787530e+03
2.353616840666640201e+03
2.285993690503492417e+03
2.284120269018793806e+03
2.284120269018793806e+03
2.366820271119719109e+03
2.366820271119719109e+03
2.366820271119719109e+03
2.492571524899777160e+03
2.618322778679835210e+03
2.627473330101233842e+03
2.618322778679835210e+03
2.577866291478977018e+03
2.530012532969180484e+03
2.577866291478977018e+03
2.699672733383069954e+03
2.821479175287162889e+03
2.836527015598216167e+03
2.892183837801534082e+03
2.913734978524219059e+03
3.004765765789104080e+03
3.129611046270338193e+03
3.247917926557492137e+03
3.366224806844646537e+03
3.491746181135849383e+03
3.543652596002122664e+03
3.595559010868395944e+03
4.042876006823188618e+03
4.430022715512027389e+03
4.430022715512027389e+03
4.430022715512027389e+03
4.796761815629281955e+03
4.796761815629281955e+03
4.639136066168008256e+03
4.639136066168008256e+03
4.760563834460747785e+03
4.817444831567926485e+03
4.874325828675105186e+03
5.414518258957561557e+03
5.547356401979684051e+03
5.547356401979684051e+03
5.547356401979684051e+03
5.716274542941868276e+03
6.217286042279929461e+03
6.718297541617989737e+03
6.718297541617989737e+03
6.513579020082118404e+03
6.135623464328578848e+03
5.222380324509673301e+03
5.222380324509673301e+03
5.222380324509673301e+03
5.222380324509673301e+03
6.676135588462204396e+03
6.676135588462204396e+03
5.814706862948561138e+03
5.388234518616757668e+03
5.388234518616757668e+03
5.599407805045622808e+03
5.810581091474487039e+03
5.857549316299754537e+03
5.857549316299754537e+03
5.500157740582327278e+03
5.438448650868941513e+03
5.500157740582327278e+03
5.632074152239332761e+03
5.763990563896339154e+03
5.763990563896339154e+03
5.192078901285534812e+03
4.653249909332970674e+03
4.517323037263803599e+03
4.517323037263803599e+03
4.532648727996933303e+03
4.547974418730062098e+03
4.799048867996495574e+03
4.841753623556800449e+03
4.915879362897788269e+03
4.934222138318124962e+03
5.233351545108021128e+03
5.257883745652732614e+03
5.282415946197444100e+03
5.904733503061252122e+03
5.961371279371972378e+03
6.081364806724687696e+03
6.263167829869777051e+03
6.263167829869777051e+03
6.139817294758440767e+03
6.016466759647103572e+03
5.831863792347786330e+03
5.086125846304211336e+03
5.086125846304211336e+03
5.325444864851127022e+03
5.354725961330899736e+03
5.568800619140891285e+03
5.782875276950881926e+03
6.050022731799300345e+03
6.050022731799300345e+03
5.479020768192566720e+03
5.194056295175341802e+03
5.171137723230245683e+03
5.042366859506872061e+03
4.913595995783497528e+03
4.762700791232664415e+03
4.509565874749289833e+03
4.506455722021050860e+03
4.506455722021050860e+03
4.506455722021050860e+03
4.519011026065278202e+03
4.531566330109506453e+03
4.436992162859047312e+03
4.491888450858674332e+03
4.436992162859047312e+03
4.457322039658219182e+03
4.457322039658219182e+03
4.467382835924692699e+03
4.477443632191166216e+03
4.540381308920214906e+03
4.540381308920214906e+03
4.272223210095112336e+03
4.272223210095112336e+03
4.151065388077451644e+03
4.216639752901633983e+03
4.282214117725816322e+03
4.151065388077451644e+03
4.055448536230082482e+03
3.889868489179461903e+03
3.861867497402472964e+03
3.861867497402472964e+03
3.890560705080590196e+03
3.919253912758707884e+03
3.919253912758707884e+03
3.700035725634405935e+03
3.509232226264283781e+03
3.502797269149041767e+03
3.193842495629921814e+03
3.193842495629921814e+03
3.193842495629921814e+03
3.339780246208516019e+03
3.339780246208516019e+03
3.339780246208516019e+03
3.384326253275848103e+03
3.585028094910797336e+03
3.744374082536127389e+03
3.903720070161456988e+03
3.903720070161456988e+03
3.625732369971041408e+03
3.317408319941656828e+03
3.221321531738696649e+03
3.104308213570412136e+03
2.899357931973494942e+03
2.694407650376577749e+03
2.676207378530662481e+03
2.676207378530662481e+03
2.410455575194913763e+03
2.051229114979722453e+03
1.852129400388651902e+03
1.852129400388651902e+03
1.852129400388651902e+03
1.872613617611260906e+03
1.975474762601083512e+03
1.982469411568283931e+03
1.982469411568283931e+03
1.982469411568283931e+03
2.061514735510210357e+03
2.140560059452137011e+03
2.644336324987016724e+03
2.644336324987016724e+03
2.641420675951984322e+03
2.641420675951984322e+03
2.682248374822393089e+03
2.712054526552600692e+03
2.741860678282808749e+03
2.741860678282808749e+03
2.768491484351320196e+03
2.710544485400956091e+03
2.710544485400956091e+03
2.480230271728111802e+03
2.480230271728111802e+03
2.480230271728111802e+03
2.346361519031893295e+03
2.346361519031893295e+03
2.198215000877161401e+03
2.181840381147177595e+03
2.181840381147177595e+03
2.217420565791407171e+03
2.253000750435636292e+03
2.569023591886777922e+03
2.672683960244794889e+03
2.768765055137602758e+03
2.768765055137602758e+03
2.768765055137602758e+03
2.717058675627539742e+03
2.665352296117477181e+03
2.603585980549123178e+03
2.467651272311354205e+03
2.034304237230315493e+03
1.882483601483023222e+03
1.757206785018528763e+03
1.736511598821164171e+03
1.715816412623799806e+03
1.757206785018528763e+03
1.754876862367294962e+03
1.757219312747220101e+03
1.757219312747220101e+03
2.038683309698612447e+03
2.042681613216632286e+03
2.046679916734651897e+03
2.046679916734651897e+03
2.189668968976751785e+03
2.353410160227042525e+03
2.644757854218273224e+03
2.644757854218273224e+03
2.644757854218273224e+03
2.644757854218273224e+03
2.683869620352426864e+03
2.683869620352426864e+03
2.501289167254533822e+03
2.391044474917279786e+03
2.142916522268569679e+03
2.054912241647802148e+03
1.966907961027034389e+03
1.966907961027034389e+03
1.861129352841638820e+03
1.683021818936245836e+03
1.647061389770253754e+03
1.683021818936245836e+03
1.752938798336186210e+03
1.822855777736126811e+03
2.209187170522272027e+03
2.209187170522272027e+03
1.943382229277131046e+03
1.838527758382811953e+03
1.838527758382811953e+03
1.984455202332646650e+03
2.130382646282481346e+03
2.388758352025118256e+03
2.692581395169862390e+03
2.880457095702774041e+03
2.880457095702774041e+03
2.880457095702774041e+03
3.085180364966839079e+03
3.289903634230904117e+03
3.580641755069502778e+03
3.897397931246156986e+03
3.897397931246156986e+03
3.740071485688723897e+03
3.663424297949137781e+03
3.615459923715262448e+03
3.567495549481387116e+03
3.617417091343503216e+03
3.617417091343503216e+03
4.117625976098509454e+03
4.765301269713289003e+03
5.038164137492381997e+03
5.270723418126846809e+03
5.503282698761311622e+03
5.583311186153709968e+03
5.503282698761311622e+03
5.302945536100122808e+03
4.776686112232515370e+03
4.405527814390780804e+03
4.369413439892221504e+03
4.333299065393663113e+03
4.333299065393663113e+03
3.903444376745751015e+03
3.903444376745751015e+03
3.927062683203590950e+03
3.927062683203590950e+03
3.927062683203590950e+03
3.927062683203590950e+03
4.066439290623760826e+03
4.108580162629553342e+03
4.155416237636751248e+03
4.155416237636751248e+03
4.299362108256658757e+03
4.537813541580619130e+03
4.776264974904580413e+03
4.776264974904580413e+03
4.776264974904580413e+03
5.046988836143473236e+03
5.680949337908464258e+03
6.389134844625988080e+03
7.063759106060333579e+03
7.738383367494678168e+03
8.088075306005889615e+03
8.088075306005889615e+03
7.807197702565696090e+03
7.807197702565696090e+03
7.818326544223549718e+03
7.878100675838339157e+03
7.937874807453128597e+03
8.293726196472518495e+03
8.469739635493884634e+03
9.083901443689454027e+03
9.203935833195335363e+03
9.203935833195335363e+03
9.203935833195335363e+03
9.203935833195335363e+03
7.578901272872368281e+03
5.276483497918748981e+03
5.276483497918748981e+03
5.276483497918748981e+03
4.917997172586363376e+03
4.917997172586363376e+03
4.917997172586363376e+03
5.276483497918748981e+03
4.917997172586363376e+03
4.742976043023038073e+03
3.988572257754598922e+03
3.804645616124068965e+03
3.804645616124068965e+03
3.804645616124068965e+03
4.223361572507846176e+03
4.332905292333865873e+03
4.332905292333865873e+03
4.097045703669572504e+03
3.838542599704385793e+03
3.812531612503601991e+03
3.786520625302818189e+03
3.757871452551233688e+03
3.757871452551233688e+03
3.960613479714668756e+03
3.960613479714668756e+03
4.009067266944808580e+03
4.428685568278908249e+03
4.848303869613007009e+03
4.848303869613007009e+03
4.641185133763214253e+03
4.527092907910902795e+03
4.519890693949898377e+03
4.436518038667471956e+03
4.436518038667471956e+03
4.436518038667471956e+03
4.505102469408197067e+03
4.505102469408197067e+03
4.343743583208417476e+03
3.870477671721936986e+03
3.694151510701440202e+03
3.558287608811730024e+03
3.422423706922019392e+03
3.393149125822716996e+03
3.393149125822716996e+03
3.079837585348682296e+03
2.790161711663968163e+03
2.466169940966917693e+03
2.445256188011645008e+03
2.424342435056372324e+03
2.424342435056372324e+03
2.353629664115929700e+03
2.178098796654500347e+03
2.059156332994528384e+03
1.846246884457428905e+03
1.846246884457428905e+03
1.846246884457428905e+03
1.845904931899081703e+03
1.787914325865132241e+03
1.724278469269433117e+03
1.724278469269433117e+03
1.762752530362009566e+03
1.806733276082950852e+03
1.850714021803892365e+03
1.941055596854218493e+03
2.086067503704957744e+03
2.252629187594329778e+03
2.336928558412360871e+03
2.336928558412360871e+03
2.434324121357654803e+03
2.531719684302949190e+03
2.531719684302949190e+03
2.452062784614358407e+03
2.452062784614358407e+03
2.509120107542290953e+03
2.537291291251055100e+03
2.682208610436620802e+03
2.827125929622186050e+03
2.827125929622186050e+03
2.825366096285140429e+03
2.825366096285140429e+03
2.874065619251597127e+03
2.954285608572144156e+03
2.999372675302781317e+03
3.044459742033418024e+03
3.679798821376768956e+03
3.679798821376768956e+03
3.701217726412055981e+03
3.901127349732005769e+03
4.824207788033340876e+03
5.001125454101407740e+03
5.178043120169474605e+03
5.178043120169474605e+03
4.690820878935393921e+03
3.998968117257349149e+03
