3.105039129681571012e+03
3.105039129681571012e+03
2.990435138759321035e+03
2.920478614543128060e+03
2.767715566616206615e+03
2.676385947413596114e+03
2.676385947413596114e+03
2.684458037857254112e+03
2.692530128300912111e+03
2.692530128300912111e+03
2.570947957279713592e+03
2.566389350756684053e+03
2.566389350756684053e+03
2.574820304277206105e+03
2.745718987153243688e+03
2.916617670029281271e+03
3.035856946287463870e+03
3.134047607265742954e+03
3.202710758393997367e+03
3.670048860700327168e+03
3.670048860700327168e+03
4.245252538403764447e+03
3.873474809014535822e+03
3.873474809014535822e+03
3.873474809014535822e+03
3.873474809014535822e+03
3.873474809014535822e+03
3.873474809014535822e+03
2.422138672883342679e+03
2.422138672883342679e+03
2.422138672883342679e+03
2.422138672883342679e+03
2.369683663496954068e+03
2.217403566606781624e+03
2.202238473307444110e+03
2.202238473307444110e+03
2.202238473307444110e+03
2.237492481964567105e+03
2.237492481964567105e+03
2.185775942694086552e+03
2.102493544564636068e+03
2.047484967472139033e+03
2.033538776529027018e+03
2.019592585585914776e+03
1.961979474222994440e+03
1.883075635453516043e+03
1.852099358914540744e+03
1.852099358914540744e+03
1.924173325740709288e+03
1.952751728343610694e+03
1.981330130946512099e+03
1.981330130946512099e+03
1.978995455327686386e+03
1.913338006131572001e+03
1.864486323642347998e+03
1.864486323642347998e+03
1.968182553879019906e+03
2.071878784115691815e+03
2.267750166855729276e+03
2.267750166855729276e+03
2.267750166855729276e+03
2.271044930246660442e+03
2.348185288217898233e+03
2.390931810662828866e+03
2.433678333107759045e+03
2.447766511918136075e+03
2.451820254835832202e+03
2.451820254835832202e+03
2.500631186806104324e+03
2.560108845996562195e+03
2.561264273645533194e+03
2.562419701294504193e+03
2.573325999187066827e+03
2.573325999187066827e+03
2.446371148600876950e+03
2.393624005499415034e+03
2.393624005499415034e+03
2.468638255185911930e+03
2.543652504872408826e+03
2.650149504125284693e+03
2.738914655824498823e+03
2.738914655824498823e+03
2.574613199913850622e+03
2.460330112202736473e+03
2.438495294295948952e+03
2.416660476389160976e+03
2.416660476389160976e+03
2.312769289902408218e+03
2.312769289902408218e+03
2.312769289902408218e+03
2.319030846348769046e+03
2.311699954666159101e+03
2.304369062983549611e+03
2.304369062983549611e+03
2.251830621798669654e+03
2.142934059436952793e+03
2.140985342614239926e+03
2.142934059436952793e+03
2.151739477119264848e+03
2.160544894801577357e+03
2.294230496071241760e+03
2.294230496071241760e+03
2.235408372581830463e+03
2.145035829427548379e+03
2.071769359462507055e+03
2.055780065342781654e+03
2.039790771223056026e+03
2.005901067218595244e+03
2.004942060225662772e+03
1.907188487047742910e+03
1.870747729429678884e+03
1.870747729429678884e+03
1.889464607400963587e+03
1.908181485372248289e+03
1.980253903848751179e+03
1.980253903848751179e+03
1.989248106755166873e+03
1.964617597403818763e+03
1.830513716195890311e+03
1.830513716195890311e+03
1.830513716195890311e+03
1.805363943523319904e+03
1.697221156068105529e+03
1.600140608073014619e+03
1.457045952044606565e+03
1.457045952044606565e+03
1.589495532320579514e+03
1.721945112596552690e+03
1.798211832857419495e+03
1.798211832857419495e+03
1.697271901737731923e+03
1.697271901737731923e+03
1.844868286287328829e+03
1.948203344235260829e+03
2.051538402183192829e+03
2.125124386384537047e+03
2.125124386384537047e+03
2.089291825556428194e+03
2.089291825556428194e+03
2.176783667086631795e+03
2.176783667086631795e+03
2.176783667086631795e+03
2.094236095171931538e+03
1.872955544006859100e+03
1.776220801620950169e+03
1.767721315523016074e+03
1.767721315523016074e+03
1.774485673441606878e+03
1.781250031360197681e+03
1.788675461432642351e+03
1.781250031360197681e+03
1.712129297306503076e+03
1.712129297306503076e+03
1.716906138986870019e+03
1.779336105091031641e+03
1.841766071195193263e+03
1.841766071195193263e+03
1.841766071195193263e+03
1.916766592031754044e+03
2.077743830823374083e+03
2.077743830823374083e+03
2.034422726093047004e+03
1.991101621362719925e+03
1.991101621362719925e+03
2.081715296633176422e+03
2.194619599931647826e+03
2.238082989801774147e+03
2.238082989801774147e+03
2.232528018601366966e+03
2.226973047400959786e+03
2.067920830721977381e+03
2.067920830721977381e+03
2.067920830721977381e+03
1.894796090801854916e+03
1.894796090801854916e+03
1.942255964567804767e+03
1.989715838333754391e+03
1.989715838333754391e+03
1.928763367678900067e+03
1.869850545869684083e+03
1.797118420774873812e+03
1.630267721597522495e+03
1.625126216919344188e+03
1.619984712241166108e+03
1.630267721597522495e+03
1.634947242694552870e+03
1.634947242694552870e+03
1.632603962511839200e+03
1.608246575722710304e+03
1.608246575722710304e+03
1.608246575722710304e+03
1.649725825665322191e+03
1.689790922634728304e+03
1.701105716061386374e+03
1.701105716061386374e+03
1.604353242445029537e+03
1.604353242445029537e+03
1.604353242445029537e+03
1.624425306568926999e+03
1.874522525190163151e+03
1.874522525190163151e+03
1.783329293572020333e+03
1.666667926733917966e+03
1.666667926733917966e+03
1.666667926733917966e+03
1.666667926733917966e+03
1.627549873814775992e+03
1.627549873814775992e+03
1.863730602472905275e+03
2.174516649049076022e+03
2.174516649049076022e+03
2.174516649049076022e+03
1.983804404702292004e+03
1.983804404702292004e+03
2.056498548828088587e+03
2.056498548828088587e+03
2.047931954945624057e+03
2.024504476982752294e+03
2.001076999019880304e+03
1.741840805195499797e+03
1.713632186651625034e+03
1.713632186651625034e+03
1.713632186651625034e+03
1.743602908505850110e+03
1.785752678608249198e+03
1.827902448710648287e+03
1.864266359792909043e+03
1.922663550593664468e+03
2.166949102456106175e+03
2.336520380560070407e+03
2.461809678670000721e+03
2.461809678670000721e+03
2.461809678670000721e+03
2.461809678670000721e+03
2.573199848355252925e+03
2.573199848355252925e+03
2.582606531444982465e+03
2.511257317308186884e+03
2.705922368167965487e+03
2.900587419027744090e+03
3.023376575832959134e+03
3.029701697190260802e+03
3.106417404526518112e+03
3.262129242417679961e+03
3.572479961213030947e+03
3.572479961213030947e+03
3.572479961213030947e+03
3.187264613221240779e+03
3.172787362792487784e+03
3.172787362792487784e+03
3.172787362792487784e+03
3.064037120507762666e+03
3.013402760463234699e+03
2.962768400418706278e+03
2.873502153511554297e+03
2.841915352551828164e+03
2.687397843496580208e+03
2.562098209212116217e+03
2.562098209212116217e+03
2.550101391991383025e+03
2.538104574770649833e+03
2.512848958307039993e+03
2.512848958307039993e+03
2.628752046303352927e+03
2.630428958648915795e+03
2.670001095977032946e+03
2.650215027312974598e+03
2.630428958648915795e+03
2.586729103435191519e+03
2.586729103435191519e+03
2.894236764871497144e+03
3.080278897986745051e+03
3.257286599286482215e+03
4.390573279316954540e+03
6.233053288942454856e+03
6.233053288942454856e+03
6.233053288942454856e+03
6.233053288942454856e+03
3.331544066855778055e+03
3.331544066855778055e+03
3.210616013123304583e+03
3.089687959390831111e+03
3.089687959390831111e+03
2.428346146540648988e+03
2.428346146540648988e+03
2.390807964047067799e+03
2.540001013967807467e+03
2.629733523902346860e+03
2.719466033836886709e+03
2.719466033836886709e+03
2.662248330569133032e+03
2.192650697025483169e+03
2.060425231364754382e+03
2.060425231364754382e+03
2.075835873224942588e+03
2.091246515085130795e+03
2.091246515085130795e+03
2.068975417929498690e+03
1.949260330045931141e+03
1.949260330045931141e+03
1.968661125510651118e+03
1.976817110575947027e+03
1.984973095641242935e+03
2.016027341536308313e+03
2.016027341536308313e+03
2.074724505105562457e+03
2.074724505105562457e+03
2.090250977878055892e+03
2.090250977878055892e+03
2.090250977878055892e+03
2.294058320667879798e+03
2.294058320667879798e+03
2.210531301713273933e+03
1.986769686510085648e+03
1.981232791346028080e+03
1.981232791346028080e+03
1.981232791346028080e+03
2.234814660358976198e+03
2.295538994833514153e+03
2.323798670405324629e+03
2.323798670405324629e+03
2.223632816894777079e+03
2.223632816894777079e+03
2.223632816894777079e+03
2.226021905110406351e+03
2.226021905110406351e+03
2.259366187740115947e+03
2.190703210621421022e+03
2.280761293842303985e+03
2.279098368659242624e+03
2.277435443476181717e+03
2.277435443476181717e+03
2.252542029347336211e+03
2.152682776520437073e+03
2.029283925838150481e+03
2.012634188303416977e+03
2.012634188303416977e+03
2.012634188303416977e+03
2.218491975543641729e+03
2.246162266505945809e+03
2.246162266505945809e+03
2.168446018012446075e+03
2.168446018012446075e+03
2.194077825650377235e+03
2.219709633288308851e+03
2.221853358164266410e+03
2.261885078180978326e+03
2.372197075722459431e+03
2.441529350958708164e+03
2.546060974916831128e+03
2.625783765248033887e+03
2.705506555579236192e+03
2.938659257611886460e+03
2.938659257611886460e+03
2.832790852572809399e+03
2.827091772765702899e+03
2.636041717108581906e+03
2.593346175125288937e+03
2.550650633141995968e+03
2.425424528025994277e+03
2.353686409032495249e+03
2.353686409032495249e+03
2.605963846083825047e+03
2.636082399283702216e+03
2.636082399283702216e+03
2.636082399283702216e+03
2.636082399283702216e+03
2.518734287877293355e+03
2.420709271091250230e+03
2.365203358141679018e+03
2.365203358141679018e+03
2.339634600081923509e+03
2.314065842022167999e+03
2.316483577091350071e+03
2.314065842022167999e+03
2.301442583897728582e+03
2.234107275381413729e+03
2.234107275381413729e+03
2.237075983858497239e+03
2.240044692335581203e+03
2.281940247180632014e+03
2.281940247180632014e+03
2.281940247180632014e+03
2.284548428800552301e+03
2.312338223538641614e+03
2.417452866207358511e+03
2.522567508876075408e+03
2.597240387965846821e+03
2.597240387965846821e+03
2.361493624023918528e+03
2.202295224294730360e+03
2.202295224294730360e+03
2.295206337811143385e+03
2.388117451327556864e+03
2.652035110867117055e+03
2.864172158531333025e+03
3.058080838422870784e+03
3.153020078786454178e+03
3.351154801501430029e+03
3.637718211434862951e+03
3.924281621368295873e+03
4.230402213520871555e+03
4.244009601605460375e+03
4.261771079926480525e+03
4.325739781975575170e+03
4.576199905064507220e+03
4.766375457875457869e+03
5.093553653807975934e+03
5.093553653807975934e+03
4.212044700480973916e+03
2.827504627921166048e+03
2.827504627921166048e+03
2.827504627921166048e+03
2.772076260688058028e+03
2.772076260688058028e+03
2.772076260688058028e+03
2.217811623215388863e+03
1.994087349192140891e+03
1.988100079571033575e+03
1.988100079571033575e+03
2.067635070518838802e+03
2.147170061466644256e+03
2.236971250656285974e+03
2.236971250656285974e+03
2.022255113173135214e+03
1.985849838446303238e+03
1.978848166083510705e+03
1.969602929541834783e+03
1.960357693000158861e+03
1.934600016605807014e+03
1.866886599646818468e+03
1.789040508858754492e+03
1.789040508858754492e+03
1.816369466274574052e+03
1.873861589785728938e+03
1.931353713296884052e+03
2.080693941556035043e+03
2.148316369123238019e+03
2.148316369123238019e+03
2.041615051809682882e+03
2.041615051809682882e+03
2.090082145959907393e+03
2.138549240110131450e+03
2.288863218273016173e+03
2.288863218273016173e+03
2.285961403245717065e+03
2.285961403245717065e+03
2.335451578317884014e+03
2.412098060834588978e+03
2.488744543351293942e+03
2.488744543351293942e+03
2.416346141815506599e+03
2.389692558368689788e+03
2.326134504926800219e+03
2.326134504926800219e+03
2.344816533155593788e+03
2.363498561384387813e+03
2.363498561384387813e+03
2.175454423991778185e+03
2.134136761148079131e+03
2.002379793942136075e+03
2.002379793942136075e+03
2.079398546057282147e+03
2.156417298172428218e+03
2.226767529693921915e+03
2.226767529693921915e+03
2.125858142302989563e+03
2.125858142302989563e+03
2.264131798299460115e+03
2.358865903782827445e+03
2.453600009266195229e+03
2.453600009266195229e+03
2.436718854195159111e+03
2.300057715690551504e+03
2.300057715690551504e+03
2.287425074133886483e+03
2.244933912977153341e+03
2.202442751820420199e+03
2.101987059422374386e+03
1.965602083708017290e+03
1.965602083708017290e+03
1.967728998180769622e+03
1.969674642635481632e+03
1.991851743872942961e+03
2.014028845110404291e+03
2.014028845110404291e+03
1.942561432768095983e+03
1.899369116209051981e+03
1.856992847673848019e+03
1.899369116209051981e+03
1.971515987835396345e+03
2.043662859461740709e+03
2.204610051048078276e+03
2.204610051048078276e+03
2.061479674243256341e+03
2.061479674243256341e+03
2.031684900862717313e+03
2.028831820552170939e+03
2.025978740241624791e+03
1.988801080530437957e+03
1.875539109353708909e+03
1.779526368263106406e+03
1.739807470230103945e+03
1.739807470230103945e+03
1.819104232239391422e+03
1.898400994248678899e+03
1.898400994248678899e+03
1.778278551936642316e+03
1.778278551936642316e+03
1.818671600567673977e+03
1.938505489106440791e+03
1.972024882141080752e+03
2.005544275175720713e+03
2.005544275175720713e+03
1.788649207220647440e+03
1.709443602041563281e+03
1.662611126976200694e+03
1.662611126976200694e+03
1.682710712414323780e+03
1.702810297852446865e+03
1.702810297852446865e+03
1.537044271343740093e+03
1.491169392799496791e+03
1.491169392799496791e+03
1.540687016278855253e+03
1.594316391828827136e+03
1.647945767378799019e+03
1.676496868360056624e+03
1.724702959685963606e+03
1.729650648831487842e+03
1.864761779831807189e+03
1.963715143120565699e+03
1.963715143120565699e+03
1.963715143120565699e+03
1.838262114544042106e+03
1.721692328538915490e+03
1.676679792629589656e+03
1.676679792629589656e+03
1.708320782970838309e+03
1.708320782970838309e+03
1.708320782970838309e+03
1.592487587795375703e+03
1.567207240730435842e+03
1.477644558980980491e+03
1.477644558980980491e+03
1.506455903299430020e+03
1.529556155695511961e+03
1.552656408091593903e+03
1.583155774490097428e+03
1.600126132523801516e+03
1.607142046618417908e+03
1.630876225003871923e+03
1.694868576406812508e+03
1.761255097917546209e+03
1.827641619428279910e+03
1.932579845856243537e+03
1.932579845856243537e+03
1.893494039278876699e+03
1.893494039278876699e+03
1.893494039278876699e+03
1.886146993110268795e+03
1.878799946941660892e+03
1.803873020403241298e+03
1.513704244189186738e+03
1.383444326959866203e+03
1.316349113564416939e+03
1.287553057138529539e+03
1.269818043969627070e+03
1.252083030800724600e+03
1.287553057138529539e+03
1.215988381463977021e+03
1.198348306788896934e+03
1.198348306788896934e+03
1.251012443051210312e+03
1.251012443051210312e+03
1.251012443051210312e+03
1.251012443051210312e+03
1.280364176112099813e+03
1.480034241340464177e+03
1.825556286294415941e+03
1.938375627011576853e+03
1.881965956652996283e+03
1.825556286294415941e+03
1.725691829376035685e+03
1.725691829376035685e+03
2.017192310097500012e+03
2.017192310097500012e+03
2.025416845955906865e+03
2.038072786506680586e+03
2.050728727057454307e+03
2.050728727057454307e+03
1.961116546402435915e+03
1.961116546402435915e+03
1.995276638429160812e+03
1.995276638429160812e+03
2.219785283731236632e+03
2.219785283731236632e+03
2.297030872126883423e+03
2.312179685802623226e+03
2.358416719494573044e+03
2.559556008082831795e+03
2.778333021411015125e+03
2.794319240988766524e+03
2.810305460566517922e+03
2.810305460566517922e+03
2.810305460566517922e+03
2.642626512215923412e+03
2.636669974280299812e+03
2.642626512215923412e+03
2.711158032083711987e+03
2.779689551951501016e+03
2.845927181938483045e+03
2.779689551951501016e+03
2.866199584355464594e+03
2.767185827606285784e+03
2.801511817921274087e+03
2.784348822763779935e+03
2.767185827606285784e+03
2.651882016288599516e+03
2.651882016288599516e+03
2.898772128164978767e+03
3.702339125232004790e+03
3.702339125232004790e+03
3.550177100031824921e+03
3.398015074831645052e+03
3.398015074831645052e+03
3.878256329136667773e+03
3.878256329136667773e+03
3.858307321165338180e+03
3.858307321165338180e+03
3.776432583911793699e+03
3.776432583911793699e+03
3.776432583911793699e+03
3.655492844783257624e+03
3.655492844783257624e+03
3.540687529842052300e+03
2.876731972093436070e+03
2.812587351849875176e+03
2.748442731606314283e+03
2.411204665413098610e+03
2.357591912330420200e+03
2.357591912330420200e+03
2.357591912330420200e+03
2.353874199827501343e+03
2.187146329872834031e+03
2.020418459918166491e+03
1.921039578765204851e+03
1.914795701701809094e+03
1.921039578765204851e+03
2.121838160606314887e+03
2.334242764821230139e+03
2.347990472349294578e+03
2.361738179877358561e+03
2.369307447558349395e+03
2.369307447558349395e+03
2.229048391232439826e+03
2.229048391232439826e+03
2.231181513878592796e+03
2.231181513878592796e+03
2.231181513878592796e+03
2.229997502085259839e+03
2.224911533196797791e+03
2.224911533196797791e+03
2.205250049311741350e+03
2.205250049311741350e+03
2.204756032197117747e+03
2.204262015082493690e+03
2.215743606013859790e+03
2.204262015082493690e+03
2.230275948454960599e+03
2.253495464995670773e+03
2.317437545600472731e+03
2.372870430976015086e+03
2.428303316351556987e+03
2.428303316351556987e+03
2.352126748098788994e+03
2.264872881276742191e+03
2.142459006933597266e+03
2.110641703940618754e+03
2.109126215338866132e+03
2.107610726737113055e+03
2.107610726737113055e+03
2.024107127748222410e+03
2.024107127748222410e+03
2.087839484413785613e+03
2.137556800866184858e+03
2.167261525541602623e+03
2.196966250217020388e+03
2.196966250217020388e+03
2.098697434596262610e+03
2.025623280787394833e+03
1.996836324248557275e+03
1.996836324248557275e+03
1.988923943431155294e+03
1.981011562613753085e+03
1.963160144005417578e+03
1.948804316839620697e+03
1.879771238344754465e+03
1.879771238344754465e+03
1.934722440870036053e+03
2.004340166604255501e+03
2.073957892338474721e+03
2.078151197954450708e+03
2.078151197954450708e+03
2.013458376995293065e+03
1.959834148066010357e+03
2.013458376995293065e+03
1.982493606826443283e+03
1.951528836657593274e+03
2.035715140067570019e+03
2.011206219889580098e+03
2.035715140067570019e+03
2.151166948059642436e+03
2.245848948265110266e+03
2.245848948265110266e+03
2.245848948265110266e+03
2.355291616939544838e+03
2.365931717524700616e+03
2.408991269758033013e+03
2.365931717524700616e+03
2.363444303714862599e+03
2.356066549451780702e+03
2.348688795188698805e+03
2.142623513049307803e+03
2.134926367394400586e+03
2.065074640964075115e+03
1.996477957774266315e+03
1.996477957774266315e+03
2.086699846592689937e+03
2.176921735411113787e+03
2.233292747831927500e+03
2.289663760252741213e+03
2.289663760252741213e+03
2.129237826642336586e+03
2.065616144389325200e+03
2.065616144389325200e+03
2.065616144389325200e+03
2.180703357670169225e+03
2.180703357670169225e+03
2.180703357670169225e+03
2.228536293658778050e+03
2.238948451601560009e+03
2.329109422444627853e+03
2.419270393287696152e+03
2.419270393287696152e+03
2.349595472912226342e+03
2.349595472912226342e+03
2.377491350175621847e+03
2.465632194633939434e+03
2.679379001559847893e+03
2.893125808485756806e+03
2.893125808485756806e+03
2.763905329396216985e+03
2.763905329396216985e+03
2.807728440900784335e+03
2.940712494416412483e+03
3.127898661187718972e+03
3.315084827959025915e+03
3.323993147663787113e+03
3.352230964752582622e+03
3.888194239823337739e+03
4.662993459694578632e+03
4.680978088852492874e+03
5.013437705025044124e+03
4.845909459304289157e+03
4.845909459304289157e+03
4.845909459304289157e+03
4.845909459304289157e+03
2.780025421410067793e+03
2.521225704391066756e+03
2.462998525862441966e+03
2.404771347333817175e+03
2.385364740685976813e+03
2.327621181871354565e+03
2.315744280323824114e+03
2.327621181871354565e+03
2.315744280323824114e+03
2.313485687714070082e+03
2.311227095104316504e+03
2.222153686824207398e+03
2.164533150719707464e+03
1.968631808543520492e+03
1.953161934053156983e+03
1.953161934053156983e+03
1.955484580798639854e+03
1.957807227544122497e+03
2.012578873356329268e+03
2.013468787629646840e+03
2.026353240118233998e+03
2.026353240118233998e+03
2.026353240118233998e+03
1.999129285579225552e+03
1.971905331040217106e+03
1.963292431995354718e+03
1.897106304806140315e+03
1.860753488260382937e+03
1.822027421730768083e+03
1.822027421730768083e+03
1.909961966799945912e+03
1.997896511869123970e+03
2.352109007377021953e+03
2.352109007377021953e+03
2.289818078846220033e+03
2.277508043830922816e+03
2.277508043830922816e+03
2.319876981091130347e+03
2.362245918351337878e+03
2.375749064221604385e+03
2.362245918351337878e+03
2.375749064221604385e+03
2.308186494436525663e+03
2.356834720600567380e+03
2.356834720600567380e+03
2.356834720600567380e+03
2.363630773553401923e+03
2.363630773553401923e+03
2.249762518611713404e+03
2.162308214278421929e+03
2.162308214278421929e+03
2.206636852405639729e+03
2.250965490532857984e+03
2.250965490532857984e+03
2.256029065076614188e+03
2.256029065076614188e+03
2.394756776159344099e+03
2.501039653197347889e+03
2.501039653197347889e+03
2.501039653197347889e+03
2.402630144018734427e+03
2.205088059918417912e+03
2.205088059918417912e+03
2.263691279580385981e+03
2.340166019903485903e+03
2.341188277200199082e+03
2.342210534496911805e+03
2.340166019903485903e+03
2.220668287636749938e+03
2.203374075789330163e+03
2.191311391063602059e+03
2.174232371587145735e+03
2.131402047951064560e+03
2.088571724314983840e+03
2.041552388537193110e+03
1.926674858138424725e+03
1.730422895548020733e+03
1.683420975934909393e+03
1.683420975934909393e+03
1.716617861356206731e+03
1.749814746777504070e+03
1.830716377975391197e+03
1.871026178199753076e+03
1.900771476895260093e+03
1.942184460390405093e+03
2.024338188559657283e+03
2.025852353387819448e+03
2.027366518215981614e+03
2.065078201583478403e+03
2.071463687965153895e+03
2.071463687965153895e+03
2.116334832083042784e+03
2.116334832083042784e+03
2.115152445888545117e+03
2.113970059694046995e+03
2.101518074940900078e+03
1.997979234698455002e+03
1.843372843277787069e+03
1.699454681570885214e+03
1.699454681570885214e+03
1.727145871800411896e+03
1.754837062029938807e+03
1.894638160187008452e+03
1.956139453916092862e+03
1.956139453916092862e+03
1.916374381746845074e+03
1.827524478979782316e+03
1.827524478979782316e+03
1.827524478979782316e+03
1.840057749382613565e+03
1.854381373094355922e+03
1.891836396403508843e+03
1.919455049585600818e+03
1.974618162758232074e+03
1.979758127590389222e+03
1.984898092422546370e+03
1.984898092422546370e+03
1.886021105161561081e+03
1.804861348027820441e+03
1.776870061780054357e+03
1.776870061780054357e+03
1.800304341004263733e+03
1.823738620228473110e+03
1.997090899008368751e+03
2.002382646965565300e+03
2.039294104617903940e+03
2.057514484310293028e+03
2.129709330288346337e+03
2.167037625218770700e+03
2.204365920149195063e+03
2.204365920149195063e+03
2.139698669140580023e+03
2.139698669140580023e+03
2.155687247558651507e+03
2.311537509251058964e+03
2.311537509251058964e+03
2.311537509251058964e+03
2.218741297933107489e+03
2.096244328767666502e+03
2.046646427606204725e+03
1.823781623227627506e+03
1.823781623227627506e+03
1.832850492780120931e+03
1.841919362332614355e+03
1.878817694818992777e+03
1.878817694818992777e+03
1.779007664676019431e+03
1.646867555993289443e+03
1.646867555993289443e+03
1.725245566594391221e+03
1.803623577195492771e+03
1.871625597644202344e+03
1.871625597644202344e+03
1.871625597644202344e+03
2.001814395724338510e+03
2.021956098751238414e+03
2.103225192764910389e+03
2.184494286778582136e+03
2.184494286778582136e+03
2.118854647116265369e+03
1.836000698690827221e+03
1.835682775661354754e+03
1.777357052030679370e+03
1.760548558141081685e+03
1.743740064251484000e+03
1.702826960701777352e+03
1.686037782230892390e+03
1.608798822509556203e+03
1.608798822509556203e+03
1.668112436575177526e+03
1.714564283091136531e+03
1.761016129607095763e+03
1.761016129607095763e+03
1.761016129607095763e+03
1.761099884269153563e+03
1.953208112132231236e+03
2.013420175842665913e+03
2.013420175842665913e+03
2.013420175842665913e+03
1.751870284528267121e+03
1.748387795100702078e+03
1.748387795100702078e+03
1.751662536227036298e+03
1.781263643288586763e+03
1.847769735319840038e+03
1.914275827351093312e+03
1.988816035634962418e+03
2.060276014126340215e+03
2.096830567865184548e+03
2.190601802605479861e+03
2.588522886127173933e+03
2.601879944125494148e+03
2.615237002123814364e+03
2.615237002123814364e+03
2.467512299694335525e+03
2.348904408186273940e+03
2.348904408186273940e+03
2.392143409120404158e+03
2.439833099740446414e+03
2.487522790360489125e+03
2.672010345330827931e+03
2.672010345330827931e+03
2.671372935090391820e+03
2.387572366568580492e+03
2.387572366568580492e+03
2.418307574632231990e+03
2.449042782695883488e+03
2.455681737083074950e+03
2.892820832561262705e+03
3.253060087535136063e+03
3.253060087535136063e+03
3.253060087535136063e+03
4.045590198662757757e+03
4.176074796084828449e+03
4.353801047300179562e+03
4.353801047300179562e+03
3.320211792191155837e+03
3.320211792191155837e+03
3.320211792191155837e+03
3.320211792191155837e+03
3.320211792191155837e+03
3.320211792191155837e+03
3.310869403898137989e+03
2.939592412208677615e+03
2.819208461709675248e+03
2.819208461709675248e+03
3.051601913914750639e+03
3.283995366119826031e+03
3.283995366119826031e+03
2.750757668294990253e+03
2.679820178266088988e+03
2.622460904662045778e+03
2.578122309344354562e+03
2.563295554995863768e+03
2.548468800647372973e+03
2.489854783683138976e+03
2.456029642700460499e+03
2.157675211423667406e+03
2.031819870390274900e+03
2.031819870390274900e+03
2.111130692502174497e+03
2.190441514614073640e+03
2.321978506669060152e+03
2.322444487263728206e+03
2.386672792937341001e+03
2.443270411946652985e+03
2.507404177472149058e+03
2.605413144882497363e+03
2.703422112292845213e+03
2.866162239090989715e+03
2.866162239090989715e+03
2.866162239090989715e+03
2.869461035965066912e+03
3.020963461837769046e+03
3.064906436965624835e+03
3.108849412093480623e+03
3.108849412093480623e+03
2.918270871637482742e+03
2.910675582118800776e+03
2.878721593575469342e+03
2.878721593575469342e+03
2.899862544558358422e+03
2.921003495541247503e+03
3.048809532486602620e+03
3.048809532486602620e+03
2.834595565503148009e+03
2.774075036314373392e+03
2.774075036314373392e+03
2.775925909218335619e+03
2.777776782122298300e+03
2.777776782122298300e+03
2.706209430264459115e+03
2.667776162508136167e+03
2.706209430264459115e+03
2.791634219248776844e+03
2.828335065635215869e+03
2.865035912021654894e+03
2.897032478971647834e+03
2.897032478971647834e+03
2.518895406703632489e+03
2.497973938003567127e+03
2.477271845730990663e+03
2.450432826120772916e+03
2.423593806510554714e+03
2.423593806510554714e+03
2.311091558029810130e+03
2.164177881315621107e+03
2.019990607369652935e+03
2.019990607369652935e+03
2.046984556878674994e+03
2.073978506387697053e+03
2.218306921064016024e+03
2.218306921064016024e+03
2.146908777097141410e+03
2.025089099234896366e+03
2.000591585504852901e+03
2.012840342369874634e+03
2.025089099234896366e+03
2.123479531727639824e+03
2.188102091938259036e+03
2.190710577231546267e+03
2.209774068787383840e+03
2.342405864572910104e+03
2.371867425760286096e+03
2.401328986947662543e+03
2.401957951163421967e+03
2.517206338165545276e+03
2.556995443259724198e+03
2.600874140072545288e+03
2.637630824317448969e+03
2.650916816848961389e+03
2.664202809380474264e+03
2.767227486260870137e+03
2.767227486260870137e+03
2.669626063986262125e+03
2.601211516278116960e+03
2.601211516278116960e+03
2.653997684593193298e+03
2.706783852908269637e+03
2.706783852908269637e+03
2.599038237985350406e+03
2.500330230367794229e+03
2.408417124825517021e+03
2.408417124825517021e+03
2.431126668763499765e+03
2.453836212701482509e+03
2.512235799427655820e+03
2.542682243697863214e+03
2.573128687968070608e+03
2.573128687968070608e+03
2.485808060624736299e+03
2.485808060624736299e+03
2.485808060624736299e+03
2.485808060624736299e+03
2.401899477545813170e+03
2.401899477545813170e+03
2.488136724603023140e+03
2.514391951963332758e+03
2.627696156900793085e+03
2.741000361838253411e+03
3.202008451628959847e+03
3.350607776059336175e+03
3.601333739332434106e+03
3.915399835053367042e+03
3.967618425169920101e+03
4.210708876577511546e+03
4.453799327985103446e+03
4.453799327985103446e+03
4.276691478967995863e+03
3.833729707367535866e+03
2.607153476655088980e+03
2.607153476655088980e+03
2.607153476655088980e+03
2.095003889754870670e+03
2.095003889754870670e+03
2.095003889754870670e+03
1.679030797897205275e+03
1.578660735325370979e+03
1.578660735325370979e+03
1.683719854596619598e+03
1.788778973867868217e+03
2.248567853372564514e+03
2.248567853372564514e+03
1.883321621354077934e+03
1.769751296342860314e+03
1.769751296342860314e+03
1.869132413940218612e+03
1.968513531537576910e+03
1.968513531537576910e+03
1.738324424424597055e+03
1.703719686300312105e+03
1.703719686300312105e+03
1.749127384950119676e+03
1.864145723115717828e+03
1.979164061281315981e+03
1.979164061281315981e+03
1.854305956325496481e+03
1.800918314020412026e+03
1.800918314020412026e+03
2.158240865410497918e+03
2.180531832088639021e+03
2.202822798766780124e+03
2.369098541021272013e+03
2.369098541021272013e+03
1.992798429772202098e+03
1.892927818914216004e+03
1.815827159282236380e+03
1.815827159282236380e+03
1.815827159282236380e+03
1.768734632637042296e+03
1.760752669663695542e+03
1.579386300731150641e+03
1.579386300731150641e+03
1.611690709758621097e+03
1.743611881352627734e+03
1.875533052946634371e+03
1.880437855176503490e+03
1.880437855176503490e+03
1.784963275153623044e+03
1.762977899824267752e+03
1.784963275153623044e+03
1.940682184734830571e+03
2.096401094316037870e+03
2.096401094316037870e+03
2.055800831008986734e+03
1.956276272234808403e+03
1.956276272234808403e+03
2.139324309874664777e+03
2.139324309874664777e+03
2.139324309874664777e+03
2.115710218349770912e+03
1.978758128035613709e+03
1.870093490233223974e+03
1.769880987059314975e+03
1.870093490233223974e+03
1.890439782769944486e+03
1.910786075306664770e+03
1.944576207521580727e+03
1.910786075306664770e+03
1.865365389724971919e+03
1.844037117107132872e+03
1.865365389724971919e+03
1.934166777995343182e+03
2.002968166265714444e+03
2.002968166265714444e+03
1.842877451470294773e+03
1.842877451470294773e+03
1.930219637353196731e+03
2.032697509095990881e+03
2.070955966986671228e+03
2.109214424877352030e+03
2.109214424877352030e+03
1.882332539220604076e+03
1.819145481210451180e+03
1.819145481210451180e+03
1.819145481210451180e+03
1.809638004252636392e+03
1.800130527294821604e+03
1.773536282304337419e+03
1.704052169932800098e+03
1.704052169932800098e+03
1.758670509241095488e+03
1.987870312121546476e+03
1.987870312121546476e+03
1.987870312121546476e+03
1.947893594275308033e+03
1.787866817482210308e+03
1.696243465098641309e+03
1.686430113699576850e+03
1.686430113699576850e+03
1.686430113699576850e+03
1.686430113699576850e+03
1.545936064712191637e+03
1.489006795498509973e+03
1.475567443795659074e+03
1.489006795498509973e+03
1.621005865266575711e+03
1.710031041021924921e+03
1.799056216777273903e+03
1.799056216777273903e+03
1.798554999091850732e+03
1.607499848897802394e+03
1.580981985387288887e+03
1.580981985387288887e+03
1.663606857710366967e+03
1.746231730033444819e+03
1.746231730033444819e+03
1.754838548501746800e+03
1.824430038698206090e+03
2.016843807367516774e+03
2.132714533581150590e+03
2.132714533581150590e+03
2.132714533581150590e+03
2.056820231824296116e+03
1.989869861883545582e+03
1.853176932826243501e+03
1.824200943580232888e+03
1.763646565257732391e+03
1.748828698568593609e+03
1.734010831879455054e+03
1.609863621991672289e+03
1.512162735370966857e+03
1.422061192782577109e+03
1.400282139194277306e+03
1.400282139194277306e+03
1.438876896549206549e+03
1.477471653904135792e+03
1.477471653904135792e+03
1.330296179299176401e+03
1.319793561241690441e+03
1.319793561241690441e+03
1.420148317328748817e+03
1.501573799317322027e+03
1.582999281305895011e+03
1.593384120425016590e+03
1.703960715772576350e+03
1.716552589455237694e+03
1.731558218563050559e+03
1.751655460461805887e+03
1.741606839512428223e+03
1.731558218563050559e+03
1.699451738552437291e+03
1.650589242495787403e+03
1.643824935158837889e+03
1.643824935158837889e+03
1.951149420530789030e+03
1.951149420530789030e+03
1.951149420530789030e+03
1.755628604981041917e+03
1.755628604981041917e+03
2.037533761599008358e+03
2.186857522386386790e+03
2.217695437692607811e+03
2.217695437692607811e+03
2.217695437692607811e+03
2.075975562363491917e+03
2.070977071521164817e+03
1.972752931480940106e+03
1.928270430747566024e+03
1.867691654311728826e+03
1.823603158980761009e+03
1.779514663649793192e+03
1.779514663649793192e+03
1.798633823394967521e+03
1.798633823394967521e+03
1.706441881762125831e+03
1.667615808286048605e+03
1.644537571922460756e+03
1.621459335558872908e+03
1.603929563284432334e+03
1.559636132779847685e+03
1.490219334518220194e+03
1.490219334518220194e+03
1.500205555252733575e+03
1.654564254728132710e+03
1.808922954203532072e+03
2.114545155271124258e+03
2.261593000171015774e+03
2.505626405078265634e+03
2.769896785957737393e+03
2.769896785957737393e+03
2.700008571917060181e+03
2.630120357876383423e+03
2.246782218152704445e+03
2.154160039116919052e+03
2.154160039116919052e+03
2.390862946831431145e+03
2.687638163385578082e+03
2.726870268980085712e+03
2.766102374574593796e+03
2.844111866218808700e+03
2.844111866218808700e+03
2.848592144016832208e+03
2.918200994723657004e+03
2.918200994723657004e+03
2.755370323785637993e+03
2.592539652847618527e+03
2.198739060355202128e+03
1.926632572492206691e+03
1.776864225205649518e+03
1.776864225205649518e+03
1.971947416728460894e+03
1.971947416728460894e+03
1.971947416728460894e+03
1.967065289100994960e+03
1.967065289100994960e+03
2.049548634104832672e+03
2.062579399327832107e+03
2.062579399327832107e+03
2.062579399327832107e+03
2.062579399327832107e+03
2.080648153056719821e+03
2.361918217641317824e+03
2.361918217641317824e+03
2.304050161487629794e+03
2.304050161487629794e+03
2.377275512308777252e+03
2.450500863129924255e+03
2.620074656055984633e+03
2.783269685273823143e+03
2.748126306600467160e+03
2.783269685273823143e+03
3.108026775140791869e+03
3.318838005748310025e+03
3.529649236355828180e+03
3.529649236355828180e+03
3.307037452261985891e+03
3.307037452261985891e+03
3.356532847045204107e+03
3.431616718170570039e+03
3.497551508310675672e+03
3.563486298450780851e+03
3.563486298450780851e+03
3.563486298450780851e+03
3.854891444007425434e+03
3.882316171346968986e+03
4.118933419780527402e+03
4.865736891926336284e+03
4.865736891926336284e+03
4.325170884375122114e+03
3.309089433089058275e+03
3.309089433089058275e+03
3.309089433089058275e+03
3.309089433089058275e+03
3.208426575366567249e+03
3.107763717644076223e+03
3.107763717644076223e+03
2.724012008809884264e+03
2.612531096487417017e+03
2.543558780639171800e+03
2.543558780639171800e+03
2.543558780639171800e+03
2.543558780639171800e+03
2.458776908511762031e+03
2.363352221302920498e+03
2.310818182507042366e+03
2.111548036276749826e+03
2.111548036276749826e+03
2.111548036276749826e+03
2.111548036276749826e+03
2.092315423156313045e+03
2.078612789582936330e+03
2.070269358960599220e+03
2.070269358960599220e+03
2.149917811850863927e+03
2.167328261383900099e+03
2.184738710916935815e+03
2.187348462855440175e+03
2.273038354143306151e+03
2.273038354143306151e+03
2.240860888320171398e+03
2.240860888320171398e+03
2.266755060626222075e+03
2.292649232932272298e+03
2.313350931960092112e+03
2.313350931960092112e+03
2.282573664448716954e+03
2.282573664448716954e+03
2.488702935148109646e+03
2.488702935148109646e+03
2.488702935148109646e+03
2.446967199846169024e+03
2.343322805232176052e+03
2.334250596417447014e+03
2.334250596417447014e+03
2.365840665021124096e+03
2.401339898080723287e+03
2.436839131140322934e+03
2.436839131140322934e+03
2.270686147758417974e+03
2.098187986900531996e+03
2.034235008528019989e+03
1.941055042392080850e+03
1.941055042392080850e+03
1.941055042392080850e+03
1.962386719190212489e+03
1.962386719190212489e+03
1.879701507394145665e+03
1.879701507394145665e+03
1.920987452665076034e+03
1.920987452665076034e+03
1.920987452665076034e+03
1.860637270431235493e+03
1.860361015552620302e+03
1.860361015552620302e+03
1.974228539995200890e+03
2.243570249624670851e+03
2.289203498860702894e+03
2.334836748096734937e+03
2.334836748096734937e+03
2.104163236049451825e+03
2.047549893564407057e+03
2.047549893564407057e+03
2.106048926095586012e+03
2.138324524676050714e+03
2.170600123256515872e+03
2.170600123256515872e+03
2.125462994007976704e+03
2.085025342934008222e+03
2.085025342934008222e+03
2.146732475019110097e+03
2.303546379871359022e+03
2.460360284723607492e+03
2.553483065594340587e+03
2.568086659104471892e+03
2.625330749318829021e+03
2.627168611302868612e+03
2.866542405324330502e+03
2.866542405324330502e+03
2.866542405324330502e+03
2.814034540385640412e+03
2.809815735795435103e+03
2.809815735795435103e+03
