1.809937464202844012e+03
1.809937464202844012e+03
1.822082123870206715e+03
1.822082123870206715e+03
1.737674750433883901e+03
1.684912190405451838e+03
1.684912190405451838e+03
1.687795365248685357e+03
1.690678540091919103e+03
1.781997531579643919e+03
1.781997531579643919e+03
1.705751066653962880e+03
1.684322366055956309e+03
1.684322366055956309e+03
1.687343441949111821e+03
1.690364517842267105e+03
1.690364517842267105e+03
1.649042342536737578e+03
1.624551574553113369e+03
1.624551574553113369e+03
1.624551574553113369e+03
1.714724315858610908e+03
1.940065346425659527e+03
1.940065346425659527e+03
1.940065346425659527e+03
1.940065346425659527e+03
1.940065346425659527e+03
1.940065346425659527e+03
1.538149837389205231e+03
1.538149837389205231e+03
1.538149837389205231e+03
1.538149837389205231e+03
1.440048806854775648e+03
1.354701611875214439e+03
1.337199086098420366e+03
1.337199086098420366e+03
1.337199086098420366e+03
1.366531585605011514e+03
1.366531585605011514e+03
1.311443612924804711e+03
1.237288816040557776e+03
1.237288816040557776e+03
1.238508407440122937e+03
1.239727998839688325e+03
1.263689571443529985e+03
1.263689571443529985e+03
1.208430025050773565e+03
1.197905513488904035e+03
1.197905513488904035e+03
1.216305669828197551e+03
1.234705826167491296e+03
1.240677180816159762e+03
1.253447119427959933e+03
1.254341482714841504e+03
1.258272800763113082e+03
1.258939893613688810e+03
1.338728507185147919e+03
1.418517120756607255e+03
1.551491856859088784e+03
1.551491856859088784e+03
1.551491856859088784e+03
1.576921267218620869e+03
1.624164883159861120e+03
1.738239851863407011e+03
1.852314820566952903e+03
1.948914854838838892e+03
1.948914854838838892e+03
1.748592794856800310e+03
1.701878039372617195e+03
1.701878039372617195e+03
1.701088463322039843e+03
1.700298887271462490e+03
1.692661394797381035e+03
1.645794318838100708e+03
1.607322344381645507e+03
1.607322344381645507e+03
1.657645417817469024e+03
1.738145393184060595e+03
1.818645368550651938e+03
1.818645368550651938e+03
1.782414419505673095e+03
1.707785201684752110e+03
1.707590600765609906e+03
1.707233258369925124e+03
1.707233258369925124e+03
1.707233258369925124e+03
1.689491691273647120e+03
1.674942655817253808e+03
1.578803095426521850e+03
1.578803095426521850e+03
1.597878164460853441e+03
1.645811578329653003e+03
1.693744992198452792e+03
1.693744992198452792e+03
1.625024364033046822e+03
1.536578805364243408e+03
1.536578805364243408e+03
1.562471084667714877e+03
1.614025037532717761e+03
1.665578990397720645e+03
1.665578990397720645e+03
1.637878256894393417e+03
1.623486618771204348e+03
1.589300264534561393e+03
1.540429611093172298e+03
1.540023737817736446e+03
1.539617864542300595e+03
1.539617864542300595e+03
1.506960969321873108e+03
1.491268533813504291e+03
1.451556521906604075e+03
1.451556521906604075e+03
1.451556521906604075e+03
1.451556521906604075e+03
1.427923354761107021e+03
1.394173121190719712e+03
1.336615020712881005e+03
1.260689816719665032e+03
1.222123922187567359e+03
1.222123922187567359e+03
1.222123922187567359e+03
1.210053440262703816e+03
1.174769548322185756e+03
1.147532722937789231e+03
1.147532722937789231e+03
1.193600676549674290e+03
1.295230361546956601e+03
1.396860046544238912e+03
1.412583711107721683e+03
1.412583711107721683e+03
1.378965814780401615e+03
1.334945617379105670e+03
1.332243546755386433e+03
1.332243546755386433e+03
1.332243546755386433e+03
1.249158529934285525e+03
1.232295604830096863e+03
1.191280971800798625e+03
1.165066078847849440e+03
1.156235660729789515e+03
1.141589190778665852e+03
1.126942720827542189e+03
1.104111433484029931e+03
1.061393716928642334e+03
1.050422994793076896e+03
1.009151196637502039e+03
1.009151196637502039e+03
1.053423654938765139e+03
1.097696113240028353e+03
1.097696113240028353e+03
1.039244038995358096e+03
9.727519561792339573e+02
9.727519561792339573e+02
1.006303755737523602e+03
1.050304843686539016e+03
1.094305931635554316e+03
1.107942161131871671e+03
1.094305931635554316e+03
1.142070447778139396e+03
1.142070447778139396e+03
1.188126943352541275e+03
1.201533315518390282e+03
1.214939687684239061e+03
1.246428908664413257e+03
1.246428908664413257e+03
1.191278547273216873e+03
1.152471954011673688e+03
1.152471954011673688e+03
1.219526857567664820e+03
1.286581761123655951e+03
1.286581761123655951e+03
1.168661634287886045e+03
1.095743001692349026e+03
1.013984347893477207e+03
9.685171730178959706e+02
9.637258451928955765e+02
9.589345173678951824e+02
9.293552631242096140e+02
8.624708939703195938e+02
8.054222217462336175e+02
7.628366695052809519e+02
7.343486689775107834e+02
7.254950958913905197e+02
7.166415228052702560e+02
7.096270990384836068e+02
7.096270990384836068e+02
6.823212494024637635e+02
6.800946764807817999e+02
6.727428863579904146e+02
6.727428863579904146e+02
6.727428863579904146e+02
7.067521971980487479e+02
7.323891158326562163e+02
7.457135689292795178e+02
7.590704872451831307e+02
7.685996045766925135e+02
7.997696281017274487e+02
8.309396516267624975e+02
8.355429541169269214e+02
8.355429541169269214e+02
8.310236330806372962e+02
8.310236330806372962e+02
8.379518309148742219e+02
8.379518309148742219e+02
8.379518309148742219e+02
8.399928901173176428e+02
8.130786805571046898e+02
8.139648243565538905e+02
8.139648243565538905e+02
8.283441668526135118e+02
8.736526050057168504e+02
9.189610431588201891e+02
9.713390071466772042e+02
1.115439189794855565e+03
1.606708453116566716e+03
1.606708453116566716e+03
1.505481570917844465e+03
1.427887671445863361e+03
1.350293771973882485e+03
1.245710884101837564e+03
1.095141971741791622e+03
1.095141971741791622e+03
1.137004210041584884e+03
1.266477538552357146e+03
1.314703133982551208e+03
1.362928729412745497e+03
1.362928729412745497e+03
1.304269833471639686e+03
1.304269833471639686e+03
1.393566080055029943e+03
1.432835242642559251e+03
1.447720742661702616e+03
1.462606242680845980e+03
1.488900408596683519e+03
1.462606242680845980e+03
1.452851544591811489e+03
1.448933512084327049e+03
1.448933512084327049e+03
1.552337942664423281e+03
1.655742373244519285e+03
1.822985006127037650e+03
1.822985006127037650e+03
1.866269757621386816e+03
1.866269757621386816e+03
2.181064011604656116e+03
2.207689065795032548e+03
2.234314119985408979e+03
2.234314119985408979e+03
2.092214812843354593e+03
2.092214812843354593e+03
2.261819373656222979e+03
2.303394580394096010e+03
2.282606977025159722e+03
2.261819373656222979e+03
2.100453964071535211e+03
2.044577283216701062e+03
1.855054496027436699e+03
1.829639512908272991e+03
1.829639512908272991e+03
1.875077763499806451e+03
1.920516014091339912e+03
1.920516014091339912e+03
1.814483779326518743e+03
1.773595440369538437e+03
1.773595440369538437e+03
1.777125965539499703e+03
1.859713803144194117e+03
1.942301640748888303e+03
1.942301640748888303e+03
1.787511145574948841e+03
1.652824822802197787e+03
1.525660226510998882e+03
1.525660226510998882e+03
1.758607970941378426e+03
2.081512995393802157e+03
2.081512995393802157e+03
2.081512995393802157e+03
2.081512995393802157e+03
1.996990982610368746e+03
1.996990982610368746e+03
1.968747436602682228e+03
1.940503890594995937e+03
1.940503890594995937e+03
1.638763354873056642e+03
1.419342820278475756e+03
1.324114071718820469e+03
1.324114071718820469e+03
1.350700749781771037e+03
1.377287427844721606e+03
1.377287427844721606e+03
1.230012290789886492e+03
1.148368892788520498e+03
1.148368892788520498e+03
1.207863712385737017e+03
1.267357525200558939e+03
1.326851338015381089e+03
1.326851338015381089e+03
1.213677718738309977e+03
1.152580742438300604e+03
1.152580742438300604e+03
1.162049833530277510e+03
1.211927915608552667e+03
1.261805997686827595e+03
1.261805997686827595e+03
1.165182821050217171e+03
1.131537845245301696e+03
1.131537845245301696e+03
1.161594511922234688e+03
1.176256765920615635e+03
1.190919019918996355e+03
1.190919019918996355e+03
1.178295853071399506e+03
1.125110312101962563e+03
1.101339840265533212e+03
1.085498677148350907e+03
1.082142776879593384e+03
1.078786876610836089e+03
1.076562076692607889e+03
1.070167043770101827e+03
1.054783775120819655e+03
1.025447214077889384e+03
1.054783775120819655e+03
1.069871565119574370e+03
1.084959355118329086e+03
1.091350709740687762e+03
1.084959355118329086e+03
1.072616086664571640e+03
1.072616086664571640e+03
1.073769959252096442e+03
1.075436810945984007e+03
1.077103662639871573e+03
1.077103662639871573e+03
1.070557402110501243e+03
1.070460979801638814e+03
1.049605005791032909e+03
1.049605005791032909e+03
1.088714186102183930e+03
1.127823366413334952e+03
1.208774264376230349e+03
1.208774264376230349e+03
1.157645233639358821e+03
1.157645233639358821e+03
1.176945293578881547e+03
1.198100620494804843e+03
1.219255947410727913e+03
1.246342665817829584e+03
1.286301375666999093e+03
1.301498060215552186e+03
1.310644331115408022e+03
1.441784566592010151e+03
1.560546091817244815e+03
1.679307617042479706e+03
1.758940875791768804e+03
1.794750752447264404e+03
1.833213909473756075e+03
1.900886489810374997e+03
1.999837978754734877e+03
2.015228257860279882e+03
2.030618536965824887e+03
2.061810494888405628e+03
2.030618536965824887e+03
1.974130773021590358e+03
1.974130773021590358e+03
1.964338355649782443e+03
1.964338355649782443e+03
1.984479053205933951e+03
1.984479053205933951e+03
2.230573148692702034e+03
2.230573148692702034e+03
1.949343088525223948e+03
1.949343088525223948e+03
1.950755258255839635e+03
1.952167427986455095e+03
1.952167427986455095e+03
1.890950925695006845e+03
1.824505824919028100e+03
1.824505824919028100e+03
1.851223668862853629e+03
1.908249463855171143e+03
1.965275258847488431e+03
1.965275258847488431e+03
1.927642088086648073e+03
1.907336737302646725e+03
1.907336737302646725e+03
1.971426351000895920e+03
2.058614249202460996e+03
2.145802147404026528e+03
2.145802147404026528e+03
2.066649593503026608e+03
2.012219310279248020e+03
2.012219310279248020e+03
2.035614087376770840e+03
2.060986228577119618e+03
2.086358369777467942e+03
2.194653598349532331e+03
2.194653598349532331e+03
2.215552319137846098e+03
2.215552319137846098e+03
2.308892046585118351e+03
2.423941830811339514e+03
2.538991615037560678e+03
2.538991615037560678e+03
2.455838586786388532e+03
2.414427219699236048e+03
2.414427219699236048e+03
2.578145629821424791e+03
2.710784215545468214e+03
2.843422801269512092e+03
2.843422801269512092e+03
2.614642322986415820e+03
1.964527713664959037e+03
1.964527713664959037e+03
1.964527713664959037e+03
1.933125161318215987e+03
1.933125161318215987e+03
1.859633563328281298e+03
1.663390048561486083e+03
1.592759155046240721e+03
1.500944238467859577e+03
1.500944238467859577e+03
1.502929266531783924e+03
1.504914294595708498e+03
1.522516842499122504e+03
1.504914294595708498e+03
1.458039287115890374e+03
1.447712289464199102e+03
1.447712289464199102e+03
1.513389388560525731e+03
1.579066487656852360e+03
1.579066487656852360e+03
1.531453225944312408e+03
1.514963460546421402e+03
1.514963460546421402e+03
1.610198288182687975e+03
1.667669032548298446e+03
1.725139776913908918e+03
1.740238657924955078e+03
1.740238657924955078e+03
1.701234583480246329e+03
1.668715251029828096e+03
1.668715251029828096e+03
1.679681100892642007e+03
1.690646950755455919e+03
1.690646950755455919e+03
1.687269247016391773e+03
1.682925989137503393e+03
1.682925989137503393e+03
1.829010189563857693e+03
1.852197050249313634e+03
1.875383910934769574e+03
1.875383910934769574e+03
1.827632901383341277e+03
1.711216936315559224e+03
1.639520531622351655e+03
1.593510660142240567e+03
1.560799190767532536e+03
1.528087721392824506e+03
1.452507036861560209e+03
1.339326892804165254e+03
1.248587234937065432e+03
1.227385527448105904e+03
1.227385527448105904e+03
1.230583507581996855e+03
1.233781487715888034e+03
1.233781487715888034e+03
1.207143173414785679e+03
1.207143173414785679e+03
1.211606466408191409e+03
1.236350387867815698e+03
1.268286209276243881e+03
1.300222030684672291e+03
1.323685816912393420e+03
1.323685816912393420e+03
1.312549631188570856e+03
1.298131396921638498e+03
1.295731373015473082e+03
1.283830219786411362e+03
1.271929066557349415e+03
1.236461421300673237e+03
1.194425261381487189e+03
1.127857735372678690e+03
1.094617040745207305e+03
1.094617040745207305e+03
1.107436557405283111e+03
1.120256074065359144e+03
1.120256074065359144e+03
1.118894949486653104e+03
1.111715023725178753e+03
1.111715023725178753e+03
1.187511917265383772e+03
1.217296862907604236e+03
1.247081808549824700e+03
1.328207665483796291e+03
1.328207665483796291e+03
1.268106977152144964e+03
1.204200203692669902e+03
1.204200203692669902e+03
1.237653251422919311e+03
1.271106299153168948e+03
1.271106299153168948e+03
1.227792434332377525e+03
1.172596207258114646e+03
1.087008796109306786e+03
1.087008796109306786e+03
1.132814388964069622e+03
1.178619981818832457e+03
1.178619981818832457e+03
1.177537524298425524e+03
1.162172980475686245e+03
1.162172980475686245e+03
1.178702671548938497e+03
1.184104914507748617e+03
1.189507157466558510e+03
1.189507157466558510e+03
1.107793691970003010e+03
1.075246032569721137e+03
1.012251658723782043e+03
1.003848486148474421e+03
9.987108493431443321e+02
9.935732125378142428e+02
9.867906356194891941e+02
9.477054361900495678e+02
8.516856133598142833e+02
8.154890142338371106e+02
8.154890142338371106e+02
8.469311558336247572e+02
8.783732974334124037e+02
8.783732974334124037e+02
8.585279895933236958e+02
8.320847216562884796e+02
8.585279895933236958e+02
8.601505613484597461e+02
9.456538710160639312e+02
1.031157180683668003e+03
1.031157180683668003e+03
9.492959630735032306e+02
9.128815925385119954e+02
9.075613406300680026e+02
9.128815925385119954e+02
9.593421664100735597e+02
1.005802740281635010e+03
1.005802740281635010e+03
9.181555548517455918e+02
8.537574635637009806e+02
8.537574635637009806e+02
8.950920017299829397e+02
9.267886653840747613e+02
9.584853290381665829e+02
9.813920674548816123e+02
9.813920674548816123e+02
9.518242844097239868e+02
9.518242844097239868e+02
1.052894698699898754e+03
1.162030110756474869e+03
1.271165522813050984e+03
1.354556798087689231e+03
1.354556798087689231e+03
1.319811596717301427e+03
1.319811596717301427e+03
1.329255046952805969e+03
1.397524160237279830e+03
1.465793273521753918e+03
1.465793273521753918e+03
1.283511965156040333e+03
1.172886406353206212e+03
1.172886406353206212e+03
1.226019336034559501e+03
1.226019336034559501e+03
1.226019336034559501e+03
1.152293738978591591e+03
1.032682961093928043e+03
1.019819500795189242e+03
1.013424318850947657e+03
1.013424318850947657e+03
1.085540762499966149e+03
1.157657206148984642e+03
1.163553627195253966e+03
1.233037564489244687e+03
1.235848502422385764e+03
1.235848502422385764e+03
1.576100800900867625e+03
1.467326676103236423e+03
1.358552551305605220e+03
1.358552551305605220e+03
1.319190335508979615e+03
1.262095572703784001e+03
1.262095572703784001e+03
1.382055769980243895e+03
1.418302166528489579e+03
1.454548563076735036e+03
1.510600689154442307e+03
1.599301881003997551e+03
1.606844733659037047e+03
1.640195894343498821e+03
1.640195894343498821e+03
2.214624945951786685e+03
2.214624945951786685e+03
2.219003716771460404e+03
2.219003716771460404e+03
2.241074086365389576e+03
2.385376657460736169e+03
2.611478533328372123e+03
2.804648596779003583e+03
2.997818660229635043e+03
3.042874115661713859e+03
3.042874115661713859e+03
2.831824554247116794e+03
2.831824554247116794e+03
2.998694076930111805e+03
3.075015546580415958e+03
3.151337016230720110e+03
3.151337016230720110e+03
3.147797636553162192e+03
3.133410016867312152e+03
3.133410016867312152e+03
3.167189783918100147e+03
3.167189783918100147e+03
3.167189783918100147e+03
3.101464369522486322e+03
2.922839116406701578e+03
2.873051793301229736e+03
2.873051793301229736e+03
2.938701011392026430e+03
2.938701011392026430e+03
2.938701011392026430e+03
2.861819857863458310e+03
2.624701793942921086e+03
2.624701793942921086e+03
2.838087936712773171e+03
3.262363716033077253e+03
3.764968345826038330e+03
3.764968345826038330e+03
3.764968345826038330e+03
3.764968345826038330e+03
3.764968345826038330e+03
3.619143209930070952e+03
2.990375001709044227e+03
2.857222591262002425e+03
2.724070180814961077e+03
2.368993052056368015e+03
2.119899891550037864e+03
1.878668104393528438e+03
1.782669137486877617e+03
1.724090259661673144e+03
1.713440651244064156e+03
1.702791042826455396e+03
1.724090259661673144e+03
1.793959035890095493e+03
1.798194170422014167e+03
1.874071695221377695e+03
2.096515069531009885e+03
2.213818986188946838e+03
2.331122902846883790e+03
2.331122902846883790e+03
2.185467860784625373e+03
2.185467860784625373e+03
2.208825595115933083e+03
2.362847013453482305e+03
2.506454342580215780e+03
2.650061671706949255e+03
2.677877439966282054e+03
2.657159389594945878e+03
2.676315385714422519e+03
2.676315385714422519e+03
2.714736682569507138e+03
2.714736682569507138e+03
2.714736682569507138e+03
2.669556333360314511e+03
2.592437702700846330e+03
2.463313690243528072e+03
2.377188998910971804e+03
2.377188998910971804e+03
2.360333697494360422e+03
2.343478396077749039e+03
2.343478396077749039e+03
2.222831688468664197e+03
2.036474554675076433e+03
1.873367358303339188e+03
1.852893944455981909e+03
1.825100613961820500e+03
1.797307283467659090e+03
1.718549126697552310e+03
1.692709070876602937e+03
1.635771774842651439e+03
1.611036444285863809e+03
1.611036444285863809e+03
1.633642159982333851e+03
1.656247875678803894e+03
1.691230623181106012e+03
1.691230623181106012e+03
1.636053988340938304e+03
1.636053988340938304e+03
1.649122783359591494e+03
1.682807449151986702e+03
1.716492114944381910e+03
1.716492114944381910e+03
1.697095547208733024e+03
1.638249271781821108e+03
1.588793763523425014e+03
1.588793763523425014e+03
1.577843175866950105e+03
1.566892588210475196e+03
1.523218341308979234e+03
1.518350998704974018e+03
1.486888382589211915e+03
1.485055729905719772e+03
1.486888382589211915e+03
1.519570764485712971e+03
1.552253146382214027e+03
1.581067025490085143e+03
1.586398228500122741e+03
1.591346065810841083e+03
1.678835645062260710e+03
1.755177076038710084e+03
1.807816774273853071e+03
1.860456472508996058e+03
1.860456472508996058e+03
1.849653299765356905e+03
1.801471065392991022e+03
1.801471065392991022e+03
1.844993849177476022e+03
1.872791166982048253e+03
1.900588484786620711e+03
1.900588484786620711e+03
1.899863446068219901e+03
1.870364698656932887e+03
1.856567968414798088e+03
1.856567968414798088e+03
1.866813353685311085e+03
1.877058738955824083e+03
1.953908241384510575e+03
2.030757743813197067e+03
2.174819267296115868e+03
2.198581728459818805e+03
2.214120995757298715e+03
2.256773334432852607e+03
2.299425673108406954e+03
2.299425673108406954e+03
2.181156986030689040e+03
2.051798132017928765e+03
2.051798132017928765e+03
2.071189314565473069e+03
2.134940301485353302e+03
2.198691288405233990e+03
2.211453088871156979e+03
2.198691288405233990e+03
2.128966204978888527e+03
2.128966204978888527e+03
2.160001744883902120e+03
2.176297490532423126e+03
2.192593236180944132e+03
2.192593236180944132e+03
2.134227808061451015e+03
2.112247869584979071e+03
2.112247869584979071e+03
2.141266637225379782e+03
2.162496553773467440e+03
2.183726470321555098e+03
2.183726470321555098e+03
2.141853369392753393e+03
2.121384403364917034e+03
1.973803796449527908e+03
1.919030065404006109e+03
1.850539901046895238e+03
1.919030065404006109e+03
1.919030065404006109e+03
1.820194715357755967e+03
1.820194715357755967e+03
1.820194715357755967e+03
1.751392496544736787e+03
1.729634998147365650e+03
1.707877499749994513e+03
1.632396042258380930e+03
1.489425119509810884e+03
1.428307265429497647e+03
1.326923816408792391e+03
1.313535640226180476e+03
1.310053149349625755e+03
1.306570658473071035e+03
1.259729498031179673e+03
1.220927904184186218e+03
1.182679297322914863e+03
1.121617365100139750e+03
1.121617365100139750e+03
1.129697376340636310e+03
1.137777387581132871e+03
1.142976158081025915e+03
1.142976158081025915e+03
1.142976158081025915e+03
1.169428529375349626e+03
1.169428529375349626e+03
1.212575929446204327e+03
1.255723329517059028e+03
1.255723329517059028e+03
1.249364262648108479e+03
1.224607330043514821e+03
1.215306141651016333e+03
1.215306141651016333e+03
1.236700206416711808e+03
1.258094271182407510e+03
1.272596788670823571e+03
1.287315233414205522e+03
1.296259364925929503e+03
1.314447470316288900e+03
1.350188557239610418e+03
1.397190978448298210e+03
1.444193399656986230e+03
1.454132806485007677e+03
1.450733431569817640e+03
1.450733431569817640e+03
1.437681250944230896e+03
1.437681250944230896e+03
1.494677515003942972e+03
1.551673779063654820e+03
1.642011778760280095e+03
1.642011778760280095e+03
1.566327938799430513e+03
1.502925047413926904e+03
1.502925047413926904e+03
1.523038933113503163e+03
1.543152818813079421e+03
1.562387520640774483e+03
1.562387520640774483e+03
1.534975421361400095e+03
1.534975421361400095e+03
1.619999059037238339e+03
1.654418664535075322e+03
1.688838270032912305e+03
1.688838270032912305e+03
1.620080113702968902e+03
1.620080113702968902e+03
1.678901278394102292e+03
1.781461886790291373e+03
1.831841172384322817e+03
1.882220457978354489e+03
1.950025283305255925e+03
1.950025283305255925e+03
1.864275775702712508e+03
1.822430595844430400e+03
1.822430595844430400e+03
1.850645584523975231e+03
1.878860573203520062e+03
1.878860573203520062e+03
1.790517147462755247e+03
1.636934180359605762e+03
1.552386520400043082e+03
1.505507794595984478e+03
1.504925457774291772e+03
1.504343120952599293e+03
1.484848137667744595e+03
1.452378789100857148e+03
1.452378789100857148e+03
1.474451457232528583e+03
1.656256280854276156e+03
1.768872115731428721e+03
1.881487950608581286e+03
1.881487950608581286e+03
1.773232791730086092e+03
1.686529923556792028e+03
1.686529923556792028e+03
1.705288391138755287e+03
1.705288391138755287e+03
1.705288391138755287e+03
1.663745179526966467e+03
1.520664506159145958e+03
1.468824661027255843e+03
1.302943221443939137e+03
1.211250142757944332e+03
1.204325261905979914e+03
1.197400381054015497e+03
1.196264124779786926e+03
1.193760595980049402e+03
1.163288078524634102e+03
1.161881407686857983e+03
1.156320608124547789e+03
1.157420846368021330e+03
1.158521084611494871e+03
1.156320608124547789e+03
1.151499130911885004e+03
1.122624019507671392e+03
1.122624019507671392e+03
1.190237759469363709e+03
1.348379675139141909e+03
1.506521590808920337e+03
1.506521590808920337e+03
1.411285400269235424e+03
1.408995416262845310e+03
1.408995416262845310e+03
1.441175624008893919e+03
1.573197448268889730e+03
1.705219272528885540e+03
1.705219272528885540e+03
1.657095905655020033e+03
1.657095905655020033e+03
1.670262555404798604e+03
1.720110483785945689e+03
1.724021955406279176e+03
1.727933427026612890e+03
1.727933427026612890e+03
1.564494327298967391e+03
1.446037238840177679e+03
1.440437248706292621e+03
1.440437248706292621e+03
1.476949920833355463e+03
1.513462592960418078e+03
1.535026393441414939e+03
1.550086946966671576e+03
1.535026393441414939e+03
1.561748422326211085e+03
1.596453881686874411e+03
1.649574306519039055e+03
1.702694731351203700e+03
1.761858057288151713e+03
1.761858057288151713e+03
1.710159239261668290e+03
1.710159239261668290e+03
1.764660657643524019e+03
1.796746889038436848e+03
1.828833120433349677e+03
1.828833120433349677e+03
1.778354975246698359e+03
1.778354975246698359e+03
1.871103567836629054e+03
1.891714284854052721e+03
1.944618000369982838e+03
1.997521715885912727e+03
1.997521715885912727e+03
1.827229247816621637e+03
1.698271400542839046e+03
1.698271400542839046e+03
1.787650041879006494e+03
1.884855431055522104e+03
1.982060820232037713e+03
1.982060820232037713e+03
1.921366541517427095e+03
1.909368081411958883e+03
1.909368081411958883e+03
2.000569992730288050e+03
2.145010057796441288e+03
2.289450122862594071e+03
2.428258593641384778e+03
2.428258593641384778e+03
2.346374578777072202e+03
2.332379000734008059e+03
2.346374578777072202e+03
2.333051504907819435e+03
2.319728431038567123e+03
2.319728431038567123e+03
1.993538032156332065e+03
1.905101974381545915e+03
1.905101974381545915e+03
2.006080541593860289e+03
2.006080541593860289e+03
2.006080541593860289e+03
1.957613965131924715e+03
1.814040275422918739e+03
1.757788860030968863e+03
1.757788860030968863e+03
1.864868413717761086e+03
1.891928084781570988e+03
1.918987755845380889e+03
1.923605775226303194e+03
1.944791515069705611e+03
2.014582600558811237e+03
2.072529562239221377e+03
2.280320538086448323e+03
2.280320538086448323e+03
2.280320538086448323e+03
2.230904749384339084e+03
2.230904749384339084e+03
2.313184757695615190e+03
2.374625556474990390e+03
2.542863410713797748e+03
2.609181354235376602e+03
2.675499297756955002e+03
2.820398920938770061e+03
2.823503672491156522e+03
2.823503672491156522e+03
2.653374224947555376e+03
2.653374224947555376e+03
2.830173117364221980e+03
3.006972009780889039e+03
3.197674877315630511e+03
3.197674877315630511e+03
3.211861120122185184e+03
3.211861120122185184e+03
3.211861120122185184e+03
3.211861120122185184e+03
3.211861120122185184e+03
3.211861120122185184e+03
3.178221035628342179e+03
2.982208901834416338e+03
2.700862069375141800e+03
2.700862069375141800e+03
2.738973596165953495e+03
2.777085122956764735e+03
2.777085122956764735e+03
2.710609821355776148e+03
2.569557305062228806e+03
2.569557305062228806e+03
2.577930612707069031e+03
2.673539919472700603e+03
2.769149226238332631e+03
2.795233546607385051e+03
2.795233546607385051e+03
2.750619240006172276e+03
2.709988040292384994e+03
2.709988040292384994e+03
2.811361658534046001e+03
2.912735276775707007e+03
2.912735276775707007e+03
2.912735276775707007e+03
2.932881558348244198e+03
2.980926277626641422e+03
3.026550035633161315e+03
3.113893241963077344e+03
3.201236448292992918e+03
3.201236448292992918e+03
3.152500615155249307e+03
3.112765514305570832e+03
3.049374747949498669e+03
3.049374747949498669e+03
3.057549620657380729e+03
3.065724493365262333e+03
3.065724493365262333e+03
2.964643366336107192e+03
2.953254775730881192e+03
2.861593690789765333e+03
2.790201060199566655e+03
2.786548136705722754e+03
2.782895213211878854e+03
2.736510412481552066e+03
2.673325591311223889e+03
2.628894352212309059e+03
2.570935428239526573e+03
2.570935428239526573e+03
2.562983263325545977e+03
2.555031098411565381e+03
2.555031098411565381e+03
2.520174037443758607e+03
2.498659633918871805e+03
2.459838514775111435e+03
2.446863862015941777e+03
2.430484347632695062e+03
2.414104833249448347e+03
2.407020113151376790e+03
2.399898963494063992e+03
2.338119819714921960e+03
2.285636394740884043e+03
2.285636394740884043e+03
2.296044512862276406e+03
2.306452630983668769e+03
2.306452630983668769e+03
2.204175909628260342e+03
2.105632609665358359e+03
2.001075206128796026e+03
1.928807066318168381e+03
1.909558812956123802e+03
1.890310559594078995e+03
1.861066813923415111e+03
1.819441790683825275e+03
1.819441790683825275e+03
1.824321893616420311e+03
1.876584826454170070e+03
1.912004786780551058e+03
1.947424747106932045e+03
1.954380724447090415e+03
1.950918850239876065e+03
1.950918850239876065e+03
1.943331208600613309e+03
1.943331208600613309e+03
1.960022882811730824e+03
1.976714557022848339e+03
1.985992774180328070e+03
2.016321744944086049e+03
2.035031132072226001e+03
2.054537642473188498e+03
2.057657923351937825e+03
2.065948047287490226e+03
2.074238171223043082e+03
2.106579045380301068e+03
2.148154200629668594e+03
2.177365339616376332e+03
2.199928252417572821e+03
2.262494780365376755e+03
2.340674993288438145e+03
2.418855206211499535e+03
2.496016883474131191e+03
2.585624175161264702e+03
2.660249909306117388e+03
2.660249909306117388e+03
2.660249909306117388e+03
2.736589222350719865e+03
2.812928535395321887e+03
2.812928535395321887e+03
2.962335792291850339e+03
3.111743049188378791e+03
3.287968823943043390e+03
3.287968823943043390e+03
3.226111725854911583e+03
3.164254627766779777e+03
2.863061800903256881e+03
2.573531924290330608e+03
2.521707725985261732e+03
2.521707725985261732e+03
2.741599949762176493e+03
2.977412843961843464e+03
3.213225738161510890e+03
3.213225738161510890e+03
3.235749200471250333e+03
3.284044602635708543e+03
3.355035999044889650e+03
3.563403181754049911e+03
3.737443072614082666e+03
3.911482963474115422e+03
3.911482963474115422e+03
3.398045844797125028e+03
3.081261692476281951e+03
2.635878933757084724e+03
2.635878933757084724e+03
2.635878933757084724e+03
2.356154619638054101e+03
2.356154619638054101e+03
2.356154619638054101e+03
2.013659726501459545e+03
1.799498457480072602e+03
1.706404372380222185e+03
1.706404372380222185e+03
1.706404372380222185e+03
1.758030356991007693e+03
1.796425446056059627e+03
1.796425446056059627e+03
1.782062954525814575e+03
1.782062954525814575e+03
1.874328518710464323e+03
1.966594082895114298e+03
1.966594082895114298e+03
1.946630544247619127e+03
1.853988848668641594e+03
1.853988848668641594e+03
1.873897648858782077e+03
1.942602092688940502e+03
2.011306536519098927e+03
2.011306536519098927e+03
2.013320092623700930e+03
2.043326563960016756e+03
2.166074975869131777e+03
2.578577766871906078e+03
2.674047833516972332e+03
2.769517900162038586e+03
3.102427843698120796e+03
3.102427843698120796e+03
2.611500191504712348e+03
2.324827233908816197e+03
2.121411896292128858e+03
2.087351161980076540e+03
2.053290427668024677e+03
1.965345133784738437e+03
1.859956471118264744e+03
1.806145921958220015e+03
1.806145921958220015e+03
1.811960803782940047e+03
1.860604587921170150e+03
1.909248372059400481e+03
1.964516087995380076e+03
1.964516087995380076e+03
1.930407858410377912e+03
1.787841898387902347e+03
1.674282688121950287e+03
1.650738243851974403e+03
1.627193799581998746e+03
1.625591199069650884e+03
1.553147111232633506e+03
1.478404517036509105e+03
1.406496188220534805e+03
1.378142828296135121e+03
1.343950902739469029e+03
1.309758977182802937e+03
1.247824889453953119e+03
1.162752072587624298e+03
1.147818386147244155e+03
1.044853709400580783e+03
1.044853709400580783e+03
1.066415410707032606e+03
1.087977112013484202e+03
1.087977112013484202e+03
1.064631946225800903e+03
1.055945916865930030e+03
1.014267318502563967e+03
1.014267318502563967e+03
1.066403318476865024e+03
1.118539318451166082e+03
1.217189837039480153e+03
1.222196976298806021e+03
1.280940198429119164e+03
1.326907400045286295e+03
1.371949641603265491e+03
1.475175284562265006e+03
1.578400927521264748e+03
1.700470852148921495e+03
1.700470852148921495e+03
1.574868206554765948e+03
1.439927525285481352e+03
1.436896611910716047e+03
1.434850392185860528e+03
1.432804172461005237e+03
1.406079081891053647e+03
1.345934706568715910e+03
1.299842143117416299e+03
1.230615349734122219e+03
1.230615349734122219e+03
1.253299197423609712e+03
1.275983045113096978e+03
1.275983045113096978e+03
1.249881604020131135e+03
1.245406458764536410e+03
1.243343655077271706e+03
1.243343655077271706e+03
1.272862177775004511e+03
1.302380700472737544e+03
1.302380700472737544e+03
1.236888147367854572e+03
1.203518359891703767e+03
1.168232500315503557e+03
1.168232500315503557e+03
1.270610174656873596e+03
1.372987848998243635e+03
1.405386684196298802e+03
1.405386684196298802e+03
1.353653561776936385e+03
1.340491059037510468e+03
1.340491059037510468e+03
1.400036955830443958e+03
1.459582852623377448e+03
1.623439308948914459e+03
1.697181736045610933e+03
1.764396463551769102e+03
1.764396463551769102e+03
1.792121598983232388e+03
1.831581652750630383e+03
1.871041706518028377e+03
1.914556459710632907e+03
1.914556459710632907e+03
1.892845458445907980e+03
1.842618637319084883e+03
1.842618637319084883e+03
1.838642110371974923e+03
1.834665583424864735e+03
1.834665583424864735e+03
1.786424632156180905e+03
1.740353070441658019e+03
1.685420701553767231e+03
1.676665922610196731e+03
1.651664540405741263e+03
1.626663158201285569e+03
1.603292147923079710e+03
1.424421553457741538e+03
1.378393584411384154e+03
1.302260605959212398e+03
1.302260605959212398e+03
1.378546596468263033e+03
1.454832586977313667e+03
1.674828312490271173e+03
1.674828312490271173e+03
1.652877504011699102e+03
1.652877504011699102e+03
1.680441448794495955e+03
1.765286302923990434e+03
1.850131157053484912e+03
1.850131157053484912e+03
1.658625384351013963e+03
1.545761705593627084e+03
1.545761705593627084e+03
1.588624442853955088e+03
1.588624442853955088e+03
1.588624442853955088e+03
1.493139951366940295e+03
1.437183316047531207e+03
1.347580417507828315e+03
1.320383971124582786e+03
1.320383971124582786e+03
1.333173527268739235e+03
1.345963083412895685e+03
1.345963083412895685e+03
1.336135015364286573e+03
1.259938056972737513e+03
1.237720163484122622e+03
1.237720163484122622e+03
1.239990958320654272e+03
1.242261753157185922e+03
1.242261753157185922e+03
1.213911509741283226e+03
1.187641654792222880e+03
1.180862446863362948e+03
1.176665538034044857e+03
1.155609637152845380e+03
1.134553736271645903e+03
1.129070581450996087e+03
1.027028721916052291e+03
1.022220266091427447e+03
9.509343881126632141e+02
9.509343881126632141e+02
1.020467310628977430e+03
1.090000233145291531e+03
1.170473304751519890e+03
1.394253025144461390e+03
1.394253025144461390e+03
1.324731882461913074e+03
1.324731882461913074e+03
1.320411778019277790e+03
1.316091673576642506e+03
1.251160181507346351e+03
1.066911770558833268e+03
1.040747914969872454e+03
1.040747914969872454e+03
1.230793661962015904e+03
1.305017971241065425e+03
1.379242280520114718e+03
1.449730886008673679e+03
1.449730886008673679e+03
1.432098111565754834e+03
1.432098111565754834e+03
1.466093881652397840e+03
1.471029100477820975e+03
1.475964319303244338e+03
1.475964319303244338e+03
1.426099632020589297e+03
1.325317099154527114e+03
1.304102717966412229e+03
1.304102717966412229e+03
1.344736999110693432e+03
1.385371280254974863e+03
1.385371280254974863e+03
1.370617598999131360e+03
1.303491265528894246e+03
1.246057031100931908e+03
1.236278642479939890e+03
1.236278642479939890e+03
1.236278642479939890e+03
1.333263363967672603e+03
1.333263363967672603e+03
1.290721009267703494e+03
1.275453908696571261e+03
1.275453908696571261e+03
1.314368959223058937e+03
1.353284009749546840e+03
1.563895009754833154e+03
1.565283404456974495e+03
1.565283404456974495e+03
1.646048834248667163e+03
1.942429685148788394e+03
2.063828371086316110e+03
2.185227057023844282e+03
2.185227057023844282e+03
2.162005938543453340e+03
2.118673748205377251e+03
2.118673748205377251e+03
2.205517605845978778e+03
2.286679907563347115e+03
2.367842209280715451e+03
2.412148991198602744e+03
2.481003446575857197e+03
2.544922604137018425e+03
2.598258182981922346e+03
2.598258182981922346e+03
2.617261469826061330e+03
3.069685432188434788e+03
3.069685432188434788e+03
3.102296976023424122e+03
3.102296976023424122e+03
3.102296976023424122e+03
2.978837025821932912e+03
2.978837025821932912e+03
2.978837025821932912e+03
2.978837025821932912e+03
2.181371480512640574e+03
1.769830708690330766e+03
1.525468427964945022e+03
1.461110813651460603e+03
1.453795955362637187e+03
1.446481097073813771e+03
1.461110813651460603e+03
1.446481097073813771e+03
1.409200191865337501e+03
1.349476223203782865e+03
1.349476223203782865e+03
1.422541134492925266e+03
1.495606045782067667e+03
1.495606045782067667e+03
1.458470365911601903e+03
1.430259211000121923e+03
1.418641287907038986e+03
1.408184964804527681e+03
1.408184964804527681e+03
1.408184964804527681e+03
1.507301363426581929e+03
1.507301363426581929e+03
1.503361145489020373e+03
1.496337131674346210e+03
1.503361145489020373e+03
1.492318523075350413e+03
1.481275900661680453e+03
1.453700708581061690e+03
1.440331790798684324e+03
1.408490145533431132e+03
1.408490145533431132e+03
1.424283464602393678e+03
1.451162468831261322e+03
1.478041473060128737e+03
1.514492227926855094e+03
1.533824210082097125e+03
1.533824210082097125e+03
1.533824210082097125e+03
1.564151358251393958e+03
1.582473130077586120e+03
1.600794901903778509e+03
1.600794901903778509e+03
1.588308776201647106e+03
1.518981750348205651e+03
1.471564551976311122e+03
1.422525970096642823e+03
1.420279720242336225e+03
1.418033470388029400e+03
1.418033470388029400e+03
1.395724323575553171e+03
1.350294980917936755e+03
1.293774675218631501e+03
1.292024736053749166e+03
1.285740590584368420e+03
1.279456445114987901e+03
1.258639693616316208e+03
1.253260059165341772e+03
1.254511354705412714e+03
1.254511354705412714e+03
1.304586096821512456e+03
1.332302645127720780e+03
1.360019193433929104e+03
1.372779404422481093e+03
1.396200486461126502e+03
1.423522365349620941e+03
1.423522365349620941e+03
1.436798958976555923e+03
1.490800693296789177e+03
1.544802427617022204e+03
1.568878390649780386e+03
1.654518068468336423e+03
1.753310240263162086e+03
1.842939825484885660e+03
1.843328212021345962e+03
1.927873616665162899e+03
2.012419021308980064e+03
2.101379536722920420e+03
2.101379536722920420e+03
2.003860441485776846e+03
2.003860441485776846e+03
2.063213902037066873e+03
2.246087076588243690e+03
2.428960251139420052e+03
2.512875228508275541e+03
2.512875228508275541e+03
2.282919865910645058e+03
