1.587314723311509397e+03
1.587314723311509397e+03
1.587314723311509397e+03
1.549518789128321941e+03
1.533847530652491969e+03
1.533847530652491969e+03
1.533847530652491969e+03
1.602704501641134129e+03
1.671561472629776290e+03
1.837608566592644820e+03
1.901409392808354369e+03
2.030128889217530514e+03
2.030128889217530514e+03
1.974086985600618391e+03
1.965787678488433357e+03
1.957488371376248097e+03
1.945785612253664794e+03
1.928961207483657290e+03
1.927708559077022983e+03
1.915232045659508003e+03
1.844730489229485556e+03
1.804511970545052009e+03
1.804511970545052009e+03
1.804511970545052009e+03
1.804511970545052009e+03
1.804511970545052009e+03
1.804511970545052009e+03
1.804511970545052009e+03
1.737432441025641083e+03
1.737432441025641083e+03
1.737432441025641083e+03
1.737432441025641083e+03
1.642383915515277522e+03
1.737432441025641083e+03
1.898024467660243999e+03
1.898024467660243999e+03
1.898024467660243999e+03
1.632720921966282503e+03
1.597477824996424488e+03
1.532979432297434641e+03
1.524463551738528395e+03
1.532979432297434641e+03
1.474533348204971389e+03
1.416087264112508365e+03
1.446339602999023100e+03
1.446339602999023100e+03
1.480637403405183932e+03
1.501978160389499180e+03
1.501978160389499180e+03
1.471899463550414566e+03
1.441820766711329952e+03
1.441820766711329952e+03
1.488796856564631980e+03
1.488796856564631980e+03
1.411830340047159098e+03
1.411830340047159098e+03
1.426973402115694398e+03
1.442116464184229699e+03
1.443814777307522490e+03
1.570375353445976089e+03
1.594844365035026840e+03
1.594844365035026840e+03
1.478483261409235638e+03
1.447758111015713894e+03
1.417032960622191922e+03
1.414756678660082571e+03
1.414756678660082571e+03
1.630384908800918311e+03
1.630384908800918311e+03
1.489599973965941672e+03
1.461130361686260130e+03
1.432660749406578361e+03
1.463538131239824907e+03
1.432660749406578361e+03
1.424987704970003279e+03
1.401341025680471830e+03
1.401341025680471830e+03
1.407332625277273564e+03
1.413324224874075298e+03
1.479797491753739223e+03
1.420667533422501037e+03
1.420667533422501037e+03
1.342181927842449113e+03
1.342181927842449113e+03
1.404550498147364124e+03
1.466919068452279362e+03
1.500358164614843645e+03
1.500358164614843645e+03
1.527488349181289095e+03
1.467362135480595498e+03
1.532155974679527617e+03
1.532155974679527617e+03
1.532155974679527617e+03
1.532155974679527617e+03
1.540665427627733379e+03
1.588457037621292557e+03
1.588457037621292557e+03
1.588457037621292557e+03
1.572730350555704263e+03
1.557003663490116196e+03
1.557003663490116196e+03
1.557003663490116196e+03
1.554788995685772306e+03
1.554788995685772306e+03
1.554788995685772306e+03
1.603113283840124723e+03
1.651437571994477139e+03
1.651437571994477139e+03
1.651437571994477139e+03
1.675511894172891061e+03
1.675511894172891061e+03
1.698606708927580939e+03
1.695907839352158589e+03
1.693208969776736012e+03
1.832435253323729285e+03
1.878512751052471003e+03
1.878512751052471003e+03
1.727329136030882410e+03
1.703054552952138692e+03
1.703054552952138692e+03
1.703054552952138692e+03
1.683185023189005051e+03
1.595094613235953602e+03
1.572518512385014446e+03
1.595094613235953602e+03
1.733542037814708237e+03
1.770289824235322158e+03
1.807037610655936305e+03
1.905514301298700730e+03
1.905514301298700730e+03
1.909913762406112028e+03
1.840157593201618738e+03
2.003069788781194347e+03
1.986700548862909272e+03
1.970331308944624425e+03
1.980501432142349586e+03
1.980501432142349586e+03
2.190522717134891991e+03
2.234904598533370063e+03
2.234904598533370063e+03
2.234904598533370063e+03
2.234904598533370063e+03
2.309551782137444206e+03
2.401025009306576067e+03
2.401025009306576067e+03
2.400214400147779997e+03
2.314699234111604710e+03
2.314699234111604710e+03
2.314699234111604710e+03
2.296401244038249388e+03
2.296401244038249388e+03
2.418716615348258074e+03
2.418716615348258074e+03
2.499089318372630714e+03
2.491623342907341794e+03
2.484157367442052873e+03
2.524010931190625797e+03
2.524010931190625797e+03
2.562136446370044723e+03
2.562136446370044723e+03
2.501579960296608078e+03
2.479119795152681945e+03
2.456659630008756267e+03
2.501579960296608078e+03
2.665238077862195041e+03
2.665238077862195041e+03
2.581654750112029888e+03
2.476220485080112212e+03
2.476220485080112212e+03
2.476220485080112212e+03
2.505553689563009357e+03
2.571497467391390273e+03
2.571497467391390273e+03
2.566615543250630253e+03
2.566615543250630253e+03
2.566615543250630253e+03
2.566615543250630253e+03
2.386766456304640542e+03
2.358217696762939795e+03
2.358217696762939795e+03
2.358217696762939795e+03
2.395739670484165345e+03
2.322054133099147293e+03
2.248368595714128787e+03
2.248368595714128787e+03
2.248368595714128787e+03
2.275954188971069016e+03
2.275954188971069016e+03
2.165084719884804144e+03
2.165084719884804144e+03
2.165084719884804144e+03
2.165084719884804144e+03
2.093303332805656737e+03
2.045575185465004779e+03
1.920618067087276813e+03
1.920618067087276813e+03
1.935933145142118519e+03
1.951248223196959998e+03
2.140766795355702925e+03
2.020964758307228749e+03
2.020964758307228749e+03
2.020964758307228749e+03
2.192788933987012115e+03
2.192788933987012115e+03
2.192788933987012115e+03
1.900169503137736911e+03
1.900169503137736911e+03
1.940737371721779937e+03
2.102445894528296776e+03
2.214877582805921975e+03
2.234942590829826258e+03
2.255007598853730087e+03
2.214877582805921975e+03
2.311791288351368621e+03
2.311791288351368621e+03
2.311791288351368621e+03
2.203129907910806196e+03
2.203129907910806196e+03
2.203129907910806196e+03
2.203129907910806196e+03
2.183478867484364400e+03
2.173514030473984349e+03
2.173514030473984349e+03
2.113407387818216193e+03
2.052081628521976199e+03
1.990755869225735978e+03
1.990755869225735978e+03
1.990755869225735978e+03
1.905820182265180392e+03
1.851650396070406032e+03
1.737323741126546793e+03
1.715171858120925208e+03
1.693019975115303623e+03
1.651723447722551100e+03
1.598965168251687828e+03
1.579705054818550025e+03
1.523022851266575117e+03
1.520522432672133846e+03
1.504034678314559869e+03
1.487546923956985893e+03
1.520522432672133846e+03
1.517713886780784833e+03
1.529589985364520089e+03
1.581029271233716599e+03
1.689555803648048595e+03
1.707370878906097460e+03
1.725185954164146096e+03
1.780124287303120809e+03
1.808520940816550365e+03
1.826829005885168726e+03
1.826829005885168726e+03
1.848180815790753286e+03
1.848180815790753286e+03
1.848180815790753286e+03
1.877086246457694415e+03
1.912158140751889277e+03
1.954611804573748032e+03
1.954611804573748032e+03
1.939765455568973266e+03
1.919202248391712146e+03
1.898639041214451026e+03
1.843957462709502806e+03
1.843957462709502806e+03
1.843957462709502806e+03
1.840880278440570919e+03
1.820000447802966846e+03
1.784708843828122099e+03
1.735611813848261590e+03
1.695294652659525582e+03
1.695294652659525582e+03
1.811157110604440049e+03
1.919784599358812329e+03
1.919784599358812329e+03
1.876772627411171925e+03
1.861556466522678420e+03
1.748872829228653700e+03
1.748872829228653700e+03
1.748872829228653700e+03
1.528936281679792501e+03
1.528936281679792501e+03
1.528936281679792501e+03
1.528936281679792501e+03
1.528936281679792501e+03
1.526273209835929492e+03
1.498903529358171681e+03
1.376174230444780733e+03
1.276005145639898956e+03
1.268493885318352113e+03
1.260982624996805498e+03
1.249684095263949303e+03
1.171068265588561189e+03
1.161637219299593653e+03
1.117864601109876503e+03
1.027568595872530977e+03
1.026797246767117940e+03
1.026025897661704903e+03
1.026025897661704903e+03
1.026025897661704903e+03
1.093391516524700819e+03
1.093391516524700819e+03
1.088061777678515682e+03
1.069854630095996299e+03
1.051647482513476916e+03
1.052495700596224424e+03
1.052495700596224424e+03
1.068682411437329620e+03
1.085879612390003103e+03
1.088826812598169909e+03
1.103665961448927419e+03
1.118505110299684929e+03
1.167962742315600735e+03
1.144178303613426351e+03
1.167942104721946635e+03
1.144178303613426351e+03
1.167942104721946635e+03
1.177393086781414240e+03
1.186844068840881619e+03
1.186844068840881619e+03
1.167301855136129689e+03
1.167301855136129689e+03
1.167301855136129689e+03
1.171997390615050335e+03
1.204416548010806764e+03
1.236835705406563193e+03
1.236835705406563193e+03
1.236835705406563193e+03
1.200022631166192014e+03
1.225470239366508167e+03
1.225470239366508167e+03
1.225470239366508167e+03
1.225470239366508167e+03
1.208553921551745361e+03
1.206862026537765132e+03
1.208553921551745361e+03
1.203720781360573255e+03
1.224173987639814868e+03
1.225815291774768184e+03
1.227456595909721500e+03
1.236275146311620347e+03
1.257957536527450884e+03
1.257957536527450884e+03
1.252565501313126106e+03
1.252565501313126106e+03
1.229109122319672679e+03
1.205652743326219252e+03
1.205652743326219252e+03
1.122162657797379779e+03
1.122162657797379779e+03
1.122162657797379779e+03
1.234126530069284627e+03
1.159510964194072812e+03
1.084895398318860998e+03
1.251892515701432103e+03
1.298237011147515886e+03
1.298237011147515886e+03
1.291399824359219565e+03
1.291399824359219565e+03
1.314326387824950416e+03
1.337252951290681040e+03
1.337252951290681040e+03
1.337252951290681040e+03
1.293904476415714498e+03
1.259859640469528358e+03
1.259859640469528358e+03
1.259859640469528358e+03
1.568892179101113243e+03
1.568892179101113243e+03
1.568892179101113243e+03
1.566678767931556195e+03
1.422467836324923610e+03
1.500402829396523430e+03
1.468237371001924203e+03
1.436071912607325203e+03
1.500402829396523430e+03
1.436071912607325203e+03
1.477599624926933529e+03
1.456981421762091031e+03
1.477599624926933529e+03
1.467290523344512167e+03
1.456981421762091031e+03
1.440836751755784917e+03
1.440836751755784917e+03
1.440836751755784917e+03
1.412563536191748881e+03
1.412563536191748881e+03
1.375887742514609272e+03
1.339211948837469436e+03
1.423130466057952844e+03
1.339211948837469436e+03
1.501172655684988058e+03
1.521022851808053701e+03
1.523826132623187050e+03
1.661780818230358364e+03
1.799735503837529905e+03
1.971992680954314892e+03
2.017555637444538888e+03
2.070630326915480509e+03
2.070630326915480509e+03
1.979935826473604038e+03
1.979935826473604038e+03
1.988136142273365294e+03
2.019889019291621025e+03
2.019889019291621025e+03
2.018246846365004103e+03
2.017296729187095025e+03
1.918358272737963489e+03
1.831489131046743978e+03
1.786341417539244958e+03
1.786341417539244958e+03
1.783694243774574488e+03
1.783694243774574488e+03
1.783694243774574488e+03
1.783694243774574488e+03
1.775813604601919906e+03
1.775813604601919906e+03
1.487907190339275530e+03
1.416665734599479947e+03
1.414428620145073637e+03
1.414428620145073637e+03
1.440938548969669910e+03
1.440938548969669910e+03
1.440938548969669910e+03
1.340929752158797783e+03
1.256364888507346222e+03
1.249058225071618381e+03
1.249058225071618381e+03
1.249058225071618381e+03
1.247229609322681199e+03
1.245400993573744017e+03
1.245400993573744017e+03
1.245400993573744017e+03
1.249610751806287681e+03
1.417789592756405000e+03
1.332252342876660805e+03
1.339226423320831600e+03
1.346200503765002168e+03
1.346200503765002168e+03
1.358929273377720392e+03
1.358929273377720392e+03
1.279192058778200817e+03
1.279192058778200817e+03
1.277956953178493677e+03
1.276721847578786765e+03
1.276721847578786765e+03
1.267728568158032431e+03
1.262143245465879772e+03
1.262143245465879772e+03
1.262143245465879772e+03
1.284640167397029245e+03
1.307137089328178718e+03
1.316403719036261919e+03
1.316403719036261919e+03
1.342175153151238192e+03
1.323927093975531079e+03
1.323927093975531079e+03
1.307112266051429515e+03
1.290297438127327950e+03
1.290297438127327950e+03
1.256710073413555392e+03
1.256710073413555392e+03
1.256710073413555392e+03
1.262505620176632419e+03
1.263274148056122158e+03
1.264042675935611896e+03
1.293396949594972511e+03
1.396403933804709141e+03
1.396403933804709141e+03
1.257737406996400978e+03
1.257737406996400978e+03
1.277670637158882528e+03
1.297603867321364305e+03
1.364388756056284592e+03
1.421950748052600602e+03
1.421950748052600602e+03
1.355784662233873178e+03
1.355784662233873178e+03
1.355853461595661429e+03
1.355922260957449680e+03
1.355922260957449680e+03
1.280362752927164820e+03
1.280362752927164820e+03
1.314817851811589890e+03
1.375421372492188084e+03
1.375421372492188084e+03
1.375421372492188084e+03
1.269285963880515283e+03
1.269285963880515283e+03
1.318156058573209521e+03
1.318156058573209521e+03
1.361854489567676637e+03
1.376057909471478297e+03
1.390261329375279956e+03
1.391417764653468339e+03
1.421639708929532617e+03
1.432057814251636046e+03
1.432057814251636046e+03
1.369947039373218558e+03
1.345339848939486728e+03
1.320732658505754898e+03
1.369947039373218558e+03
1.384133763362224499e+03
1.384133763362224499e+03
1.380716523279733110e+03
1.380716523279733110e+03
1.358762601441223069e+03
1.336808679602712800e+03
1.386583900552387377e+03
1.418712442135435595e+03
1.419133240074445439e+03
1.419133240074445439e+03
1.413738867640484386e+03
1.413738867640484386e+03
1.413738867640484386e+03
1.414828987921328917e+03
1.418601405941299163e+03
1.490745405067774300e+03
1.490745405067774300e+03
1.469543535484326867e+03
1.469543535484326867e+03
1.469543535484326867e+03
1.505169517258734004e+03
1.507528799231391304e+03
1.505169517258734004e+03
1.488121527093343957e+03
1.488121527093343957e+03
1.491806226071869332e+03
1.495490925050394480e+03
1.495490925050394480e+03
1.498289305326624344e+03
1.487184752040345529e+03
1.487184752040345529e+03
1.385647806411829833e+03
1.385647806411829833e+03
1.385647806411829833e+03
1.387278613519348937e+03
1.387278613519348937e+03
1.315687156758099491e+03
1.239782602974463089e+03
1.236857884643694888e+03
1.210997672397013503e+03
1.185137460150331890e+03
1.178812814759123057e+03
1.178812814759123057e+03
1.208583209886300892e+03
1.264902719957081445e+03
1.264902719957081445e+03
1.292900743862989884e+03
1.320898767768898324e+03
1.220316130842760913e+03
1.175058717658029082e+03
1.102148411891613705e+03
1.102148411891613705e+03
1.110591048549267498e+03
1.110591048549267498e+03
1.110591048549267498e+03
1.088043866843915566e+03
1.059965213698960497e+03
1.012116425101728964e+03
9.655870274466316232e+02
1.012116425101728964e+03
9.888517262741802369e+02
9.655870274466316232e+02
9.428457519190152425e+02
9.389176656062431903e+02
9.315989771855557819e+02
9.389176656062431903e+02
1.002942687566025597e+03
1.006359118796552025e+03
1.009775550027078452e+03
1.002942687566025597e+03
9.809661945993540257e+02
9.809661945993540257e+02
1.034729425623079806e+03
1.062809601152004007e+03
1.068592742403959164e+03
1.074375883655914095e+03
1.124903041141937592e+03
1.140725740497782908e+03
1.142543559198501953e+03
1.232373367900070434e+03
1.262603702438323126e+03
1.336099268178779312e+03
1.409594833919235271e+03
1.434384955452949271e+03
1.498844739334908354e+03
1.641641727364796452e+03
1.651416764993651441e+03
1.796522161147441921e+03
1.796522161147441921e+03
1.796522161147441921e+03
1.835848350298350397e+03
1.835848350298350397e+03
1.931607808974244790e+03
1.994697526709355543e+03
1.994697526709355543e+03
1.994697526709355543e+03
1.994697526709355543e+03
1.901444943678707887e+03
1.874881174723642289e+03
1.874881174723642289e+03
1.924633389355050440e+03
2.059245415856766613e+03
2.046168985207212700e+03
2.033092554557659014e+03
2.088606816081260604e+03
2.071342914308886975e+03
2.071342914308886975e+03
1.946807738747580743e+03
1.934582873358509005e+03
1.924763335638075887e+03
1.914943797917642769e+03
1.890960478082342433e+03
1.890960478082342433e+03
1.994212724874076002e+03
2.025871144403716016e+03
2.136920688607007378e+03
2.318004326627972659e+03
2.499087964648938396e+03
2.533316163208568923e+03
2.673816736671202307e+03
2.797793717075108361e+03
2.959184983835847106e+03
2.959184983835847106e+03
3.058377873925724998e+03
3.058377873925724998e+03
3.099829078451540227e+03
3.099829078451540227e+03
2.950374370449688286e+03
2.709173300337924957e+03
2.509726274860244757e+03
2.344268438466447151e+03
2.344268438466447151e+03
2.344268438466447151e+03
2.138379292084726785e+03
2.138379292084726785e+03
1.898760252825664111e+03
1.801941189163723948e+03
1.783867288019803254e+03
1.765793386875882334e+03
1.629062566884712624e+03
1.501783289403574372e+03
1.436733295144226759e+03
1.436733295144226759e+03
1.490320010508823543e+03
1.490320010508823543e+03
1.490320010508823543e+03
1.473955439210728400e+03
1.429714724448897414e+03
1.429714724448897414e+03
1.367651511896982356e+03
1.367651511896982356e+03
1.385976156111580622e+03
1.404300800326179115e+03
1.409695612099608297e+03
1.431764486218196453e+03
1.431764486218196453e+03
1.383497308054713812e+03
1.383497308054713812e+03
1.386797377635457224e+03
1.390097447216200635e+03
1.398173528422549680e+03
1.405009631137254928e+03
1.461914893505951795e+03
1.521752258978718601e+03
1.527686099783859390e+03
1.527686099783859390e+03
1.527686099783859390e+03
1.531829070839067299e+03
1.592976789806166153e+03
1.680676407048970304e+03
1.680676407048970304e+03
1.720432228258230225e+03
1.757547977291243114e+03
1.794663726324255776e+03
1.830348252093273913e+03
1.830348252093273913e+03
1.862137334488412307e+03
1.765738996438833510e+03
1.859364469805520912e+03
1.859364469805520912e+03
1.859364469805520912e+03
1.884896894039944300e+03
1.922930951464268901e+03
1.923874427049109272e+03
1.923874427049109272e+03
1.965165255087320020e+03
1.965165255087320020e+03
1.965165255087320020e+03
2.014427928888700080e+03
2.014427928888700080e+03
2.108058109284920647e+03
2.108058109284920647e+03
2.062837868758553668e+03
2.046739813358807169e+03
2.030641757959060897e+03
2.062837868758553668e+03
2.076196171533424149e+03
2.076196171533424149e+03
2.059178009549531453e+03
2.059178009549531453e+03
2.110800619725230717e+03
2.162423229900929982e+03
2.197457307355060493e+03
2.282370684005841213e+03
2.268681408422326058e+03
2.268681408422326058e+03
2.268681408422326058e+03
2.246107785038318525e+03
2.223534161654310992e+03
2.290123009664472193e+03
2.290123009664472193e+03
2.290123009664472193e+03
2.288203124983743237e+03
2.288203124983743237e+03
2.288203124983743237e+03
2.288203124983743237e+03
2.252755631689486563e+03
2.245855717972709044e+03
2.243755681452480985e+03
2.147579791240209033e+03
2.147579791240209033e+03
2.173801915956478751e+03
2.200024040672748470e+03
2.237013513708513074e+03
2.237013513708513074e+03
2.305210356548692289e+03
2.192986954501612217e+03
2.259764185373362125e+03
2.259764185373362125e+03
2.259764185373362125e+03
2.439540594748935291e+03
2.619317004124508003e+03
2.619317004124508003e+03
2.512278420619926692e+03
2.512278420619926692e+03
2.525035927305504174e+03
2.537793433991081656e+03
2.575067294818280971e+03
2.575067294818280971e+03
2.677330374876010865e+03
2.463303133351777888e+03
2.653410513144623110e+03
2.597250038990202938e+03
2.541089564835782767e+03
2.653410513144623110e+03
2.995653035288431511e+03
3.019778935902206285e+03
3.361745663324812540e+03
3.459654001779405917e+03
3.530053997580893338e+03
3.600453993382380759e+03
3.600453993382380759e+03
3.589341009850381852e+03
3.555162095832213708e+03
3.371119781616668206e+03
3.211970211915260279e+03
3.205964169903732909e+03
3.015423315527052182e+03
2.973584036597252634e+03
2.973584036597252634e+03
3.026857081146763448e+03
3.026857081146763448e+03
3.165555306650051079e+03
2.959946547348420609e+03
3.004634871984244455e+03
3.004634871984244455e+03
3.004634871984244455e+03
3.004634871984244455e+03
3.004634871984244455e+03
2.720427165532879826e+03
2.700977621699276824e+03
2.681528077865673822e+03
2.615796637044586078e+03
2.583978237646820617e+03
2.549171761028422225e+03
2.425482719406635169e+03
2.354823520376100987e+03
2.352780734368803678e+03
2.350737948361506824e+03
2.080429509965606030e+03
2.080429509965606030e+03
2.301120233768650451e+03
2.389179920702350501e+03
2.389179920702350501e+03
2.406750636171633232e+03
2.424321351640915509e+03
2.424321351640915509e+03
2.424321351640915509e+03
2.405176842534214757e+03
2.544906490243842200e+03
2.436367557591889181e+03
2.536890814936393326e+03
2.637414072280897017e+03
2.565689587494762691e+03
2.565689587494762691e+03
2.489503138845816011e+03
2.489503138845816011e+03
2.592454550471405128e+03
2.592454550471405128e+03
2.592454550471405128e+03
2.551146114875269177e+03
2.442019111176749902e+03
2.428571720980205555e+03
2.428571720980205555e+03
2.470769173570752173e+03
2.470769173570752173e+03
2.470769173570752173e+03
2.466927218892831206e+03
2.437417187344294234e+03
2.424527052231508151e+03
2.424527052231508151e+03
2.450690098825941732e+03
2.450690098825941732e+03
2.450690098825941732e+03
2.439617512592640651e+03
2.369934771023584744e+03
2.369934771023584744e+03
2.369934771023584744e+03
2.504374172726038523e+03
2.504374172726038523e+03
2.504374172726038523e+03
2.503956899477189836e+03
2.500412801955520990e+03
2.436016431764724985e+03
2.436016431764724985e+03
2.487621137168237055e+03
2.510925904135861856e+03
2.534230671103486657e+03
2.534230671103486657e+03
2.618058411406928371e+03
2.597104294337188094e+03
2.597104294337188094e+03
2.597104294337188094e+03
2.603786930900873813e+03
2.610469567464559532e+03
2.610469567464559532e+03
2.575615980498190311e+03
2.526093293887422078e+03
2.575615980498190311e+03
2.724868703429036032e+03
2.724868703429036032e+03
2.724868703429036032e+03
2.628625371011788047e+03
2.628625371011788047e+03
2.469847441824225825e+03
2.507583977924311966e+03
2.507583977924311966e+03
2.565064153198144595e+03
2.622544328471977678e+03
2.659812326969662990e+03
2.659812326969662990e+03
2.659812326969662990e+03
2.654205166894612375e+03
2.654205166894612375e+03
2.701383056002860940e+03
2.748560945111109049e+03
2.748560945111109049e+03
2.646465071573229125e+03
2.646465071573229125e+03
2.533309438358892749e+03
2.668469732461959211e+03
2.640569301055988490e+03
2.612668869650017768e+03
2.719064022550544450e+03
2.612668869650017768e+03
2.758287851420498100e+03
2.710289527500169697e+03
2.758287851420498100e+03
2.734288689460333899e+03
2.710289527500169697e+03
2.729037546779592049e+03
2.729037546779592049e+03
2.762623775464924165e+03
2.816886434714106599e+03
3.012881927888392056e+03
3.042390470041657409e+03
3.071899012194922761e+03
3.071899012194922761e+03
3.033625303880097817e+03
3.033625303880097817e+03
3.131671362675701857e+03
3.291706517150806121e+03
3.219489871036217664e+03
3.147273224921629208e+03
3.150590651994459222e+03
3.150590651994459222e+03
3.368939888212774349e+03
3.498342019831167818e+03
3.517802045510995413e+03
3.517802045510995413e+03
3.517802045510995413e+03
3.517802045510995413e+03
3.668126106474455810e+03
3.408785561293764658e+03
3.556257335354091992e+03
3.529554453234265111e+03
3.529554453234265111e+03
3.529554453234265111e+03
3.482718852038184195e+03
3.482718852038184195e+03
3.482718852038184195e+03
3.438066001816272092e+03
3.438066001816272092e+03
3.450006873111619825e+03
3.461947744406968013e+03
3.461947744406968013e+03
3.461947744406968013e+03
3.506355061343565012e+03
3.558000152465971041e+03
3.558000152465971041e+03
3.558000152465971041e+03
3.558000152465971041e+03
3.670574756878332664e+03
3.572881784949363009e+03
3.627398947098006829e+03
3.572881784949363009e+03
3.627398947098006829e+03
3.563912637208910382e+03
3.500426327319813936e+03
3.687534330348784806e+03
3.571783303413162230e+03
3.571783303413162230e+03
3.485207244915087813e+03
3.485207244915087813e+03
3.456019748922806684e+03
3.426832252930525556e+03
3.426832252930525556e+03
3.426832252930525556e+03
3.431060126792749998e+03
3.431060126792749998e+03
3.609111035330280629e+03
3.421014360023173140e+03
3.232917684716065651e+03
3.456427883742831909e+03
3.456427883742831909e+03
3.537337139204780215e+03
3.561745570869420135e+03
3.668540130351236712e+03
3.615142850610328423e+03
3.561745570869420135e+03
3.669988907952446425e+03
4.110166683983002258e+03
4.229647016334044565e+03
4.229647016334044565e+03
3.895568832354860206e+03
3.882935580647205825e+03
3.870302328939551899e+03
3.735448779498964086e+03
3.700304105855577745e+03
3.375924558862094273e+03
3.075587183609071417e+03
2.792119464111882280e+03
2.758527046489983150e+03
2.724934628868084019e+03
2.510915075647740196e+03
2.476226647679247435e+03
2.476226647679247435e+03
2.418520211328488585e+03
2.287548094429087996e+03
2.247098443734174907e+03
2.206648793039261363e+03
2.089849001606360162e+03
1.940403366758570428e+03
1.922744728609967979e+03
1.823047543490280077e+03
1.823047543490280077e+03
1.936558468461663097e+03
2.050069393433046116e+03
2.230576611305069036e+03
2.475595070529532222e+03
2.619673367226149367e+03
2.733739763051091813e+03
2.776244970154106340e+03
2.816001977701134820e+03
2.820225884760103781e+03
2.816001977701134820e+03
2.768001984758524486e+03
2.752165608522335788e+03
2.565053698164039815e+03
2.293644088945403382e+03
2.213082717184923240e+03
1.884516324019220747e+03
1.884516324019220747e+03
1.816425829466104688e+03
2.174841318456789395e+03
2.174841318456789395e+03
2.174841318456789395e+03
1.816425829466104688e+03
1.816425829466104688e+03
1.805723817699156371e+03
1.471403103000004876e+03
1.471403103000004876e+03
1.447253877833148636e+03
1.600251288079708729e+03
1.512295936133913756e+03
1.424340584188118783e+03
1.573926319329284979e+03
1.424340584188118783e+03
1.419094123175433424e+03
1.369950379048042350e+03
1.369950379048042350e+03
1.376583720993677161e+03
1.383217062939312200e+03
1.383217062939312200e+03
1.383217062939312200e+03
1.379681891415342079e+03
1.391601092104021518e+03
1.391601092104021518e+03
1.408134216816459457e+03
1.424667341528897396e+03
1.439456482715775110e+03
1.433641314739929157e+03
1.472171233901148980e+03
1.464722985666604018e+03
1.518607447156654644e+03
1.518607447156654644e+03
1.518607447156654644e+03
1.537396656952865214e+03
1.537396656952865214e+03
1.509943610599965041e+03
1.488215023116146995e+03
1.475322701218504108e+03
1.475322701218504108e+03
1.475322701218504108e+03
1.524612185231381545e+03
1.524612185231381545e+03
1.501472603996118096e+03
1.501063310341351780e+03
1.501472603996118096e+03
1.516247642844229176e+03
1.531022681692340029e+03
1.583966102885224245e+03
1.585055920781480381e+03
1.623606901451168369e+03
1.651984834047758795e+03
1.701327888127531651e+03
1.707046961017160584e+03
1.712766033906789517e+03
1.729365979899834883e+03
1.729365979899834883e+03
1.735452160321222891e+03
1.689123958724455179e+03
1.735452160321222891e+03
1.726602090786239387e+03
1.717752021251255655e+03
1.735745959017472615e+03
1.732426131743267888e+03
1.735745959017472615e+03
1.790313326216767791e+03
1.798654436150723768e+03
1.828997717520288234e+03
1.859340998889852699e+03
1.859340998889852699e+03
1.833908476179799891e+03
1.814605629666060850e+03
1.810394139046604323e+03
1.807193797040492427e+03
1.791437653449296022e+03
1.775681509858099616e+03
1.775681509858099616e+03
1.746935841639435694e+03
1.746935841639435694e+03
1.778629007684380213e+03
1.851511903548976079e+03
1.859317967268916618e+03
1.867124030988856930e+03
1.867124030988856930e+03
1.817387618458787983e+03
1.768554536125216828e+03
1.792303050123162166e+03
1.792303050123162166e+03
1.819045160943329620e+03
1.845787271763497074e+03
1.905830435767764811e+03
1.887187043940622743e+03
1.887187043940622743e+03
1.868413819871276701e+03
1.868413819871276701e+03
1.888176168196310300e+03
1.907938516521343900e+03
1.958879951761482289e+03
1.907938516521343900e+03
1.884079434709866746e+03
1.842376005438849688e+03
1.884079434709866746e+03
1.884262291307101350e+03
1.884445147904335954e+03
1.917949241228508754e+03
1.884445147904335954e+03
1.893855283862411170e+03
1.893855283862411170e+03
1.897199808489808902e+03
1.897861329851512437e+03
1.898522851213215972e+03
1.935930847272610890e+03
2.056143449031814725e+03
2.176356050791018788e+03
1.979851752131167132e+03
2.176356050791018788e+03
2.181389821453890363e+03
2.186423592116762393e+03
2.461793441695539968e+03
2.478909645959187401e+03
2.642051618975784095e+03
2.642051618975784095e+03
2.659846915869358327e+03
2.573093792010665766e+03
2.457903036464707839e+03
2.439060326228986014e+03
2.393716841531930186e+03
2.382918029996990299e+03
2.331611139834116329e+03
2.382918029996990299e+03
2.232012308142314851e+03
2.232012308142314851e+03
2.206357599848653990e+03
2.206357599848653990e+03
2.113981595983617353e+03
2.113981595983617353e+03
2.113981595983617353e+03
2.113981595983617353e+03
2.107183661106801082e+03
2.107183661106801082e+03
2.085835306941920862e+03
2.107183661106801082e+03
2.085835306941920862e+03
2.271662515347137742e+03
2.264512826690318434e+03
2.257363138033499126e+03
2.257363138033499126e+03
2.121308789241604700e+03
1.965344296015733107e+03
1.879244811915857554e+03
1.843736379174974445e+03
1.861490595545415999e+03
1.879244811915857554e+03
1.884967658464619035e+03
1.884967658464619035e+03
1.895751650357072094e+03
1.849329380768970850e+03
1.901337841713236003e+03
1.871808449286926361e+03
1.842279056860616720e+03
1.853617811809041314e+03
1.853617811809041314e+03
1.853617811809041314e+03
1.885602035805708965e+03
1.885602035805708965e+03
1.894750633410647424e+03
1.903899231015585656e+03
1.904688641921197586e+03
2.014031266548369558e+03
2.014031266548369558e+03
2.181062284263960009e+03
1.953730146836737276e+03
1.953730146836737276e+03
1.953730146836737276e+03
1.928469136022436032e+03
1.924306149785472371e+03
1.911458554798407249e+03
1.889080542998875217e+03
1.911458554798407249e+03
1.923293061755851340e+03
1.935127568713295204e+03
1.935127568713295204e+03
1.918049720500757076e+03
1.872459396105090491e+03
1.872459396105090491e+03
1.880844410340303966e+03
1.880844410340303966e+03
1.880844410340303966e+03
1.913618838902641301e+03
1.790120191194986774e+03
1.837533419397610487e+03
1.769617172430749179e+03
1.837533419397610487e+03
1.812125237690587710e+03
1.786717055983564933e+03
1.848005276233066297e+03
1.848005276233066297e+03
1.874286955685901603e+03
1.874286955685901603e+03
1.861772546712764324e+03
1.817602174022091731e+03
1.773431801331418910e+03
1.773431801331418910e+03
1.773431801331418910e+03
1.802754678963678316e+03
1.802754678963678316e+03
1.837584919903928949e+03
1.780310266638983649e+03
1.723035613374038576e+03
1.833490686041352774e+03
1.833490686041352774e+03
1.833490686041352774e+03
1.845986140154243230e+03
1.904801450200028057e+03
1.904801450200028057e+03
1.904801450200028057e+03
1.969705072725236732e+03
1.912202331000268032e+03
1.912202331000268032e+03
1.912202331000268032e+03
1.934180951253383910e+03
1.937066950866657180e+03
1.939952950479930450e+03
1.939952950479930450e+03
1.939952950479930450e+03
1.912048648761638333e+03
1.875551352242996018e+03
1.875551352242996018e+03
1.867536935926618753e+03
1.859522519610241261e+03
1.867048188564544034e+03
1.867048188564544034e+03
1.884127633248588836e+03
1.884127633248588836e+03
1.934946864422238377e+03
1.921386063279687733e+03
1.907825262137137088e+03
2.007914449214885963e+03
2.007914449214885963e+03
2.007914449214885963e+03
2.019857626972225262e+03
2.031894226202766959e+03
2.031894226202766959e+03
2.031894226202766959e+03
2.070482996179582187e+03
1.993813126944020723e+03
2.095354780614338324e+03
2.089700320831933823e+03
2.132267238276631815e+03
2.110983779554282592e+03
2.089700320831933823e+03
2.083557447615644833e+03
2.083557447615644833e+03
2.210029912696451902e+03
2.282697304217278997e+03
2.228347089914555909e+03
2.228347089914555909e+03
2.228347089914555909e+03
2.228347089914555909e+03
2.332913704304667135e+03
2.332913704304667135e+03
2.158415411927488094e+03
2.158415411927488094e+03
2.143131657084687504e+03
2.127847902241886914e+03
2.224894290635366360e+03
2.243126337345558113e+03
2.243126337345558113e+03
2.251090207624131835e+03
2.279396978790260164e+03
2.279396978790260164e+03
2.279396978790260164e+03
2.267303519291372595e+03
2.267303519291372595e+03
2.466967784807889075e+03
2.466967784807889075e+03
2.335737778500707009e+03
2.275208793158513799e+03
2.214679807816320135e+03
2.211626102520046061e+03
2.095584511474449755e+03
2.095584511474449755e+03
2.309241921568628186e+03
2.324978169493224868e+03
2.317110045530926527e+03
2.309241921568628186e+03
2.280305941534829799e+03
2.280305941534829799e+03
2.411379849837273014e+03
2.411379849837273014e+03
2.196770372961656903e+03
2.196770372961656903e+03
2.196770372961656903e+03
2.320441113451514866e+03
2.320441113451514866e+03
2.292877535093552979e+03
2.116042361653782336e+03
2.292877535093552979e+03
2.135395642018046146e+03
1.977913748942539542e+03
2.191439847603477119e+03
2.191439847603477119e+03
2.199180512403539069e+03
2.199180512403539069e+03
2.164674771528822021e+03
2.164674771528822021e+03
2.164674771528822021e+03
2.113505184236467812e+03
1.947916334863920838e+03
1.938360729094757289e+03
1.709581499169702056e+03
1.709581499169702056e+03
1.724358189863176449e+03
1.739134880556651069e+03
1.743741959418987790e+03
1.739134880556651069e+03
1.721402829568142579e+03
1.643595922091344846e+03
1.721402829568142579e+03
1.690982925032138610e+03
1.660563020496134641e+03
1.700644039839623019e+03
1.700644039839623019e+03
1.744886930801982317e+03
1.744886930801982317e+03
1.744886930801982317e+03
1.749049579717531287e+03
1.753212228633080485e+03
1.880930877342376334e+03
1.798161099154773638e+03
1.821993501878109100e+03
1.821993501878109100e+03
2.078375924038341054e+03
2.133627384469774825e+03
2.188878844901208595e+03
2.078375924038341054e+03
1.967715570043325897e+03
1.883775174500128060e+03
1.883775174500128060e+03
2.010906207558240794e+03
2.037863358876162692e+03
2.064820510194084818e+03
2.010906207558240794e+03
2.014598814347219104e+03
2.014598814347219104e+03
2.014598814347219104e+03
2.019548194233220784e+03
1.960015336201331138e+03
1.900482478169441265e+03
1.870978106348121628e+03
1.870978106348121628e+03
1.995337745830704307e+03
2.040317302400406334e+03
2.045776799204340023e+03
2.058562689963299817e+03
2.071348580722260067e+03
2.088639364117860168e+03
2.093803158407451519e+03
2.216932151665188030e+03
2.326231703691357779e+03
2.350284490232929329e+03
2.402524690998850929e+03
2.454764891764772983e+03
2.563036449690833706e+03
2.596738008579328380e+03
2.834224236242070674e+03
2.989054957583465693e+03
3.016424080931339176e+03
3.149819537771109935e+03
3.283214994610881149e+03
3.470889957704069275e+03
3.470889957704069275e+03
3.495090046227656785e+03
3.536610258589873411e+03
3.538144323052852997e+03
3.553447545556216483e+03
3.607200164299992593e+03
3.607200164299992593e+03
3.809022008006093984e+03
3.809022008006093984e+03
3.773657064061493656e+03
3.738698550866542973e+03
3.658135733973711012e+03
3.493277109948439374e+03
3.493277109948439374e+03
3.351430715425588915e+03
3.351430715425588915e+03
3.351430715425588915e+03
2.960484855031790175e+03
2.960484855031790175e+03
2.960484855031790175e+03
2.923988282213972070e+03
2.960484855031790175e+03
3.027382935378678212e+03
3.027382935378678212e+03
2.979353002115640265e+03
2.875515507655618421e+03
2.771678013195597032e+03
2.750028396333700130e+03
2.646885018572083027e+03
2.611536357605114972e+03
2.537335914434484039e+03
2.611536357605114972e+03
2.617495278298120411e+03
2.623454198991125850e+03
2.623454198991125850e+03
2.658139045982621610e+03
2.536114394546800213e+03
2.526042290252694329e+03
2.526042290252694329e+03
2.584468508952403226e+03
2.642894727652112124e+03
2.743917613149352746e+03
2.743917613149352746e+03
2.783286546015521708e+03
2.764733608776921301e+03
2.795077754550622103e+03
2.794183408395013885e+03
2.793289062239405666e+03
2.960250671216309001e+03
2.885074834337484845e+03
2.960250671216309001e+03
2.885074834337484845e+03
3.019464454001948980e+03
2.964172341270279048e+03
2.908880228538609117e+03
3.019464454001948980e+03
3.027949610774643133e+03
3.088768904948708951e+03
3.088768904948708951e+03
3.152115069388888514e+03
3.092390260638448126e+03
3.032665451888008192e+03
3.157574394384097104e+03
3.227067050311378352e+03
3.247903745443230036e+03
3.279374523721613059e+03
3.321031172051736121e+03
3.353636674642796606e+03
3.386242177233857092e+03
3.419917618730476534e+03
3.419917618730476534e+03
3.372126773450103428e+03
3.372126773450103428e+03
3.372126773450103428e+03
3.378965968732903093e+03
3.385805164015702303e+03
3.522761887863025095e+03
3.562565138026617205e+03
3.577482428594258181e+03
3.577482428594258181e+03
3.577482428594258181e+03
3.580181477387031009e+03
3.582880526179803383e+03
3.582880526179803383e+03
3.554557228440850395e+03
3.554557228440850395e+03
3.518037611023885347e+03
3.647021865994674954e+03
3.643919755153665392e+03
3.640817644312655830e+03
3.668714114932939992e+03
3.640817644312655830e+03
3.770950664078293812e+03
3.626810563499708223e+03
3.734387027404426590e+03
3.712542571087745273e+03
3.690698114771063956e+03
3.690698114771063956e+03
3.665279531026708810e+03
3.656337853861503845e+03
3.623516584770697136e+03
3.656337853861503845e+03
3.654463039781564476e+03
3.652588225701624651e+03
3.652588225701624651e+03
3.652588225701624651e+03
3.852871960319635946e+03
