4.571029280152550200e+03
4.571029280152550200e+03
4.150164735470077176e+03
3.688087302487275338e+03
3.688087302487275338e+03
3.961128293497903087e+03
3.961128293497903087e+03
3.961128293497903087e+03
3.961128293497903087e+03
3.957124734568622443e+03
3.857356297792217902e+03
3.735778501852988938e+03
3.735778501852988938e+03
4.955316693391847366e+03
4.955316693391847366e+03
4.955316693391847366e+03
4.955316693391847366e+03
4.897631827224152403e+03
4.556785452273814371e+03
4.404793233952458650e+03
4.307616519884527406e+03
4.269864684313728503e+03
4.232112848742928691e+03
4.307616519884527406e+03
4.307616519884527406e+03
4.307616519884527406e+03
4.307616519884527406e+03
4.307616519884527406e+03
5.132509215004952239e+03
5.132509215004952239e+03
5.132509215004952239e+03
5.132509215004952239e+03
5.132509215004952239e+03
5.115477128738535612e+03
4.826757645048734048e+03
4.875407896844208153e+03
4.924058148639682258e+03
4.826757645048734048e+03
4.699406857167939052e+03
4.699406857167939052e+03
4.851600064209087577e+03
4.877528520017994197e+03
4.877528520017994197e+03
4.877528520017994197e+03
4.833127355585425903e+03
4.672296213004153287e+03
4.672296213004153287e+03
4.588499815308246980e+03
4.256681441599999744e+03
4.256681441599999744e+03
4.256681441599999744e+03
4.244996564346164632e+03
4.102619970073935292e+03
4.027806966153113535e+03
3.804409841223552576e+03
3.804409841223552576e+03
3.658093189153577441e+03
3.511776537083602307e+03
3.755244691839850475e+03
3.755244691839850475e+03
3.755244691839850475e+03
3.353361064132463980e+03
3.353361064132463980e+03
3.343162637186132997e+03
3.332964210239801560e+03
3.332964210239801560e+03
3.242226537875304075e+03
3.187156013098569019e+03
3.151569326411829024e+03
3.059573659679927914e+03
3.021845556641221719e+03
2.984117453602515525e+03
3.019979901650654938e+03
3.019979901650654938e+03
3.019979901650654938e+03
2.953404826568765202e+03
2.868569492219116910e+03
2.789516852657406162e+03
2.710464213095695413e+03
2.710464213095695413e+03
2.671271731908203492e+03
2.648885786282995014e+03
2.648885786282995014e+03
2.695970281918212095e+03
2.695970281918212095e+03
2.695970281918212095e+03
2.685389858780745726e+03
2.685389858780745726e+03
2.772336065589837290e+03
2.772336065589837290e+03
2.800100106692604186e+03
2.783563560716078428e+03
2.767027014739552214e+03
2.767027014739552214e+03
2.767027014739552214e+03
2.856967678319549123e+03
2.856967678319549123e+03
2.856967678319549123e+03
2.815796832732690746e+03
2.774625987145831914e+03
2.879550044571784838e+03
2.879550044571784838e+03
2.879550044571784838e+03
2.890070511470387373e+03
2.890070511470387373e+03
2.962539533007289720e+03
3.035008554544192066e+03
3.181859250339693062e+03
3.256732331128232090e+03
3.256732331128232090e+03
3.256732331128232090e+03
3.291879698186825408e+03
3.291879698186825408e+03
3.291879698186825408e+03
3.188220130644239816e+03
3.188220130644239816e+03
3.339491670195499410e+03
3.461515206773413411e+03
3.519037722758881046e+03
3.490276464766147001e+03
3.461515206773413411e+03
3.561734081746052198e+03
3.448592011077608731e+03
3.561734081746052198e+03
3.698705124074113883e+03
3.698705124074113883e+03
3.835962557412056867e+03
3.973219990749999852e+03
3.694105085367169522e+03
3.765932627589202184e+03
3.765932627589202184e+03
3.939472795936605053e+03
3.939472795936605053e+03
4.021234307513580461e+03
4.102995819090555415e+03
4.102995819090555415e+03
4.323216031329540783e+03
4.359788867550210853e+03
4.679150163917843201e+03
4.679150163917843201e+03
4.584241640597565492e+03
4.489333117277288693e+03
4.489333117277288693e+03
4.800566950792012904e+03
4.800566950792012904e+03
4.969398983166358448e+03
4.969398983166358448e+03
5.359903680150145192e+03
5.750408377133931936e+03
5.750408377133931936e+03
5.051574888937119795e+03
5.051574888937119795e+03
5.374671473559772494e+03
5.997119664051570908e+03
6.228712950941196141e+03
6.460306237830821374e+03
5.997119664051570908e+03
6.460306237830821374e+03
6.311582066190288060e+03
6.628394134364430101e+03
6.970112842149696007e+03
6.970112842149696007e+03
6.970112842149696007e+03
6.809859625571139986e+03
6.432425910470548843e+03
6.432425910470548843e+03
6.517590876831574860e+03
6.517590876831574860e+03
6.450405276619807410e+03
6.383219676408040868e+03
6.261675919085137139e+03
6.164339420717163193e+03
5.759176229983757366e+03
5.431620607339195885e+03
5.431620607339195885e+03
5.372957646431429566e+03
5.314294685523663247e+03
5.124702266583883102e+03
4.882146275114087075e+03
4.747982825187373237e+03
4.508323877622451619e+03
4.508323877622451619e+03
4.508323877622451619e+03
4.508323877622451619e+03
4.392719351765019383e+03
4.336710490522127657e+03
4.297113186641730863e+03
4.284206209986798967e+03
4.280336740577384262e+03
4.230783852869567454e+03
4.181230965161750646e+03
4.162204278545807938e+03
4.162204278545807938e+03
4.268835479506888987e+03
4.350269678333597767e+03
4.356712828138395707e+03
4.421128396733116460e+03
4.485543965327837213e+03
4.495469506294373787e+03
4.518127194461352701e+03
4.518127194461352701e+03
4.510521650025316376e+03
4.510521650025316376e+03
4.548899422503480309e+03
4.587277194981645152e+03
4.608849681483874519e+03
4.728134435888668122e+03
4.728134435888668122e+03
4.696759076999529498e+03
4.629584525729789675e+03
4.500047202988003846e+03
4.370509880246218927e+03
4.264162405073238006e+03
4.236238755830319860e+03
4.088563466815153788e+03
4.066425585133541063e+03
3.793656988330204967e+03
3.686209351596517990e+03
3.578761714862831013e+03
3.370038912425411127e+03
3.370038912425411127e+03
3.632942620102520777e+03
3.707615155092028090e+03
3.707615155092028090e+03
3.638911413802087282e+03
3.570207672512146473e+03
3.415513791979809412e+03
3.329508378258661651e+03
3.194307751907900183e+03
2.980734269123645845e+03
2.910168635597367484e+03
2.867464507365678855e+03
2.824760379133990227e+03
2.790671423285089077e+03
2.766284452291673915e+03
2.721891883841079107e+03
2.721891883841079107e+03
2.959394226329160119e+03
2.997481286061303763e+03
3.035568345793447861e+03
3.056456774173786016e+03
3.044624531203186052e+03
3.044624531203186052e+03
3.044624531203186052e+03
3.035887245402276676e+03
2.997609365388498190e+03
2.959331485374720160e+03
2.871192871976400966e+03
2.776228044774617047e+03
2.776228044774617047e+03
2.796413685779239131e+03
2.817472964459954710e+03
2.817472964459954710e+03
2.817472964459954710e+03
2.897906123436012876e+03
2.897906123436012876e+03
2.922818670271481551e+03
2.894937250802146991e+03
2.919966781818000072e+03
2.919966781818000072e+03
2.919966781818000072e+03
2.919966781818000072e+03
2.881547359944751861e+03
2.881547359944751861e+03
2.897719540311899891e+03
2.944741469998648427e+03
3.026160146782728134e+03
3.086497233831061749e+03
3.086497233831061749e+03
3.086497233831061749e+03
3.105262434056091934e+03
3.324783467837225089e+03
3.324783467837225089e+03
3.475237848235881756e+03
3.643456857010684871e+03
3.643456857010684871e+03
3.643456857010684871e+03
3.643456857010684871e+03
3.623322324275524807e+03
3.623322324275524807e+03
3.461964239546358840e+03
3.300606154817192873e+03
3.152688836855892077e+03
2.892286983930006500e+03
2.803233250248224067e+03
2.669676088009625801e+03
2.669676088009625801e+03
2.706793450147747990e+03
2.743910812285870179e+03
2.841509676979541837e+03
2.841509676979541837e+03
2.634656533416542516e+03
2.588434803780698076e+03
2.588434803780698076e+03
2.604088209291839576e+03
2.619741614802981076e+03
2.736329052725776819e+03
2.736329052725776819e+03
2.696434403654301605e+03
2.638540708301493396e+03
2.638540708301493396e+03
2.710922273486643007e+03
2.783303838671792619e+03
3.084949858462109205e+03
3.154831731422442772e+03
3.084949858462109205e+03
3.008175472650724259e+03
3.008175472650724259e+03
3.088590192882586962e+03
3.169004913114449664e+03
3.169004913114449664e+03
3.237192848764032078e+03
3.237192848764032078e+03
3.253724276624367121e+03
3.255934737469494848e+03
3.318607761644344464e+03
3.381280785819194080e+03
3.479135938760835415e+03
3.479135938760835415e+03
3.601362033990517375e+03
3.601362033990517375e+03
3.375458897296875421e+03
3.375458897296875421e+03
3.375458897296875421e+03
3.497091297256868984e+03
3.659672582962666183e+03
3.659672582962666183e+03
3.618023139951026224e+03
3.618023139951026224e+03
3.619102162465589572e+03
3.620181184980153375e+03
3.620181184980153375e+03
3.842237507661029213e+03
3.440277239342325174e+03
3.842237507661029213e+03
3.755756604171056097e+03
3.834251413523478732e+03
3.912746222875900912e+03
3.760213584089651249e+03
3.841918999293255183e+03
3.760213584089651249e+03
3.674415364171360125e+03
3.674415364171360125e+03
3.711592653293360399e+03
3.748769942415360674e+03
3.767349186146248940e+03
3.801231429060308074e+03
3.767349186146248940e+03
3.740271762840836800e+03
3.592737588604300072e+03
3.633800413445979302e+03
3.674863238287658532e+03
3.674863238287658532e+03
3.678048416574933071e+03
3.678048416574933071e+03
3.998386599861464219e+03
3.282726949233129289e+03
3.470379390184718432e+03
3.658031831136308028e+03
3.658031831136308028e+03
3.771608179285885853e+03
3.771608179285885853e+03
3.771608179285885853e+03
4.318467093943027976e+03
4.318467093943027976e+03
4.318467093943027976e+03
4.318467093943027976e+03
4.027545667257352761e+03
4.027545667257352761e+03
4.197985600541136591e+03
4.197985600541136591e+03
4.224369181997928536e+03
4.250752763454721389e+03
4.110839498525889212e+03
4.250752763454721389e+03
4.147080907538782412e+03
4.147080907538782412e+03
4.072480007923537869e+03
4.066534868028937126e+03
4.060589728134335928e+03
4.060589728134335928e+03
4.257274738310116845e+03
4.284650907332602401e+03
4.284650907332602401e+03
4.158659839138570533e+03
4.089589723564417000e+03
4.020519607990263012e+03
4.020519607990263012e+03
4.064616487535557098e+03
4.302441135277847934e+03
4.302441135277847934e+03
4.302441135277847934e+03
4.109649255241116407e+03
3.916857375204384880e+03
3.916857375204384880e+03
3.981564140718615818e+03
4.279569809585046642e+03
3.981564140718615818e+03
4.279569809585046642e+03
3.893080645290259781e+03
4.013539910833045724e+03
4.013539910833045724e+03
4.021348006610204720e+03
4.072559977531249388e+03
4.035528039675512900e+03
4.035528039675512900e+03
3.930230441360623900e+03
3.930230441360623900e+03
4.056015995094121990e+03
4.056015995094121990e+03
4.065817974303718074e+03
4.065817974303718074e+03
4.065817974303718074e+03
4.209598789790040428e+03
4.209598789790040428e+03
4.209598789790040428e+03
4.209598789790040428e+03
4.126086574056892459e+03
4.081872133667890012e+03
4.067233211071106780e+03
4.016487718729807057e+03
3.965742226388506879e+03
3.965742226388506879e+03
3.974304185450503155e+03
4.014774667419335856e+03
3.974304185450503155e+03
3.740052047156681056e+03
3.728411158906785204e+03
3.716770270656889807e+03
3.670086948355763980e+03
3.605164293151076890e+03
3.605164293151076890e+03
3.431227980531095000e+03
3.431227980531095000e+03
3.431227980531095000e+03
3.431227980531095000e+03
3.497423240354606605e+03
3.473879346453348717e+03
3.650332336618607314e+03
3.508127973971238134e+03
3.650332336618607314e+03
3.653583903298667792e+03
3.656835469978727815e+03
3.710048222613716916e+03
3.710048222613716916e+03
3.656007373054536856e+03
3.575320445444526740e+03
3.575320445444526740e+03
3.602268398040241664e+03
3.629216350635957042e+03
3.629216350635957042e+03
3.669836700647308135e+03
3.643968178664354582e+03
3.643968178664354582e+03
3.643968178664354582e+03
3.608462868081855504e+03
3.572957557499356426e+03
3.602436281480443085e+03
3.575516230733764132e+03
3.575516230733764132e+03
3.480511035616534173e+03
3.480511035616534173e+03
3.496409278098711184e+03
3.512307520580888195e+03
3.678242758530001993e+03
3.749486630931698983e+03
3.749486630931698983e+03
3.652074261142832711e+03
3.606566666325821188e+03
3.595920985119832039e+03
3.585275303913842436e+03
3.585275303913842436e+03
3.817931509902360631e+03
3.817931509902360631e+03
3.791534059011091813e+03
3.791534059011091813e+03
3.815627661163468474e+03
3.839721263315844681e+03
3.891360525929362211e+03
3.916271257938753479e+03
3.916271257938753479e+03
3.916271257938753479e+03
3.889787873745393426e+03
3.899994977903327253e+03
3.910202082061261081e+03
3.910202082061261081e+03
4.120948181080462746e+03
4.120948181080462746e+03
4.090114059544807333e+03
4.067881150144819912e+03
4.067881150144819912e+03
4.067881150144819912e+03
4.229594241353000143e+03
4.229594241353000143e+03
4.229594241353000143e+03
4.191834775995575001e+03
4.273599700314303846e+03
4.232717238154938968e+03
4.191834775995575001e+03
4.356373730921136485e+03
4.320979952192992641e+03
4.320979952192992641e+03
4.320979952192992641e+03
4.179214446295188282e+03
4.268409463868147213e+03
4.357604481441107055e+03
4.179324993135661316e+03
4.179324993135661316e+03
4.051042844942163356e+03
4.051042844942163356e+03
4.051042844942163356e+03
4.112030894920837454e+03
4.173018944899510643e+03
4.120581530207849937e+03
4.120581530207849937e+03
3.836115585371745965e+03
3.836115585371745965e+03
4.753957911995337781e+03
4.874196803089667810e+03
4.994435694183996929e+03
4.759473861517842124e+03
4.759473861517842124e+03
4.641123046832496584e+03
4.641123046832496584e+03
4.642589025780899647e+03
4.642589025780899647e+03
4.642589025780899647e+03
4.642589025780899647e+03
4.693168792326078801e+03
4.693168792326078801e+03
4.693168792326078801e+03
5.331923619149424667e+03
5.418767739295561114e+03
5.505611859441696652e+03
5.331923619149424667e+03
5.392203405044268948e+03
5.387578384967937382e+03
5.392203405044268948e+03
5.387578384967937382e+03
5.301629590673943312e+03
5.215680796379948333e+03
5.111966481883167944e+03
5.111966481883167944e+03
5.166675576538832502e+03
5.166675576538832502e+03
5.166675576538832502e+03
5.226945241500938209e+03
5.287214906463043008e+03
5.287214906463043008e+03
5.307200716425027167e+03
5.307200716425027167e+03
5.328283131750392386e+03
5.421883385507400817e+03
5.500224711335107713e+03
5.578566037162813700e+03
5.578566037162813700e+03
5.230905511454790030e+03
5.186416793240490733e+03
5.186416793240490733e+03
5.177831802183537548e+03
5.177831802183537548e+03
5.177831802183537548e+03
5.133276813127953574e+03
5.023625049683407269e+03
4.844386438973087934e+03
4.823989096843906736e+03
4.765822949476746544e+03
4.753534396453387671e+03
4.741245843430027890e+03
4.736775031870618477e+03
4.532576514163328284e+03
4.475162782753614920e+03
4.436918628445100694e+03
4.305318171588397490e+03
4.275345267158772003e+03
4.245372362729146516e+03
3.979255956592779057e+03
3.930398019124644634e+03
3.979255956592779057e+03
3.924128756620822969e+03
3.751832950477427858e+03
3.735624502883752029e+03
3.719416055290076201e+03
3.482975921531325639e+03
3.475334841450002841e+03
3.475334841450002841e+03
3.632435972205375037e+03
3.937661627461493026e+03
3.937661627461493026e+03
3.937661627461493026e+03
3.919873187404543842e+03
3.899549626828586497e+03
3.919873187404543842e+03
3.941596736306504226e+03
3.941596736306504226e+03
3.941596736306504226e+03
3.941596736306504226e+03
3.672915736359681432e+03
3.398348023232486412e+03
3.398348023232486412e+03
3.675729778232337139e+03
4.064798207849858500e+03
4.132049785259347118e+03
4.199301362668836191e+03
4.064798207849858500e+03
3.762474697811578153e+03
3.312383311172903177e+03
3.312383311172903177e+03
3.315021252741129047e+03
3.315021252741129047e+03
3.315021252741129047e+03
3.376590203519619536e+03
3.351730378438893695e+03
3.376590203519619536e+03
3.385881992277740210e+03
3.574899673405032900e+03
3.619623594709661120e+03
3.664347516014289795e+03
3.666724789348871127e+03
3.666724789348871127e+03
3.632193147719047829e+03
3.632193147719047829e+03
3.703812184030722619e+03
3.768558989212635424e+03
3.789248913133752922e+03
3.774075130664142307e+03
3.789248913133752922e+03
3.794982744690352774e+03
3.822505931580917149e+03
3.996913028824920730e+03
4.146506223250934454e+03
4.146506223250934454e+03
4.146506223250934454e+03
4.146506223250934454e+03
4.146506223250934454e+03
3.876408414253904994e+03
3.764322758684142173e+03
3.704612886288110531e+03
3.644903013892078434e+03
3.485432093327352959e+03
3.313653191329899983e+03
3.291921981393468741e+03
3.313653191329899983e+03
3.383773459821498818e+03
3.616288768593172790e+03
3.848804077364846307e+03
3.852278894558341108e+03
3.891269328038570620e+03
3.983346768246196916e+03
3.983346768246196916e+03
3.965734196270098892e+03
3.965734196270098892e+03
3.965734196270098892e+03
3.993631065031393973e+03
3.993631065031393973e+03
3.993631065031393973e+03
4.030459850940260822e+03
4.251682284349684778e+03
4.262835807448771448e+03
4.273989330547858117e+03
4.318800091012233679e+03
4.402891148235902619e+03
4.402891148235902619e+03
4.460785812823148262e+03
4.712681582373559650e+03
4.970455991587163226e+03
5.228230400800767711e+03
4.712681582373559650e+03
4.784117321938698296e+03
4.610510620623587783e+03
4.784117321938698296e+03
5.197474612884130693e+03
5.215831800890121485e+03
5.234188988896112278e+03
5.309815114455014736e+03
5.234188988896112278e+03
5.309815114455014736e+03
6.114369334419001461e+03
6.114369334419001461e+03
5.774642912908546350e+03
5.434916491398092148e+03
4.960188284297129940e+03
5.207042003582332654e+03
5.207042003582332654e+03
5.213076888745516953e+03
5.213076888745516953e+03
5.157625481367765133e+03
5.102174073990013312e+03
4.761042701795762696e+03
4.930704097856034423e+03
4.930704097856034423e+03
5.262005518057198969e+03
5.262005518057198969e+03
5.025782247780252874e+03
4.789558977503307688e+03
4.763962281161466308e+03
3.954320521734991871e+03
3.824426056040401818e+03
3.824426056040401818e+03
3.782375175164615030e+03
3.766454790031348239e+03
3.750534404898080993e+03
3.750534404898080993e+03
3.911116675489804948e+03
3.911116675489804948e+03
4.291005553625056564e+03
3.846557398908868890e+03
3.814394159894733093e+03
3.782230920880596841e+03
3.621142749817103777e+03
3.782230920880596841e+03
3.935351504212724194e+03
3.947400231559290205e+03
3.947400231559290205e+03
3.842231831813729968e+03
3.737063432068169732e+03
3.437978680529329722e+03
3.401023119695008063e+03
3.401023119695008063e+03
4.091547525703310839e+03
4.091547525703310839e+03
4.091547525703310839e+03
4.091547525703310839e+03
3.656817623332126004e+03
4.171005762097003753e+03
3.984676726656090977e+03
4.171005762097003753e+03
3.984676726656090977e+03
4.166298590600772513e+03
4.347920454545454959e+03
3.815151021978022072e+03
4.093960566624658895e+03
4.053074813985696892e+03
4.093960566624658895e+03
4.053074813985696892e+03
3.977288194143546207e+03
3.901501574301395976e+03
3.703319172571897525e+03
3.901501574301395976e+03
4.120187206652472014e+03
4.357258314508316289e+03
4.357258314508316289e+03
4.303646974796060931e+03
4.250035635083805573e+03
3.729704915212138076e+03
4.205150238196978535e+03
3.853167797649807198e+03
4.205150238196978535e+03
3.853167797649807198e+03
4.102773491720053244e+03
4.352379185790298834e+03
4.352379185790298834e+03
4.367547149194872873e+03
4.367547149194872873e+03
4.367547149194872873e+03
4.146129639700242478e+03
4.129151566459164314e+03
4.112173493218087060e+03
4.112173493218087060e+03
4.161066800502571823e+03
4.161066800502571823e+03
4.419702886659045362e+03
4.073761254994819865e+03
4.073761254994819865e+03
3.855770111896348681e+03
3.855770111896348681e+03
3.855770111896348681e+03
3.855770111896348681e+03
3.961868536274830149e+03
3.961868536274830149e+03
3.989659687956234848e+03
4.017450839637640001e+03
3.894332680041192816e+03
4.054670354272807799e+03
4.015854711463865442e+03
4.054670354272807799e+03
4.015854711463865442e+03
4.064771192984157096e+03
4.113687674504448296e+03
4.014849882001872629e+03
4.113687674504448296e+03
4.001541771051066007e+03
4.298627826725403793e+03
4.298627826725403793e+03
4.298627826725403793e+03
4.298627826725403793e+03
4.172120650728411420e+03
4.035877432199404211e+03
4.005842466247645461e+03
4.005842466247645461e+03
4.101506148969889182e+03
4.123303273642975910e+03
4.145100398316062638e+03
4.373036137874527412e+03
4.496668436853614367e+03
4.508356695904196386e+03
4.508356695904196386e+03
4.425599861944397162e+03
4.425599861944397162e+03
4.425599861944397162e+03
4.425599861944397162e+03
4.341703978906495649e+03
4.316916319829948407e+03
4.341703978906495649e+03
4.368768132416552362e+03
4.368768132416552362e+03
4.368768132416552362e+03
4.247223402239244933e+03
4.227265935435098982e+03
4.195459245058374108e+03
4.111168653286149492e+03
4.024594336693717196e+03
4.024594336693717196e+03
4.024594336693717196e+03
4.098497644404198581e+03
4.098497644404198581e+03
3.927304121608702189e+03
3.927304121608702189e+03
3.780742119116810954e+03
3.837103254804336757e+03
3.893464390491863014e+03
3.780742119116810954e+03
3.740109584191684917e+03
3.740109584191684917e+03
3.753556084772326813e+03
3.753556084772326813e+03
3.704581834408622854e+03
3.655607584044918440e+03
3.464226831157868219e+03
3.395417777513189776e+03
3.389710280902329032e+03
3.285039640848150157e+03
3.285039640848150157e+03
3.336531057168682310e+03
3.388022473489214008e+03
3.429902314289171045e+03
3.476343296074091541e+03
3.429902314289171045e+03
3.259578204898341937e+03
3.147496458361021723e+03
3.147496458361021723e+03
3.147496458361021723e+03
3.090831536345237964e+03
3.090831536345237964e+03
3.119008158573252786e+03
3.186234303855600047e+03
3.186234303855600047e+03
3.064943965829479112e+03
2.943653627803358177e+03
2.872286145652620689e+03
2.872286145652620689e+03
2.872286145652620689e+03
3.093142758658880666e+03
3.093142758658880666e+03
3.028205899273984869e+03
2.963269039889088617e+03
2.809853748922160321e+03
2.778047180972362185e+03
2.757659302684528029e+03
2.778047180972362185e+03
2.864843781643190141e+03
2.864843781643190141e+03
2.864843781643190141e+03
2.805074268453815421e+03
2.709086017746461039e+03
2.680342806766546346e+03
2.680342806766546346e+03
2.680342806766546346e+03
2.733943392221870454e+03
2.787543977677194562e+03
2.787543977677194562e+03
2.787543977677194562e+03
2.853784798683961071e+03
2.853784798683961071e+03
3.202469889785790656e+03
3.211965694589915984e+03
3.221461499394041766e+03
3.221461499394041766e+03
3.231839161768322811e+03
3.081967544034516777e+03
3.577561005158094304e+03
3.535208336867525759e+03
3.695132196577398645e+03
3.855056056287271076e+03
3.535208336867525759e+03
3.855056056287271076e+03
3.610783357596565111e+03
3.969470679788246798e+03
4.513635792705779750e+03
4.513635792705779750e+03
4.513635792705779750e+03
4.238970044923840760e+03
4.067052067281873406e+03
4.238970044923840760e+03
4.817221374077653309e+03
4.955150320009733150e+03
4.955150320009733150e+03
4.955150320009733150e+03
4.784737566984742443e+03
4.600818552903431737e+03
4.600818552903431737e+03
5.437954995966878414e+03
5.437954995966878414e+03
5.410158365161562870e+03
5.382361734356247325e+03
5.233711980231360030e+03
4.810814681674771236e+03
4.088312494664688074e+03
4.088312494664688074e+03
4.768801132595121999e+03
5.046883927842238336e+03
5.324966723089355582e+03
5.072470398080441555e+03
5.324966723089355582e+03
5.628671525358519830e+03
5.784960272476213504e+03
5.852393208699987554e+03
5.852393208699987554e+03
5.852393208699987554e+03
5.828958528190441029e+03
5.588211156217516873e+03
5.572014362504490236e+03
5.493974146272519647e+03
5.443989730138539926e+03
5.391577541298345750e+03
5.339165352458150664e+03
5.299890625308572453e+03
5.261031348611159956e+03
5.208347165896231672e+03
5.057309312537400729e+03
5.159119163724951250e+03
5.075882711731864219e+03
4.992646259738777189e+03
4.651541002026568094e+03
4.517203785082740978e+03
4.299111687028232154e+03
3.971014051708295028e+03
4.299111687028232154e+03
4.239037593483792989e+03
4.178963499939353824e+03
4.178963499939353824e+03
4.178963499939353824e+03
4.271443373699187759e+03
4.271443373699187759e+03
4.049823973171670787e+03
3.960248422323864361e+03
3.870672871476057935e+03
3.870672871476057935e+03
3.870672871476057935e+03
3.956134084445713142e+03
3.956134084445713142e+03
3.874606347373376138e+03
3.845571107262215264e+03
3.816535867151053935e+03
3.673994132160794834e+03
3.673994132160794834e+03
3.673994132160794834e+03
4.024839350548780658e+03
4.024839350548780658e+03
3.851271456608755216e+03
3.677703562668729774e+03
3.498272047359026601e+03
3.335252796154846237e+03
3.335252796154846237e+03
3.501581480239261055e+03
3.501581480239261055e+03
3.501581480239261055e+03
3.501581480239261055e+03
3.458670986978908786e+03
3.476421055309308940e+03
3.373565394844248658e+03
3.362386327451333273e+03
3.332244400652998138e+03
3.362386327451333273e+03
3.361505774222448053e+03
3.361505774222448053e+03
3.321193803881099484e+03
3.303103958334940216e+03
3.267713937182980317e+03
3.252737963551462144e+03
3.267713937182980317e+03
3.526546332066153809e+03
3.706689356894426055e+03
3.706689356894426055e+03
3.656127224809537438e+03
3.656127224809537438e+03
3.656127224809537438e+03
3.439876240182407855e+03
3.439876240182407855e+03
3.232790810480400523e+03
2.850771906909846621e+03
2.841773264455142453e+03
2.806175388601372106e+03
2.806175388601372106e+03
3.057134094259372432e+03
3.308092799917372759e+03
3.308092799917372759e+03
3.260179587961876223e+03
3.127665589882872155e+03
3.069382867594573781e+03
3.069382867594573781e+03
3.139693047592783387e+03
3.210003227590992992e+03
3.214717133564759024e+03
3.214717133564759024e+03
3.268090059895425838e+03
3.467236948132847829e+03
3.641122803752729851e+03
3.734421274967923637e+03
3.827719746183117877e+03
3.862874526261448864e+03
3.862874526261448864e+03
3.862874526261448864e+03
3.807484766571456021e+03
3.827158623458065904e+03
3.827158623458065904e+03
3.827158623458065904e+03
3.827158623458065904e+03
3.855014188561711308e+03
3.790822224718443977e+03
3.855014188561711308e+03
4.013536713592915930e+03
4.068323927939522036e+03
4.123111142286127688e+03
4.123111142286127688e+03
4.030853268912401745e+03
4.030853268912401745e+03
4.288016634458846056e+03
4.288016634458846056e+03
4.329537273167090461e+03
4.371057911875334867e+03
4.481333143492205636e+03
4.598437377292815654e+03
4.692631942893419364e+03
4.851807744033398194e+03
5.256702826091288443e+03
5.257726565449429472e+03
5.258750304807569592e+03
5.408794947405095627e+03
5.611597379535422078e+03
5.611597379535422078e+03
5.703849690029893281e+03
5.268031561763333229e+03
5.354974551085242638e+03
5.441917540407151137e+03
5.441917540407151137e+03
5.471315309519004586e+03
5.471315309519004586e+03
5.908552578170544621e+03
5.449514459914684267e+03
5.615409866510110987e+03
5.781305273105537708e+03
5.449514459914684267e+03
5.781305273105537708e+03
5.623045167751934059e+03
5.623045167751934059e+03
5.471966609194249941e+03
5.434745584239452000e+03
5.397524559284654970e+03
5.339045495127045797e+03
5.397524559284654970e+03
5.363444166434423096e+03
5.437064818203745745e+03
5.363444166434423096e+03
5.191698191741141272e+03
5.019952217047859449e+03
5.019952217047859449e+03
5.119600697919794584e+03
5.119600697919794584e+03
5.119600697919794584e+03
4.794574446647754485e+03
4.794574446647754485e+03
4.794574446647754485e+03
4.643147491212042041e+03
4.643147491212042041e+03
4.730447992746304408e+03
4.978619808035437927e+03
4.978619808035437927e+03
4.863551909022038672e+03
4.748484010008639416e+03
4.748484010008639416e+03
4.833718329675729365e+03
4.833718329675729365e+03
4.925138670318410732e+03
5.498545022260727819e+03
5.498545022260727819e+03
5.498545022260727819e+03
5.498545022260727819e+03
5.641876067370322744e+03
6.044218931196016456e+03
6.363865443458060327e+03
6.457986738491791584e+03
6.457986738491791584e+03
6.457986738491791584e+03
4.932562500000000000e+03
4.657851970372445066e+03
4.932562500000000000e+03
5.321555106500097281e+03
6.301333209186160275e+03
6.301333209186160275e+03
6.301333209186160275e+03
6.475635410842422971e+03
6.499982639025451135e+03
6.581654350236602113e+03
6.581654350236602113e+03
6.581654350236602113e+03
6.784331369160649047e+03
6.697703374384846029e+03
6.784331369160649047e+03
7.898245342018576594e+03
7.898245342018576594e+03
7.898245342018576594e+03
7.040118827954405788e+03
7.695631976417914302e+03
7.174347963996381623e+03
7.695631976417914302e+03
8.057638365922553930e+03
8.091267154491664769e+03
8.057638365922553930e+03
8.057638365922553930e+03
6.398365191817446430e+03
6.398365191817446430e+03
5.699705120881899347e+03
6.398365191817446430e+03
5.699705120881899347e+03
7.284146903468449636e+03
7.294110676879567109e+03
7.294110676879567109e+03
7.294110676879567109e+03
6.951873489079937826e+03
6.583424623659827375e+03
6.583424623659827375e+03
6.925059419500697004e+03
6.925059419500697004e+03
6.909532437159915389e+03
6.894005454819133774e+03
6.806527240520094892e+03
6.610044919691362338e+03
6.195344831442604118e+03
6.610044919691362338e+03
6.195344831442604118e+03
6.147177384137791705e+03
6.099009936832979292e+03
6.070688259605217354e+03
6.070688259605217354e+03
5.867129478409186959e+03
5.867129478409186959e+03
5.867129478409186959e+03
5.872967348831212803e+03
5.878805219253237738e+03
5.682327735936471981e+03
5.682327735936471981e+03
5.682327735936471981e+03
5.535563145557655844e+03
5.535563145557655844e+03
5.321004203083064567e+03
5.106445260608473291e+03
5.037348168973659995e+03
4.666457721395920089e+03
4.666457721395920089e+03
4.479968463410957156e+03
4.387262709831929897e+03
4.387262709831929897e+03
4.387262709831929897e+03
4.448078628180039232e+03
4.448078628180039232e+03
3.988158051665721814e+03
3.877653062593588857e+03
3.856160140059132573e+03
3.856160140059132573e+03
3.856160140059132573e+03
3.800150689343516660e+03
3.800150689343516660e+03
3.800150689343516660e+03
3.908964640364161824e+03
3.908964640364161824e+03
3.891937309004153576e+03
3.874909977644144874e+03
3.874909977644144874e+03
3.874909977644144874e+03
4.193207889912287101e+03
4.241673578324919617e+03
4.383130922935883973e+03
4.383130922935883973e+03
4.383130922935883973e+03
4.383130922935883973e+03
4.099630634243354507e+03
4.096208484191426578e+03
4.096208484191426578e+03
4.096208484191426578e+03
3.995675152346258983e+03
3.895141820501091843e+03
3.895141820501091843e+03
4.185846836510409048e+03
4.506024049415012996e+03
4.506024049415012996e+03
4.159994974839768474e+03
4.159994974839768474e+03
4.159994974839768474e+03
4.452538128492507894e+03
4.452538128492507894e+03
4.395169941819682208e+03
4.139289766329459781e+03
4.139289766329459781e+03
4.048041555699124729e+03
3.956793345068789222e+03
3.956793345068789222e+03
3.999879146125831994e+03
4.146464442299588882e+03
4.146464442299588882e+03
4.034682762630516208e+03
4.034682762630516208e+03
4.034682762630516208e+03
3.918098547240594144e+03
4.104721665620551903e+03
4.084488174910045018e+03
4.178745546641953297e+03
4.084488174910045018e+03
3.996417537561846984e+03
3.908346900213649405e+03
3.908346900213649405e+03
4.165904425268471641e+03
4.165904425268471641e+03
4.220071796665487454e+03
3.543432028601270758e+03
3.544129137240428463e+03
3.544826245879585713e+03
3.544826245879585713e+03
3.773566489270784587e+03
3.926378427508715049e+03
3.969699527352218865e+03
3.926378427508715049e+03
3.948038977430466730e+03
3.969699527352218865e+03
4.083291162397127209e+03
4.115444572184950630e+03
4.121692092532106471e+03
4.121692092532106471e+03
4.100513744275275712e+03
4.100513744275275712e+03
4.100513744275275712e+03
4.294726048822945813e+03
4.294726048822945813e+03
4.158110319063544921e+03
4.158110319063544921e+03
4.122715990997806330e+03
4.162046131669283568e+03
4.201376272340759897e+03
4.332674814716600849e+03
4.332674814716600849e+03
4.332674814716600849e+03
4.553885393206012850e+03
4.553885393206012850e+03
4.553885393206012850e+03
4.553885393206012850e+03
4.902067146599119042e+03
5.137412256539255395e+03
5.137412256539255395e+03
5.768336675828579246e+03
5.768336675828579246e+03
5.417384502630457064e+03
5.066432329432334882e+03
5.066432329432334882e+03
5.620431190839443843e+03
6.088194035177143633e+03
6.469535649205935442e+03
6.469535649205935442e+03
6.469535649205935442e+03
6.469535649205935442e+03
6.392850905892452829e+03
6.930953182636230849e+03
6.394814174646007814e+03
6.979011001029188265e+03
6.979011001029188265e+03
6.979011001029188265e+03
6.979011001029188265e+03
7.283504194909295620e+03
7.283504194909295620e+03
7.574372020010151573e+03
7.954421500328249749e+03
7.954421500328249749e+03
7.897649913558539993e+03
7.840878326788831146e+03
7.768014278109229963e+03
7.768014278109229963e+03
7.762494150536183042e+03
7.612667672277644670e+03
7.601197946427751049e+03
7.606932809352698314e+03
7.612667672277644670e+03
7.601197946427751049e+03
7.438260426844772155e+03
7.195735253570892382e+03
7.039189601491600115e+03
6.344610325703636590e+03
6.276790944976339233e+03
6.208971564249042785e+03
5.973687088031582789e+03
5.748984992495401457e+03
5.474013524925459024e+03
5.402609276026041698e+03
5.402609276026041698e+03
5.396756623323759413e+03
5.390903970621477129e+03
5.409117052277948460e+03
5.545909223694280627e+03
5.717219693390817156e+03
5.717219693390817156e+03
5.650930773900896384e+03
5.365178092139521141e+03
5.079425410378145898e+03
5.014836466514215317e+03
4.871898112062021028e+03
4.871898112062021028e+03
5.182567289625932062e+03
5.297217182109857276e+03
5.239892235867894669e+03
5.182567289625932062e+03
5.077799788167460974e+03
4.652240973878054319e+03
4.666082237954967241e+03
4.666082237954967241e+03
4.944212603876009780e+03
4.944212603876009780e+03
4.944212603876009780e+03
4.828977622397404048e+03
4.796241549804196438e+03
4.828977622397404048e+03
4.911569463000164433e+03
4.911569463000164433e+03
4.850955387203278406e+03
4.790341311406392379e+03
4.669335655270933785e+03
4.669335655270933785e+03
4.802021468482740602e+03
5.239822479473644307e+03
5.239822479473644307e+03
5.129588318627407716e+03
5.019354157781172034e+03
4.976936043795803016e+03
4.976936043795803016e+03
5.213428376090309030e+03
5.304543707148249268e+03
5.442646054736526821e+03
5.442646054736526821e+03
5.442646054736526821e+03
5.442646054736526821e+03
5.213734649083226032e+03
5.060016547770518628e+03
4.940449736925147590e+03
4.940449736925147590e+03
4.830247980905263830e+03
4.720046224885379161e+03
4.716186925987845825e+03
4.716186925987845825e+03
4.828310326649781928e+03
4.905490482576231443e+03
4.905490482576231443e+03
5.243734813673546341e+03
5.427678956629373715e+03
5.553046853194661708e+03
5.557227004477576884e+03
5.557227004477576884e+03
5.618740451041268898e+03
5.618740451041268898e+03
5.618740451041268898e+03
5.829285422437605121e+03
5.829285422437605121e+03
5.707131578411797818e+03
5.707131578411797818e+03
5.707131578411797818e+03
5.707131578411797818e+03
5.743180679649740341e+03
5.779229780887682864e+03
5.779229780887682864e+03
5.659734748149439838e+03
5.469375692854522640e+03
5.054870407821969820e+03
5.040652017639731639e+03
5.040652017639731639e+03
5.040652017639731639e+03
5.159101169628489515e+03
5.159101169628489515e+03
5.158406365475060738e+03
5.158406365475060738e+03
4.909281307419154473e+03
5.043263628211931064e+03
5.177245949004707654e+03
5.161393532568525188e+03
5.223005643861333738e+03
5.161393532568525188e+03
5.348074142774741631e+03
5.663941175909130834e+03
5.744235219848314955e+03
5.824529263787499985e+03
5.824529263787499985e+03
5.834107624293090339e+03
6.007523579284157677e+03
6.034585797203484617e+03
6.034585797203484617e+03
6.157984856631969706e+03
6.281383916060454794e+03
6.352267629303100875e+03
6.405312820937956531e+03
6.405312820937956531e+03
6.812190933723934904e+03
6.351426395846702690e+03
6.485990068989609426e+03
6.620553742132517073e+03
6.524805573406430995e+03
6.572937144999515112e+03
6.524805573406430995e+03
6.572937144999515112e+03
6.577266645340324430e+03
6.622629787402028342e+03
6.667992929463732253e+03
6.667992929463732253e+03
7.114128051775887798e+03
7.159907597053113932e+03
7.165744862480375559e+03
7.168666972709011134e+03
7.168666972709011134e+03
7.168666972709011134e+03
7.168666972709011134e+03
7.594310770214985496e+03
7.744378804954372754e+03
7.594310770214985496e+03
7.612873064817747945e+03
7.577449811832204432e+03
7.542026558846661828e+03
7.566150599755921576e+03
7.542026558846661828e+03
7.018139127336165075e+03
7.018139127336165075e+03
7.022859219583304366e+03
7.022859219583304366e+03
7.022859219583304366e+03
7.022859219583304366e+03
6.696072277556769222e+03
6.673321789812470342e+03
6.673321789812470342e+03
7.300236340295643458e+03
7.300236340295643458e+03
7.300236340295643458e+03
7.089371216045085930e+03
7.089371216045085930e+03
7.089371216045085930e+03
7.232905908320400158e+03
7.295921384381715143e+03
7.316417178003326626e+03
7.336912971624938109e+03
7.798416234697541768e+03
7.866655240868184592e+03
7.866655240868184592e+03
7.890816069496420823e+03
8.369253013895609911e+03
8.369253013895609911e+03
8.369253013895609911e+03
8.134479608614024073e+03
8.134479608614024073e+03
8.428607443854643861e+03
