7.991999999999999318e+02
7.991999999999999318e+02
7.991999999999999318e+02
7.991999999999999318e+02
7.991999999999999318e+02
7.991999999999999318e+02
2.997000000000000000e+03
2.997000000000000000e+03
2.997000000000000000e+03
2.997000000000000000e+03
4.935059999999999491e+03
6.873119999999999891e+03
2.687309999999999945e+03
2.687309999999999945e+03
2.683028571428571468e+03
2.683028571428571468e+03
2.355256129032257832e+03
2.355256129032257832e+03
2.597400000000000091e+03
2.978641064638783064e+03
2.978641064638783064e+03
2.978641064638783064e+03
2.978641064638783064e+03
2.978641064638783064e+03
2.978641064638783064e+03
2.978641064638783064e+03
2.978641064638783064e+03
2.978641064638783064e+03
2.978641064638783064e+03
2.978641064638783064e+03
2.978641064638783064e+03
2.978641064638783064e+03
2.978641064638783064e+03
2.978641064638783064e+03
2.978641064638783064e+03
2.897099999999999909e+03
2.897099999999999909e+03
2.897099999999999909e+03
2.897099999999999909e+03
2.897099999999999909e+03
2.897099999999999909e+03
2.897099999999999909e+03
2.824925000000000182e+03
2.752750000000000000e+03
2.752750000000000000e+03
2.752750000000000000e+03
2.797199999999999818e+03
2.983516666666666424e+03
3.169833333333333030e+03
3.169833333333333030e+03
3.169833333333333030e+03
2.317375265251989276e+03
2.317375265251989276e+03
2.997000000000000000e+03
2.997000000000000000e+03
2.997000000000000000e+03
2.997000000000000000e+03
2.997000000000000000e+03
2.759177083333333030e+03
2.173793541666666442e+03
1.588410000000000082e+03
1.588410000000000082e+03
4.249012209302325573e+03
5.870756104651162786e+03
7.492500000000000000e+03
7.492500000000000000e+03
9.990000000000000000e+02
9.990000000000000000e+02
9.990000000000000000e+02
9.990000000000000000e+02
9.990000000000000000e+02
2.852849999999999909e+03
2.852849999999999909e+03
3.696300000000000182e+03
3.696300000000000182e+03
1.564110465116279101e+03
1.564110465116279101e+03
2.782483803986710882e+03
4.000857142857143117e+03
4.000857142857143117e+03
4.000857142857143117e+03
3.516556521739130403e+03
1.067113636363636488e+03
1.067113636363636488e+03
2.300677785923753618e+03
3.534241935483870748e+03
3.534241935483870748e+03
3.534241935483870748e+03
3.534241935483870748e+03
3.321675000000000182e+03
3.485533333333332848e+03
3.485533333333332848e+03
3.485533333333332848e+03
3.485533333333332848e+03
3.485533333333332848e+03
5.755750000000000000e+03
3.276719999999999800e+03
3.067011486486486774e+03
2.645179427453769677e+03
2.223347368421052579e+03
2.645179427453769677e+03
3.067011486486486774e+03
1.415051312649164629e+03
2.124702439024390515e+03
2.124702439024390515e+03
2.463751219512195348e+03
2.802800000000000182e+03
1.795612881355932404e+04
1.795612881355932404e+04
1.795612881355932404e+04
3.503500000000000000e+04
1.487846666666666715e+04
1.555213142250530836e+04
1.622579617834394958e+04
1.622579617834394958e+04
1.968996774193548481e+04
2.245943925233644768e+04
2.245943925233644768e+04
1.938568421052632038e+04
1.618852575306190192e+04
1.299136729559748346e+04
1.938568421052632038e+04
2.002048554913294720e+04
2.002048554913294720e+04
2.002048554913294720e+04
1.827449122807017557e+04
1.762279907424269913e+04
1.697110692041522634e+04
1.697110692041522634e+04
1.706922300469483525e+04
1.706922300469483525e+04
1.706922300469483525e+04
1.706922300469483525e+04
1.546852148452210531e+04
1.386781996434937537e+04
1.591186168741355687e+04
1.386781996434937537e+04
1.311551285266457671e+04
1.311551285266457671e+04
1.311551285266457671e+04
1.214293430179016286e+04
1.117035575091575083e+04
1.007722045387562866e+04
1.007722045387562866e+04
1.014533050175029166e+04
1.021509221464020084e+04
1.021509221464020084e+04
1.038792672830511219e+04
1.056076124197002173e+04
1.014345427067082710e+04
9.524960646757375798e+03
8.255378787481995460e+03
8.161938654287713689e+03
5.353001188061430184e+03
5.349519563632971767e+03
5.346037939204514259e+03
4.851589245715392281e+03
4.851589245715392281e+03
4.483604003395028485e+03
4.265213090359476155e+03
3.993574964220500078e+03
3.680049178148036845e+03
3.366523392075573156e+03
3.235936927401220146e+03
3.009656888741368221e+03
3.009656888741368221e+03
3.009656888741368221e+03
2.912913574136989610e+03
2.907954696213774696e+03
2.902995818290559782e+03
2.902995818290559782e+03
3.012640539644396085e+03
3.293559777892905004e+03
3.564686664875684073e+03
3.564686664875684073e+03
3.540051065817066956e+03
3.515415466758449838e+03
3.119765788892802448e+03
2.907155611049865001e+03
2.907155611049865001e+03
2.875828804213981584e+03
2.487972313478093383e+03
2.319497059205926689e+03
2.151021804933759995e+03
2.037442467310443135e+03
2.037442467310443135e+03
2.086511894261936050e+03
2.152579780182908962e+03
2.131179852998202477e+03
2.131179852998202477e+03
2.131179852998202477e+03
2.100284660706672639e+03
2.100284660706672639e+03
2.293165070634250696e+03
2.423426911333962835e+03
2.511200170205975155e+03
2.511200170205975155e+03
2.511200170205975155e+03
2.373222197075424447e+03
2.373222197075424447e+03
2.451043146615314981e+03
2.562419444365353684e+03
2.600335638799605022e+03
2.600335638799605022e+03
2.600335638799605022e+03
2.347109238099620143e+03
2.273982027563422889e+03
2.187004453278293113e+03
2.116693300474029002e+03
2.081188230547596504e+03
2.069947050771950671e+03
2.058705870996304384e+03
2.081188230547596504e+03
2.236290107868817813e+03
2.281770863606668172e+03
2.281770863606668172e+03
2.205701203037309369e+03
2.205701203037309369e+03
2.205701203037309369e+03
2.218337746490954942e+03
2.441034967345545738e+03
2.719314945118013384e+03
2.815496440255839843e+03
2.815496440255839843e+03
2.655498690285980956e+03
2.495500940316122069e+03
2.418421504609236308e+03
2.408078843357845017e+03
2.338773126126635816e+03
2.320344313606127798e+03
2.280518520829816225e+03
2.247906733597806124e+03
2.215294946365796022e+03
2.197603688810059793e+03
2.190861858630963070e+03
2.190861858630963070e+03
2.351729661873077021e+03
2.592691768722776033e+03
2.592691768722776033e+03
2.592691768722776033e+03
2.627009551788692079e+03
2.654251966174830159e+03
2.695442143900498195e+03
2.828311187819886982e+03
2.985236550228677061e+03
2.985236550228677061e+03
2.985236550228677061e+03
2.901817639379247794e+03
2.901817639379247794e+03
2.904684896756567923e+03
2.995926821673870108e+03
3.054594127513750664e+03
3.054682233275231283e+03
3.054770339036711903e+03
3.063706133666627920e+03
3.063706133666627920e+03
2.905329677097105105e+03
2.834008712134963389e+03
2.834008712134963389e+03
2.786991006656901845e+03
2.739973301178840302e+03
2.665824752285134764e+03
2.504732132007739892e+03
2.501774074966330772e+03
2.478221961200029000e+03
2.426590040018656055e+03
2.426590040018656055e+03
2.524956399474608133e+03
2.524956399474608133e+03
2.406715268936083248e+03
2.406715268936083248e+03
2.782563253924462515e+03
2.782563253924462515e+03
2.940439019288773125e+03
3.333284462920785700e+03
3.612801813284992932e+03
3.612801813284992932e+03
3.612801813284992932e+03
3.612801813284992932e+03
3.612801813284992932e+03
3.465644786692667822e+03
3.318487760100342712e+03
3.009864929923087857e+03
2.990264521383798183e+03
2.970703280764104875e+03
2.739752450054266319e+03
2.721574103857566570e+03
2.721574103857566570e+03
2.721574103857566570e+03
2.669285707210075543e+03
2.812722703104114316e+03
2.686066430612498607e+03
2.746850528025995118e+03
2.746850528025995118e+03
2.746850528025995118e+03
2.746850528025995118e+03
2.432375720297830867e+03
2.432375720297830867e+03
2.461928495575221405e+03
2.461928495575221405e+03
1.906299339622641583e+03
1.906299339622641583e+03
1.906299339622641583e+03
1.451450000000000045e+03
1.451450000000000045e+03
6.531195876288659292e+02
6.531195876288659292e+02
1.227893333333333430e+03
1.227893333333333430e+03
1.227893333333333430e+03
1.227893333333333430e+03
1.227893333333333430e+03
5.594400000000000546e+02
5.594400000000000546e+02
5.594400000000000546e+02
5.594400000000000546e+02
5.594400000000000546e+02
5.594400000000000546e+02
2.490261666666666315e+03
4.421083333333333030e+03
4.421083333333333030e+03
4.421083333333333030e+03
4.421083333333333030e+03
4.421083333333333030e+03
4.421083333333333030e+03
4.421083333333333030e+03
4.421083333333333030e+03
4.421083333333333030e+03
4.421083333333333030e+03
4.421083333333333030e+03
4.421083333333333030e+03
2.597400000000000091e+03
2.597400000000000091e+03
2.597400000000000091e+03
2.297699999999999818e+03
1.998000000000000000e+03
1.998000000000000000e+03
1.498248679245283029e+03
1.498248679245283029e+03
1.498248679245283029e+03
1.498248679245283029e+03
1.498248679245283029e+03
1.498248679245283029e+03
1.498248679245283029e+03
2.360137499999999818e+03
2.360137499999999818e+03
2.360137499999999818e+03
2.360137499999999818e+03
2.360137499999999818e+03
2.360137499999999818e+03
2.360137499999999818e+03
2.360137499999999818e+03
2.360137499999999818e+03
2.360137499999999818e+03
2.360137499999999818e+03
2.360137499999999818e+03
2.360137499999999818e+03
2.360137499999999818e+03
2.360137499999999818e+03
2.360137499999999818e+03
2.497500000000000000e+03
2.497500000000000000e+03
2.497500000000000000e+03
2.497500000000000000e+03
2.497500000000000000e+03
2.497500000000000000e+03
2.497500000000000000e+03
2.497500000000000000e+03
2.497500000000000000e+03
2.497500000000000000e+03
2.497500000000000000e+03
2.497500000000000000e+03
2.427425000000000182e+03
2.427425000000000182e+03
2.427425000000000182e+03
2.427425000000000182e+03
2.802800000000000182e+03
2.802800000000000182e+03
2.802800000000000182e+03
2.802800000000000182e+03
2.802800000000000182e+03
2.548938888888888869e+03
2.548938888888888869e+03
2.548938888888888869e+03
2.497500000000000000e+03
2.747250000000000000e+03
2.997000000000000000e+03
2.788118181818181711e+03
2.997000000000000000e+03
3.390390625000000000e+03
3.783781250000000000e+03
3.783781250000000000e+03
3.563560625000000073e+03
3.343340000000000146e+03
3.343340000000000146e+03
3.343340000000000146e+03
2.797199999999999818e+03
2.797199999999999818e+03
2.797199999999999818e+03
2.797199999999999818e+03
2.797199999999999818e+03
2.797199999999999818e+03
2.797199999999999818e+03
3.343340000000000146e+03
3.343340000000000146e+03
3.343340000000000146e+03
3.343340000000000146e+03
3.343340000000000146e+03
3.796199999999999818e+03
4.004000000000000000e+03
4.104100000000000364e+03
4.104100000000000364e+03
4.104100000000000364e+03
4.004000000000000000e+03
4.004000000000000000e+03
4.104100000000000364e+03
3.707400000000000091e+03
2.857140000000000327e+03
2.857140000000000327e+03
2.857140000000000327e+03
4.596724137931034420e+03
4.596724137931034420e+03
4.596724137931034420e+03
4.200262068965517756e+03
3.803800000000000182e+03
3.503500000000000000e+03
3.503500000000000000e+03
3.603599999999999909e+03
3.703699999999999818e+03
4.604600000000000364e+03
3.703699999999999818e+03
3.703699999999999818e+03
2.131378922815945771e+03
2.131378922815945771e+03
2.038408509027020500e+03
1.945438095238095229e+03
2.038408509027020500e+03
2.131378922815945771e+03
2.038408509027020500e+03
1.945438095238095229e+03
1.666988235294117658e+03
1.666988235294117658e+03
1.666988235294117658e+03
3.096900000000000091e+03
3.803800000000000182e+03
3.146000000000000000e+03
3.146000000000000000e+03
3.146000000000000000e+03
3.321250000000000000e+03
3.496500000000000000e+03
5.079619999999999891e+03
5.319392727272726916e+03
5.319392727272726916e+03
5.319392727272726916e+03
3.096900000000000091e+03
3.096900000000000091e+03
3.096900000000000091e+03
3.796199999999999818e+03
4.126571428571428442e+03
4.126571428571428442e+03
4.126571428571428442e+03
5.072097560975609667e+03
5.533048780487804834e+03
5.994000000000000000e+03
5.994000000000000000e+03
5.994000000000000000e+03
5.571380769230769147e+03
5.148761538461539203e+03
5.148761538461539203e+03
5.506940028490029363e+03
5.865118518518518613e+03
1.162453703703703650e+04
5.865118518518518613e+03
1.162453703703703650e+04
1.085163750000000073e+04
1.085163750000000073e+04
1.085163750000000073e+04
1.085163750000000073e+04
6.293699999999999818e+03
6.760080978260869415e+03
6.760080978260869415e+03
1.301300000000000000e+04
2.001706666666666570e+04
2.001706666666666570e+04
2.001706666666666570e+04
2.001706666666666570e+04
2.001706666666666570e+04
2.001706666666666570e+04
2.331177175141243060e+04
2.331177175141243060e+04
2.289187954659228853e+04
2.247198734177215010e+04
1.581570833333333394e+04
1.898641533073929895e+04
1.581570833333333394e+04
1.085691228070175384e+04
1.085691228070175384e+04
1.147445405266820489e+04
1.209199582463465595e+04
1.337317709401709362e+04
1.209199582463465595e+04
1.143003829745596886e+04
1.143003829745596886e+04
1.147761946902654927e+04
1.147761946902654927e+04
1.147761946902654927e+04
1.147761946902654927e+04
1.171503409090909008e+04
1.171503409090909008e+04
1.176990308039068441e+04
1.163296161616161589e+04
1.101109633631395991e+04
1.038923105646630211e+04
9.025453824701195117e+03
8.729433713850838103e+03
7.565630464763481541e+03
7.565630464763481541e+03
7.565630464763481541e+03
7.081321663442822683e+03
6.597012862122164734e+03
5.920192487479131159e+03
5.791702097085405512e+03
5.222891546424932130e+03
5.081769993425195935e+03
4.924822252275923347e+03
4.742843245451729672e+03
4.560864238627536906e+03
4.445238325303930651e+03
4.119617126096740321e+03
3.982507111819729744e+03
3.785280397976037875e+03
3.470941679385176030e+03
3.362416551453399734e+03
3.253891423521622983e+03
3.226999077891230172e+03
3.226999077891230172e+03
3.256409737409534955e+03
3.268837667465314098e+03
3.268837667465314098e+03
3.122755109183075092e+03
2.976672550900836086e+03
2.976672550900836086e+03
2.982760506454964798e+03
3.305111008197541651e+03
3.305111008197541651e+03
2.714545272295869381e+03
2.566586720831581715e+03
2.418628169367294049e+03
2.358456203256066146e+03
2.358456203256066146e+03
2.401570080187912026e+03
2.401570080187912026e+03
2.395910538198223549e+03
2.317088027621519814e+03
2.238265517044816079e+03
2.238265517044816079e+03
2.196740621073253806e+03
2.345151930690192785e+03
2.380036369921588175e+03
2.545754082635839950e+03
2.545754082635839950e+03
2.545754082635839950e+03
2.399256092525330587e+03
2.391971023756060276e+03
2.391971023756060276e+03
2.471582319474618998e+03
2.541800410940939400e+03
2.541800410940939400e+03
2.541800410940939400e+03
2.354137967042352102e+03
2.354137967042352102e+03
2.463072628807498859e+03
2.634773121947252548e+03
2.634773121947252548e+03
2.565927877319992604e+03
2.497082632692732659e+03
2.438145481994010424e+03
2.438145481994010424e+03
2.678241579675512185e+03
3.073110187034884348e+03
3.073110187034884348e+03
3.037659918459815344e+03
3.002209649884746796e+03
3.002209649884746796e+03
3.419517012634893035e+03
3.556189988839149009e+03
3.732010810017660788e+03
3.732010810017660788e+03
3.715464818009759256e+03
3.698918826001858179e+03
3.563527425818874690e+03
3.563527425818874690e+03
3.610740043290503309e+03
3.610740043290503309e+03
3.610740043290503309e+03
3.401298089377319229e+03
3.401298089377319229e+03
3.066750548703488221e+03
2.890206988398849262e+03
2.890206988398849262e+03
3.384948903019044792e+03
3.420738924681489152e+03
3.420738924681489152e+03
3.420738924681489152e+03
3.303607170108024093e+03
2.937852341512328167e+03
2.877726120532534424e+03
2.877726120532534424e+03
3.315814774456860050e+03
3.324217537133015867e+03
3.332620299809172138e+03
3.332620299809172138e+03
3.629162048044660878e+03
3.643970156335913998e+03
3.793004640100583856e+03
4.008217617243195946e+03
4.071316140123512923e+03
4.134414663003829446e+03
4.134414663003829446e+03
3.928948608426114788e+03
3.726464907084858169e+03
3.468274466336367823e+03
3.454170164347372975e+03
3.461297425699126961e+03
3.243534870638148732e+03
3.243534870638148732e+03
3.108867927356893688e+03
3.108867927356893688e+03
3.134337544100922514e+03
3.134337544100922514e+03
3.210865015274034249e+03
3.210865015274034249e+03
3.210865015274034249e+03
3.278342099381031858e+03
3.278342099381031858e+03
3.278342099381031858e+03
3.222542275596330455e+03
3.160759539896525894e+03
3.098976804196720877e+03
2.907621279456501725e+03
2.847494026469118126e+03
2.741835385118124577e+03
2.716359611829943788e+03
2.716359611829943788e+03
2.847011095428394128e+03
2.977662579026844469e+03
3.037141952618675532e+03
3.107170455040407887e+03
3.037141952618675532e+03
3.012255776854041414e+03
2.962158678312180200e+03
2.962158678312180200e+03
2.962158678312180200e+03
3.641822578305308980e+03
3.654960080840744013e+03
3.641822578305308980e+03
3.780112270512378018e+03
3.882764983129481607e+03
3.901234536709415806e+03
3.919704090289350006e+03
3.919704090289350006e+03
3.683782335403726847e+03
2.593092050209204899e+03
2.593092050209204899e+03
2.593092050209204899e+03
2.249292982508253772e+03
1.905493914807302417e+03
1.905493914807302417e+03
1.717705000000000155e+03
2.095733766233766346e+03
2.095733766233766346e+03
2.095733766233766346e+03
2.151661983116883221e+03
2.207590200000000095e+03
2.047517100000000028e+03
1.887443999999999960e+03
1.887443999999999960e+03
3.044952000000000226e+03
3.044952000000000226e+03
3.044952000000000226e+03
3.044952000000000226e+03
1.288787499999999909e+03
1.288787499999999909e+03
1.288787499999999909e+03
1.288787499999999909e+03
1.288787499999999909e+03
1.288787499999999909e+03
1.548450000000000045e+03
1.548450000000000045e+03
1.548450000000000045e+03
1.548450000000000045e+03
1.548450000000000045e+03
2.802800000000000182e+03
2.802800000000000182e+03
2.802800000000000182e+03
3.246750000000000000e+03
3.246750000000000000e+03
3.303300000000000182e+03
3.603599999999999909e+03
3.603599999999999909e+03
3.603599999999999909e+03
3.603599999999999909e+03
3.303300000000000182e+03
3.303300000000000182e+03
3.303300000000000182e+03
2.850449999999999818e+03
2.397599999999999909e+03
2.335273500000000240e+03
2.272947000000000116e+03
2.272947000000000116e+03
2.272947000000000116e+03
2.272947000000000116e+03
2.272947000000000116e+03
3.203199999999999818e+03
3.203199999999999818e+03
3.203199999999999818e+03
3.203199999999999818e+03
2.987712499999999636e+03
2.772224999999999909e+03
2.048532749999999851e+03
2.048532749999999851e+03
2.048532749999999851e+03
2.048532749999999851e+03
2.377682666666666591e+03
2.377682666666666591e+03
2.377682666666666591e+03
3.596400000000000091e+03
3.596400000000000091e+03
3.726269999999999982e+03
3.856139999999999873e+03
3.856139999999999873e+03
3.596400000000000091e+03
3.596400000000000091e+03
3.818400000000000091e+03
4.040400000000000091e+03
5.301255555555555475e+03
6.562111111111111313e+03
6.562111111111111313e+03
5.762355555555555839e+03
4.962600000000000364e+03
4.962600000000000364e+03
4.962600000000000364e+03
4.962600000000000364e+03
3.503500000000000000e+03
3.503500000000000000e+03
5.005000000000000000e+03
5.005000000000000000e+03
5.005000000000000000e+03
5.005000000000000000e+03
5.005000000000000000e+03
4.630870243902439142e+03
4.630870243902439142e+03
4.630870243902439142e+03
4.630870243902439142e+03
4.713035121951219480e+03
4.795199999999999818e+03
4.795199999999999818e+03
4.795199999999999818e+03
4.795199999999999818e+03
4.795199999999999818e+03
4.795199999999999818e+03
4.795199999999999818e+03
4.795199999999999818e+03
4.812458823529411347e+03
4.812458823529411347e+03
4.812458823529411347e+03
4.812458823529411347e+03
4.812458823529411347e+03
4.812458823529411347e+03
3.396599999999999909e+03
3.396599999999999909e+03
2.852849999999999909e+03
2.852849999999999909e+03
2.852849999999999909e+03
2.852849999999999909e+03
2.852849999999999909e+03
2.852849999999999909e+03
3.296534999999999854e+03
3.740219999999999800e+03
3.740219999999999800e+03
3.296699999999999818e+03
3.296699999999999818e+03
3.496500000000000000e+03
3.603599999999999909e+03
3.635678571428571558e+03
3.667757142857143208e+03
3.667757142857143208e+03
3.696300000000000182e+03
3.696300000000000182e+03
4.504500000000000000e+03
4.504500000000000000e+03
4.544539999999999964e+03
4.584579999999999927e+03
4.477602499999999964e+03
4.370625000000000000e+03
4.370625000000000000e+03
3.803800000000000182e+03
3.803800000000000182e+03
3.828824999999999818e+03
3.853849999999999909e+03
4.120875000000000000e+03
4.120875000000000000e+03
4.120875000000000000e+03
4.404399999999999636e+03
4.404399999999999636e+03
4.404399999999999636e+03
4.404399999999999636e+03
4.404399999999999636e+03
4.404399999999999636e+03
4.404399999999999636e+03
4.404399999999999636e+03
3.653650000000000091e+03
3.653650000000000091e+03
3.653650000000000091e+03
3.653650000000000091e+03
3.653650000000000091e+03
4.420574999999999818e+03
4.420574999999999818e+03
4.420574999999999818e+03
4.420574999999999818e+03
4.420574999999999818e+03
4.420574999999999818e+03
3.896099999999999909e+03
3.896099999999999909e+03
3.896099999999999909e+03
3.896099999999999909e+03
3.896099999999999909e+03
3.896099999999999909e+03
3.896099999999999909e+03
3.896099999999999909e+03
3.896099999999999909e+03
3.896099999999999909e+03
4.004000000000000000e+04
4.004000000000000000e+04
4.004000000000000000e+04
4.004000000000000000e+04
4.004000000000000000e+04
4.004000000000000000e+04
4.004000000000000000e+04
4.004000000000000000e+04
4.004000000000000000e+04
4.004000000000000000e+04
4.004000000000000000e+04
2.847530487804878067e+04
2.781151162790697708e+04
2.781151162790697708e+04
2.781151162790697708e+04
2.781151162790697708e+04
2.781151162790697708e+04
2.997000000000000000e+04
2.997000000000000000e+04
2.990453571428572104e+04
2.828998062310030582e+04
2.667542553191489060e+04
2.366128294139604259e+04
2.064714035087719458e+04
1.648313333333333503e+04
1.203056862745098078e+04
1.203056862745098078e+04
1.203056862745098078e+04
1.406214553472987791e+04
1.288714905579170227e+04
1.171215257685352844e+04
1.171215257685352844e+04
1.171215257685352844e+04
1.112805818709209598e+04
1.112805818709209598e+04
1.112805818709209598e+04
8.411360505290671426e+03
5.694662823489245966e+03
1.044345936367653667e+04
1.016321309941520485e+04
1.029277096219931263e+04
1.029277096219931263e+04
1.029277096219931263e+04
1.038192573704447568e+04
1.047108051188963691e+04
9.992763821138212734e+03
1.047108051188963691e+04
9.839906288551228499e+03
9.014630623402163110e+03
8.933510380503505075e+03
7.977891836097718624e+03
7.022273291691933082e+03
6.672474470320174987e+03
6.607918589233982857e+03
5.902061115952553337e+03
5.902061115952553337e+03
5.902061115952553337e+03
5.360836549934706454e+03
4.819611983916859572e+03
4.812842784153032881e+03
4.060843776649088795e+03
3.966149945354587089e+03
3.966149945354587089e+03
3.523795002552831193e+03
3.402400860328347335e+03
3.281006718103863932e+03
2.993064775987244047e+03
2.944779364579219873e+03
2.836878408970233977e+03
2.778764180932406362e+03
2.778764180932406362e+03
2.789084068024642875e+03
2.799403955116878933e+03
2.799403955116878933e+03
2.880322906024034182e+03
2.909815892812550828e+03
2.909815892812550828e+03
2.643796267098292901e+03
2.621248589588876712e+03
2.598700912079460068e+03
2.314339334769328161e+03
2.313520846637411523e+03
2.292845017436838134e+03
2.292845017436838134e+03
2.307834768188853104e+03
2.307834768188853104e+03
2.307834768188853104e+03
2.170948423935028131e+03
2.170948423935028131e+03
2.229490615598399927e+03
2.460128465452341061e+03
2.460128465452341061e+03
2.388536818383571699e+03
2.316945171314802337e+03
2.084072008360023119e+03
1.984968802177054386e+03
2.084072008360023119e+03
2.073723696758826918e+03
2.273143150339299154e+03
2.173433423549063264e+03
2.073723696758826918e+03
1.922017432973088489e+03
1.679037565820324744e+03
1.679037565820324744e+03
1.815071430371094038e+03
1.824767149600748780e+03
1.824767149600748780e+03
1.824767149600748780e+03
1.760946062887690914e+03
1.760946062887690914e+03
1.784374859169529373e+03
1.793367974223836427e+03
1.793367974223836427e+03
1.792376535688145850e+03
1.791385097152455501e+03
1.791385097152455501e+03
1.832533661812675518e+03
2.240981472750372177e+03
2.251676035171732110e+03
2.240981472750372177e+03
2.202633814391783744e+03
2.164286156033194857e+03
2.164286156033194857e+03
2.215715554302439159e+03
2.377757318828776988e+03
2.812504213355476168e+03
2.812504213355476168e+03
2.810445926567740116e+03
2.808387639780004065e+03
2.622221085576912174e+03
2.600814669000747926e+03
2.622221085576912174e+03
2.761355004013932103e+03
2.837125095691492334e+03
2.799240049852712218e+03
2.761355004013932103e+03
2.837125095691492334e+03
2.869575820419304819e+03
2.904492324420788918e+03
2.909899376627878155e+03
2.904492324420788918e+03
2.909899376627878155e+03
2.831402451334161015e+03
2.831402451334161015e+03
2.821222875591886805e+03
2.614904715351260165e+03
2.601914039515364493e+03
2.601914039515364493e+03
2.763656083862115793e+03
2.928297952271802387e+03
3.096464702449466131e+03
3.375769420371874730e+03
3.375769420371874730e+03
3.375769420371874730e+03
3.375769420371874730e+03
2.993692770031039800e+03
2.993692770031039800e+03
2.689728932977996010e+03
2.615248882948003029e+03
2.503359735894058304e+03
2.452418097072466026e+03
2.452418097072466026e+03
2.603066671312119070e+03
2.753715245551772114e+03
2.753715245551772114e+03
2.540245698301077937e+03
2.353744654179974077e+03
2.273903079523975066e+03
2.273903079523975066e+03
2.294374725829599811e+03
2.314846372135225010e+03
2.336156755701229031e+03
2.336156755701229031e+03
2.503636872394713009e+03
2.632245008342876190e+03
2.815229820059362282e+03
2.815229820059362282e+03
2.815229820059362282e+03
2.678613933058992188e+03
2.678613933058992188e+03
2.739524634655346290e+03
2.756587051469557082e+03
2.870603400079177845e+03
2.870603400079177845e+03
2.870603400079177845e+03
2.927133833961944219e+03
3.123246726194167422e+03
2.939370037994487120e+03
3.100781629751914352e+03
3.100781629751914352e+03
3.138991064618869132e+03
3.177200499485823457e+03
3.200931215638363028e+03
3.303984431365103774e+03
3.303984431365103774e+03
3.303984431365103774e+03
2.773430689655172500e+03
2.773430689655172500e+03
2.773430689655172500e+03
2.773430689655172500e+03
2.749311428571428678e+03
2.749311428571428678e+03
2.655985423728813203e+03
1.941077284263959200e+03
2.298531353996386315e+03
2.655985423728813203e+03
2.595837184115523542e+03
2.595837184115523542e+03
1.790263486238532323e+03
1.790263486238532323e+03
1.790263486238532323e+03
1.798283325040170212e+03
1.806303163841808100e+03
1.154153000000000020e+03
1.671869490022173068e+03
1.671869490022173068e+03
1.671869490022173068e+03
1.671869490022173068e+03
1.671869490022173068e+03
1.671869490022173068e+03
1.981303648648648505e+03
1.270301290322580826e+03
1.981303648648648505e+03
1.451397524071526732e+03
1.514151666666666870e+03
1.514151666666666870e+03
1.514151666666666870e+03
1.606245193798449691e+03
1.698338720930232739e+03
1.901900000000000091e+03
1.698338720930232739e+03
1.901900000000000091e+03
2.029110416666666652e+03
2.156320833333333212e+03
2.156320833333333212e+03
2.626610416666666424e+03
3.096900000000000091e+03
3.096900000000000091e+03
3.096900000000000091e+03
2.344735494880546412e+03
1.592570989761092505e+03
1.592570989761092505e+03
2.300480000000000018e+03
2.300480000000000018e+03
2.300480000000000018e+03
1.672096966824644596e+03
2.155467850500930126e+03
2.638838734177215429e+03
2.155467850500930126e+03
1.672096966824644596e+03
1.963032163967877750e+03
2.253967361111111131e+03
2.253967361111111131e+03
2.253967361111111131e+03
2.253967361111111131e+03
2.253967361111111131e+03
2.402400000000000091e+03
2.402400000000000091e+03
2.402400000000000091e+03
2.288385000000000218e+03
2.288385000000000218e+03
2.288385000000000218e+03
2.288385000000000218e+03
2.288385000000000218e+03
2.288385000000000218e+03
2.288385000000000218e+03
1.440737543859649122e+03
2.221868771929824561e+03
3.003000000000000000e+03
1.998000000000000000e+03
2.902900000000000091e+03
2.902900000000000091e+03
2.902900000000000091e+03
2.902900000000000091e+03
3.102460134408602244e+03
3.302020268817204396e+03
3.302020268817204396e+03
4.229073466135458148e+03
4.229073466135458148e+03
4.198722925851702712e+03
4.078394319999999880e+03
4.198722925851702712e+03
3.994338873994638107e+03
3.994338873994638107e+03
3.139357500000000073e+03
2.679599999999999909e+03
2.679599999999999909e+03
2.679599999999999909e+03
2.730599999999999909e+03
2.730599999999999909e+03
2.730599999999999909e+03
2.730599999999999909e+03
2.730599999999999909e+03
2.730599999999999909e+03
2.730599999999999909e+03
2.766699999999999818e+03
2.802800000000000182e+03
6.468063157894736833e+03
6.420548245614035295e+03
6.373033333333333758e+03
6.373033333333333758e+03
6.373033333333333758e+03
3.996592876344086108e+03
1.620152419354838912e+03
1.620152419354838912e+03
2.211476209677419320e+03
2.802800000000000182e+03
2.802800000000000182e+03
2.802800000000000182e+03
2.869533333333333758e+03
2.936266666666666879e+03
2.502500000000000000e+03
2.597400000000000091e+03
2.597400000000000091e+03
2.597400000000000091e+03
2.597400000000000091e+03
2.347539999999999964e+03
2.097679999999999836e+03
2.097679999999999836e+03
2.097679999999999836e+03
2.379436363636364149e+03
3.046581923076923431e+03
3.046581923076923431e+03
2.861256448080905102e+03
2.675930973084886318e+03
2.347028527777777072e+03
2.053476382978723450e+03
2.053476382978723450e+03
2.183528571428571468e+03
2.331853333333333012e+03
3.368126666666666097e+03
4.404399999999999636e+03
4.404399999999999636e+03
4.404399999999999636e+03
3.203199999999999818e+03
3.203199999999999818e+03
3.796199999999999818e+03
3.846149999999999636e+03
3.896099999999999909e+03
3.896099999999999909e+03
3.896099999999999909e+03
3.946050000000000182e+03
3.996000000000000000e+03
2.708156350364964055e+03
2.708156350364964055e+03
2.337735400000000027e+03
2.337735400000000027e+03
2.176949629629629726e+03
2.337735400000000027e+03
2.726223500000000058e+03
2.726223500000000058e+03
2.726223500000000058e+03
2.726223500000000058e+03
2.726223500000000058e+03
2.726223500000000058e+03
2.726223500000000058e+03
2.726223500000000058e+03
2.726223500000000058e+03
2.726223500000000058e+03
2.726223500000000058e+03
2.726223500000000058e+03
2.726223500000000058e+03
3.132185660377358090e+03
3.132185660377358090e+03
3.132185660377358090e+03
3.132185660377358090e+03
3.496214571428572071e+03
3.496214571428572071e+03
3.496214571428572071e+03
5.585273952380952323e+03
7.674333333333333030e+03
7.674333333333333030e+03
4.278467741935484082e+04
4.278467741935484082e+04
7.674333333333333030e+03
2.204183534136546223e+04
3.640933734939758870e+04
3.274500000000000000e+04
3.557441176470588107e+04
3.557441176470588107e+04
3.503500000000000000e+04
3.503500000000000000e+04
3.503500000000000000e+04
3.294182278481012327e+04
2.054547169811320782e+04
2.054547169811320782e+04
1.909732280557834383e+04
1.764917391304347984e+04
1.362585111111111109e+04
1.362585111111111109e+04
1.362585111111111109e+04
9.494209643605869132e+03
1.144113174603174593e+04
1.144113174603174593e+04
1.144113174603174593e+04
1.308291220825852724e+04
1.308291220825852724e+04
1.308291220825852724e+04
1.071837814946619255e+04
1.071837814946619255e+04
9.878179015341855120e+03
9.037979881217519505e+03
8.001374256055363730e+03
9.037979881217519505e+03
8.317483585420282907e+03
1.131080495560602867e+04
8.440419350671718348e+03
8.881673659512602171e+03
9.322927968353485994e+03
9.322927968353485994e+03
9.607610742661796394e+03
9.607610742661796394e+03
9.475187107718405969e+03
9.076838444970015189e+03
8.550721147021493380e+03
8.024603849072969751e+03
7.969094901192603174e+03
6.985756195292142365e+03
6.571173641291899003e+03
6.220483128463206413e+03
6.194364897352730623e+03
5.806207190203240316e+03
5.418049483053750919e+03
5.387678456468232071e+03
5.342617896233120518e+03
5.097418718704110688e+03
4.848376349436023702e+03
4.057519468881465400e+03
4.035724814697016882e+03
4.013930160512567909e+03
3.392732031542233017e+03
3.201138173066492527e+03
3.201138173066492527e+03
3.789512876085848802e+03
3.870344398530296075e+03
3.908674633772508514e+03
3.947004869014720953e+03
3.918925063292159848e+03
3.947004869014720953e+03
4.055096653140316903e+03
4.055096653140316903e+03
3.702125277322225429e+03
3.449907896934885684e+03
3.197690516547546395e+03
3.197690516547546395e+03
3.155678135736579407e+03
3.097936887746779121e+03
3.097936887746779121e+03
3.034634418645426194e+03
3.012385843315363672e+03
2.990137267985301150e+03
2.962188318601354240e+03
2.926714120248891504e+03
2.926714120248891504e+03
2.926714120248891504e+03
2.834945984443330417e+03
2.912667650909027543e+03
2.990389317374724214e+03
2.990389317374724214e+03
3.015929506760516688e+03
3.015929506760516688e+03
2.949728046279357386e+03
2.781901662686126201e+03
2.645326577664241995e+03
2.508751492642357789e+03
2.508751492642357789e+03
2.493266515852869361e+03
2.455822901967934285e+03
2.359335469312932219e+03
2.359335469312932219e+03
2.321657666084302946e+03
2.283979862855673218e+03
2.195867758545479774e+03
2.195867758545479774e+03
2.259495579467468360e+03
2.259495579467468360e+03
2.147432004001424957e+03
2.078405560172124751e+03
2.009379116342824773e+03
2.009379116342824773e+03
2.016331176452964883e+03
2.090211456090919910e+03
2.275484582292470350e+03
2.398973954093698467e+03
2.398973954093698467e+03
2.398973954093698467e+03
2.219728292616392082e+03
2.219728292616392082e+03
2.264052813269258422e+03
2.446326715352108749e+03
2.655140420707868998e+03
2.655140420707868998e+03
2.655140420707868998e+03
2.660951968311116161e+03
2.660951968311116161e+03
2.723565965552095804e+03
3.042083436007168984e+03
3.384505771847572760e+03
3.386499242120847612e+03
3.388492712394122464e+03
3.388492712394122464e+03
3.639043744444929416e+03
4.061750948883916863e+03
4.642530968737020885e+03
4.642530968737020885e+03
4.541097175617855100e+03
4.439663382498688406e+03
4.370850462175223583e+03
4.370850462175223583e+03
4.419372008800502044e+03
4.442472970483685458e+03
4.442472970483685458e+03
4.398928532324650405e+03
4.355384094165615352e+03
4.339558942310259226e+03
4.167030772623167650e+03
4.015819823911943786e+03
3.996814118939276796e+03
4.015819823911943786e+03
4.021178447219524060e+03
4.026537070527103879e+03
4.026537070527103879e+03
3.942958622399431988e+03
3.942958622399431988e+03
3.942958622399431988e+03
3.788971223021582773e+03
3.788971223021582773e+03
3.788971223021582773e+03
3.811752040674879936e+03
3.762211093308635100e+03
3.720202096223937133e+03
3.692433871949810055e+03
3.529999322789069993e+03
3.529999322789069993e+03
3.617981695720499829e+03
3.617981695720499829e+03
3.617981695720499829e+03
3.617981695720499829e+03
3.617981695720499829e+03
3.579056615523975779e+03
3.579056615523975779e+03
3.579056615523975779e+03
3.597015581613241920e+03
3.597015581613241920e+03
3.720532829539597515e+03
3.720532829539597515e+03
3.551706223781656718e+03
3.551706223781656718e+03
3.551706223781656718e+03
3.804045508027944834e+03
3.872376251746567050e+03
3.984405492104860059e+03
3.984405492104860059e+03
3.688594661610267849e+03
3.688594661610267849e+03
3.688594661610267849e+03
3.940187326346575901e+03
3.940187326346575901e+03
3.496283488702796603e+03
3.057434287896143815e+03
2.635207364167040851e+03
2.393465855867624668e+03
2.151724347568208941e+03
1.851633574007219977e+03
1.851633574007219977e+03
3.261793754066362908e+03
5.160525691699604977e+03
5.160525691699604977e+03
4.591724602223740476e+03
4.022923512747875975e+03
4.022923512747875975e+03
4.324685367454068000e+03
4.324685367454068000e+03
3.996000000000000000e+03
3.496500000000000000e+03
2.936240476190476329e+03
2.375980952380952203e+03
1.674953804347826008e+03
9.823478260869563883e+02
6.996250000000000000e+02
6.996250000000000000e+02
7.007000000000000455e+02
1.251250000000000000e+03
1.801799999999999955e+03
1.801799999999999955e+03
8.462061855670102659e+02
8.462061855670102659e+02
2.171353092783504962e+03
3.496500000000000000e+03
4.134053297872340409e+03
4.771606595744680817e+03
4.771606595744680817e+03
4.771606595744680817e+03
4.771606595744680817e+03
4.771606595744680817e+03
4.771606595744680817e+03
4.771606595744680817e+03
4.977065116279070025e+03
4.977065116279070025e+03
5.041663815789474029e+03
5.041663815789474029e+03
5.041663815789474029e+03
5.041663815789474029e+03
5.041663815789474029e+03
5.041663815789474029e+03
2.997000000000000000e+03
2.997000000000000000e+03
2.997000000000000000e+03
2.997000000000000000e+03
2.997000000000000000e+03
5.731031428571428478e+03
5.731031428571428478e+03
5.731031428571428478e+03
5.782569245283018972e+03
5.782569245283018972e+03
5.782569245283018972e+03
5.782569245283018972e+03
5.785779999999999745e+03
5.785779999999999745e+03
5.785779999999999745e+03
5.785779999999999745e+03
5.785779999999999745e+03
5.667199999999999818e+03
5.667199999999999818e+03
5.667199999999999818e+03
5.667199999999999818e+03
9.640399999999999636e+03
1.361360000000000036e+04
1.361360000000000036e+04
