1.740793458580644938e+03
1.740793458580644938e+03
1.867501129925292389e+03
1.867501129925292389e+03
1.846522865352671943e+03
1.846522865352671943e+03
1.853551546694865010e+03
1.853621401060714561e+03
1.853691255426564112e+03
1.853691255426564112e+03
1.782497675792595828e+03
1.782497675792595828e+03
1.782497675792595828e+03
1.786579420315918469e+03
1.818782856733970675e+03
1.850986293152022881e+03
1.850986293152022881e+03
1.847341966513199168e+03
1.847341966513199168e+03
1.861308650535132983e+03
1.890973667375812056e+03
1.924340997626040917e+03
1.957708327876270005e+03
1.957708327876270005e+03
1.957708327876270005e+03
1.957708327876270005e+03
1.957708327876270005e+03
1.957708327876270005e+03
1.982513659791068903e+03
1.982513659791068903e+03
1.982513659791068903e+03
1.982513659791068903e+03
1.982513659791068903e+03
1.982513659791068903e+03
2.021076012406812879e+03
1.954955012986574957e+03
1.888834013566337035e+03
1.839316976852571088e+03
1.837336967387066807e+03
1.803679053430889553e+03
1.800146042941238647e+03
1.803679053430889553e+03
1.798760663267245945e+03
1.793842273103602110e+03
1.830356867326266411e+03
1.808511180172153900e+03
1.819935197337884802e+03
1.819935197337884802e+03
1.823699237122501700e+03
1.823699237122501700e+03
1.823699237122501700e+03
1.823699237122501700e+03
1.850072754816689894e+03
1.874077918058032765e+03
1.884725762446214731e+03
1.884895142938740037e+03
1.884895142938740037e+03
1.884895142938740037e+03
1.884895142938740037e+03
1.892846030937216028e+03
1.951222506798379982e+03
1.951222506798379982e+03
1.946586376602140945e+03
1.916143753630939727e+03
1.885701130659738510e+03
1.946586376602140945e+03
1.885701130659738510e+03
1.822556796473090799e+03
1.790649399229722803e+03
1.790649399229722803e+03
1.816066100453919717e+03
1.841482801678116857e+03
1.860080513004056911e+03
1.860080513004056911e+03
1.764048998265194314e+03
1.755596625781664898e+03
1.764048998265194314e+03
1.772601325473161978e+03
1.781153652681129415e+03
1.781153652681129415e+03
1.750845137168984820e+03
1.735526398181506465e+03
1.699677625491051913e+03
1.699677625491051913e+03
1.689933562787796291e+03
1.680189500084540896e+03
1.743205702936586476e+03
1.667785127923976688e+03
1.728687458280905958e+03
1.671528724624889492e+03
1.728687458280905958e+03
1.700108091452897725e+03
1.671528724624889492e+03
1.678788098643650073e+03
1.678788098643650073e+03
1.812183723618090426e+03
1.812183723618090426e+03
1.736820601922104288e+03
1.693170257919258574e+03
1.649519913916412861e+03
1.649519913916412861e+03
1.603537382246376637e+03
1.518389780219780505e+03
1.518389780219780505e+03
1.356867049368541984e+03
1.354935322129526412e+03
1.353003594890510840e+03
1.161879339727410297e+03
1.040396313122171932e+03
1.040396313122171932e+03
1.040396313122171932e+03
1.199915973568281970e+03
1.176313109734960562e+03
1.152710245901639382e+03
1.152710245901639382e+03
1.094358241331483896e+03
1.094358241331483896e+03
8.902082017220171792e+02
8.902082017220171792e+02
8.245122108266443774e+02
7.588162199312715757e+02
7.588162199312715757e+02
7.588162199312715757e+02
6.950317391304347439e+02
6.631484615384615608e+02
5.778259259259259579e+02
5.763249579124578759e+02
5.748239898989899075e+02
5.748239898989899075e+02
5.384806542443063790e+02
5.384806542443063790e+02
5.384806542443063790e+02
5.094624999999999773e+02
5.008986557649667475e+02
4.923348115299335177e+02
3.756447368421052602e+02
3.630075289575289617e+02
3.353207736389684896e+02
2.907714374999999905e+02
2.907714374999999905e+02
3.057026546286098778e+02
3.206338717572197652e+02
3.206338717572197652e+02
2.928765000000000214e+02
1.092000000000000028e+02
1.092000000000000028e+02
1.092000000000000028e+02
1.092000000000000028e+02
1.319479200000000219e+03
1.319479200000000219e+03
1.319479200000000219e+03
1.319479200000000219e+03
1.319479200000000219e+03
1.319479200000000219e+03
1.319479200000000219e+03
1.319479200000000219e+03
5.338666666666666970e+03
5.338666666666666970e+03
5.338666666666666970e+03
5.338666666666666970e+03
5.338666666666666970e+03
5.338666666666666970e+03
5.338666666666666970e+03
5.338666666666666970e+03
5.338666666666666970e+03
5.338666666666666970e+03
5.338666666666666970e+03
5.338666666666666970e+03
5.338666666666666970e+03
5.338666666666666970e+03
5.338666666666666970e+03
5.338666666666666970e+03
5.338666666666666970e+03
5.338666666666666970e+03
5.338666666666666970e+03
2.402400000000000091e+03
2.402400000000000091e+03
2.402400000000000091e+03
2.402400000000000091e+03
2.300100000000000364e+03
2.197800000000000182e+03
2.197800000000000182e+03
2.197800000000000182e+03
2.197800000000000182e+03
2.197800000000000182e+03
2.197800000000000182e+03
2.197800000000000182e+03
2.197800000000000182e+03
2.197800000000000182e+03
2.197800000000000182e+03
2.197800000000000182e+03
2.197800000000000182e+03
2.197800000000000182e+03
2.197800000000000182e+03
2.197800000000000182e+03
2.197800000000000182e+03
2.197800000000000182e+03
2.197800000000000182e+03
2.197800000000000182e+03
2.197800000000000182e+03
2.197800000000000182e+03
2.768657142857142844e+03
2.768657142857142844e+03
2.768657142857142844e+03
2.768657142857142844e+03
2.686016666666666879e+03
2.686016666666666879e+03
2.134068684516879784e+03
2.134068684516879784e+03
1.334666666666666742e+03
1.334666666666666742e+03
1.334666666666666742e+03
1.334666666666666742e+03
1.334666666666666742e+03
1.334666666666666742e+03
2.649521739130434980e+03
2.649521739130434980e+03
2.649521739130434980e+03
2.649521739130434980e+03
3.013355172413793298e+03
3.013355172413793298e+03
3.192290086206896376e+03
3.371224999999999909e+03
3.371224999999999909e+03
3.371224999999999909e+03
3.371224999999999909e+03
3.725202962962963284e+03
3.725202962962963284e+03
3.725202962962963284e+03
3.725202962962963284e+03
4.303384615384615245e+03
4.529067307692307622e+03
4.754750000000000000e+03
4.754750000000000000e+03
4.723842857142857611e+03
3.956483196721311288e+03
3.956483196721311288e+03
3.956483196721311288e+03
3.171350940465918939e+03
2.386218684210526135e+03
2.257365806451613025e+03
2.386218684210526135e+03
2.921150932568149074e+03
2.921150932568149074e+03
2.296602700397953413e+03
2.232681516402212310e+03
2.168760332406471207e+03
2.145615951676528312e+03
2.145615951676528312e+03
2.121288989344527181e+03
1.964011970275156045e+03
1.964011970275156045e+03
1.910475843401002521e+03
1.856939716526848997e+03
2.020160547617708744e+03
1.908655817212672900e+03
1.908655817212672900e+03
1.759287653588900639e+03
1.723592107236215270e+03
1.696224714514981770e+03
1.668857321793748042e+03
1.665147056929687778e+03
1.665147056929687778e+03
1.764232220868592321e+03
1.938389435980356893e+03
2.001118618031295000e+03
1.969754027005825947e+03
1.938389435980356893e+03
2.034962748162270373e+03
2.034962748162270373e+03
2.227557422777484135e+03
2.500544715775375153e+03
2.500544715775375153e+03
2.622867337286075781e+03
2.662922725527101647e+03
2.662922725527101647e+03
2.662922725527101647e+03
2.662922725527101647e+03
2.163112321608550701e+03
2.163112321608550701e+03
2.000877614380385239e+03
1.838642907152219550e+03
1.772652567755863174e+03
1.655169079799825795e+03
1.655169079799825795e+03
1.692204004732916701e+03
1.692204004732916701e+03
1.680470051678908476e+03
1.668736098624900478e+03
1.644615652663671653e+03
1.593393153324411969e+03
1.475278652980555989e+03
1.403196087748687887e+03
1.343085721792760978e+03
1.312856986712136404e+03
1.282628251631511603e+03
1.282628251631511603e+03
1.327213421628266360e+03
1.355838326829381003e+03
1.387230394762739706e+03
1.387230394762739706e+03
1.345850522611522820e+03
1.304470650460305933e+03
1.247184292353984574e+03
1.194148254864213413e+03
1.190099987310593633e+03
1.190099987310593633e+03
1.190099987310593633e+03
1.175424086225278643e+03
1.160748185139963653e+03
1.160748185139963653e+03
1.164251820125647782e+03
1.181191427995746835e+03
1.181191427995746835e+03
1.172525456799941367e+03
1.172525456799941367e+03
1.172525456799941367e+03
1.178556827691855915e+03
1.209366788440892378e+03
1.226343883877995495e+03
1.299657868379564434e+03
1.374223139146654376e+03
1.435615467854660665e+03
1.497007796562666954e+03
1.512314055563176225e+03
1.512314055563176225e+03
1.512314055563176225e+03
1.508960389281546213e+03
1.459820027867532644e+03
1.459820027867532644e+03
1.459820027867532644e+03
1.463795875237148493e+03
1.544063497688803409e+03
1.598422075925036097e+03
1.598422075925036097e+03
1.667280613775681104e+03
1.702481041197162085e+03
1.737681468618642839e+03
1.737681468618642839e+03
1.721248802012933083e+03
1.648603156456479610e+03
1.648603156456479610e+03
1.695882975548745435e+03
1.695882975548745435e+03
1.695882975548745435e+03
1.695882975548745435e+03
1.707763638371078059e+03
1.730302954666640289e+03
1.730302954666640289e+03
1.764118416659786817e+03
1.726933312625559893e+03
1.689748208591332968e+03
1.665430441323341711e+03
1.665430441323341711e+03
1.697227516593654400e+03
1.712961294227432290e+03
1.712961294227432290e+03
1.712961294227432290e+03
1.712961294227432290e+03
1.720138424330871203e+03
1.742979457783995258e+03
1.813987404328072898e+03
1.844388497221382295e+03
1.953144991353389287e+03
1.953144991353389287e+03
1.973436589778252710e+03
1.973436589778252710e+03
1.973436589778252710e+03
1.926427568924789284e+03
1.877453364903726879e+03
1.904826617224608754e+03
1.890634621772508353e+03
1.876442626320407953e+03
1.872225198533732055e+03
1.872225198533732055e+03
1.888079220506836691e+03
1.993548392454451914e+03
2.087321654810946711e+03
2.091175437692824744e+03
2.095029220574702777e+03
2.095029220574702777e+03
2.126996222133516767e+03
2.126996222133516767e+03
2.095796911346201796e+03
2.045456972716092878e+03
2.041686415292624588e+03
2.037915857869156298e+03
2.018287487634504032e+03
2.018287487634504032e+03
2.050204168324481088e+03
2.262696248655759518e+03
2.357781125324521781e+03
2.357781125324521781e+03
2.357781125324521781e+03
2.333449718952604144e+03
2.333220259654716756e+03
2.279175753044704379e+03
2.279175753044704379e+03
2.316589217956552147e+03
2.391740536944395899e+03
2.466891855932239196e+03
2.594608123768502082e+03
2.594608123768502082e+03
2.616385689206368170e+03
2.621576362361765860e+03
2.723299553482253032e+03
2.783880387497452830e+03
2.844461221512652173e+03
2.861111891022310374e+03
2.909956889409321320e+03
2.909956889409321320e+03
2.909956889409321320e+03
2.909956889409321320e+03
2.497513728617993820e+03
2.497513728617993820e+03
2.359909972573424056e+03
2.233466577121407227e+03
2.120219464566929219e+03
2.088328511979606446e+03
2.069446752154863134e+03
2.051998225698375791e+03
2.034549699241887993e+03
1.961858976714303026e+03
1.889727376446928702e+03
1.794020135486326581e+03
1.773503205203100833e+03
1.746756628484320800e+03
1.740969946995762484e+03
1.735183265507204169e+03
1.670216442923358727e+03
1.655248285475062630e+03
1.642457270427915091e+03
1.614318300344280942e+03
1.580830154170184414e+03
1.580830154170184414e+03
1.580830154170184414e+03
1.630962084541601598e+03
1.630962084541601598e+03
1.536144473089292205e+03
1.498123505655401914e+03
1.485998352827887402e+03
1.492060929241644772e+03
1.498123505655401914e+03
1.551356176914055823e+03
1.562480786433547109e+03
1.551356176914055823e+03
1.500939764472190291e+03
1.500939764472190291e+03
1.483952283623178118e+03
1.466964802774165946e+03
1.511159893234556648e+03
1.511159893234556648e+03
1.554260835533540558e+03
1.568183003976751706e+03
1.585362005438680171e+03
1.623423308614145526e+03
1.661484611789610881e+03
1.585362005438680171e+03
1.468235873365272710e+03
1.468235873365272710e+03
1.466235874250867710e+03
1.612382045043792459e+03
1.612382045043792459e+03
1.612382045043792459e+03
1.756700346437716462e+03
1.840308137437976939e+03
1.849522251173925270e+03
1.886280608006042485e+03
1.868444311291963913e+03
1.868444311291963913e+03
1.868444311291963913e+03
1.837465757938885645e+03
1.818800683541350963e+03
1.730054407425500585e+03
1.679939815626756626e+03
1.528056817582417580e+03
1.512200961982698118e+03
1.496345106382978884e+03
1.481422172897196333e+03
1.345184222919937156e+03
1.381197762917933005e+03
1.356792658678955604e+03
1.356792658678955604e+03
1.356792658678955604e+03
1.356792658678955604e+03
1.301613284768211997e+03
1.263716392092256910e+03
1.117633852867830456e+03
9.499735930735931788e+02
9.499735930735931788e+02
9.949555694305695397e+02
1.039937545787545787e+03
1.039937545787545787e+03
1.002231801125703555e+03
9.573291249999999764e+02
7.597685294117646890e+02
7.209433526011561071e+02
7.209433526011561071e+02
5.953599264705882206e+02
5.953599264705882206e+02
4.251437837837837606e+02
4.377968918918918462e+02
4.504499999999999886e+02
4.504499999999999886e+02
4.514136792452829923e+02
4.523773584905660528e+02
4.523773584905660528e+02
4.523773584905660528e+02
1.426424999999999955e+03
1.426424999999999955e+03
1.426424999999999955e+03
1.426424999999999955e+03
2.297000700000000052e+03
2.297000700000000052e+03
2.297000700000000052e+03
2.297000700000000052e+03
2.297000700000000052e+03
2.297000700000000052e+03
2.297000700000000052e+03
2.297000700000000052e+03
2.297000700000000052e+03
2.297000700000000052e+03
2.297000700000000052e+03
2.297000700000000052e+03
2.297000700000000052e+03
2.297000700000000052e+03
2.297000700000000052e+03
2.297000700000000052e+03
2.297000700000000052e+03
2.297000700000000052e+03
2.297000700000000052e+03
2.297000700000000052e+03
2.297000700000000052e+03
2.297000700000000052e+03
2.297000700000000052e+03
2.297000700000000052e+03
2.297000700000000052e+03
2.297000700000000052e+03
2.982571428571428442e+03
2.982571428571428442e+03
2.982571428571428442e+03
2.982571428571428442e+03
2.982571428571428442e+03
2.982571428571428442e+03
2.982571428571428442e+03
2.982571428571428442e+03
2.982571428571428442e+03
2.982571428571428442e+03
2.982571428571428442e+03
2.982571428571428442e+03
2.982571428571428442e+03
2.982571428571428442e+03
2.982571428571428442e+03
2.982571428571428442e+03
2.982571428571428442e+03
2.982571428571428442e+03
2.982571428571428442e+03
2.982571428571428442e+03
2.982571428571428442e+03
2.982571428571428442e+03
2.982571428571428442e+03
2.982571428571428442e+03
2.982571428571428442e+03
2.982571428571428442e+03
2.982571428571428442e+03
2.982571428571428442e+03
3.024972000000000207e+03
3.024972000000000207e+03
3.024972000000000207e+03
3.024972000000000207e+03
3.024972000000000207e+03
3.024972000000000207e+03
3.024972000000000207e+03
3.024972000000000207e+03
3.024972000000000207e+03
3.024972000000000207e+03
3.024972000000000207e+03
3.024972000000000207e+03
3.024972000000000207e+03
3.024972000000000207e+03
3.024972000000000207e+03
3.024972000000000207e+03
3.024972000000000207e+03
3.024972000000000207e+03
3.024972000000000207e+03
3.024972000000000207e+03
3.024972000000000207e+03
3.024972000000000207e+03
3.024972000000000207e+03
3.024972000000000207e+03
4.099202479338842750e+03
4.392256239669421120e+03
4.685310000000000400e+03
4.685310000000000400e+03
4.685310000000000400e+03
4.099202479338842750e+03
4.099202479338842750e+03
4.099202479338842750e+03
4.099202479338842750e+03
4.099202479338842750e+03
4.099202479338842750e+03
4.649192307692307622e+03
4.649192307692307622e+03
4.649192307692307622e+03
4.649192307692307622e+03
4.649192307692307622e+03
4.255827819548871958e+03
4.255827819548871958e+03
4.255827819548871958e+03
3.712640083026715729e+03
3.169452346504559046e+03
3.169452346504559046e+03
2.827701269963440609e+03
2.853180016820857873e+03
2.853180016820857873e+03
2.853180016820857873e+03
2.832920080921820045e+03
2.812660145022782672e+03
2.812660145022782672e+03
2.883592562972292853e+03
2.883592562972292853e+03
3.115124244996037760e+03
2.993308791554955860e+03
2.993308791554955860e+03
2.993308791554955860e+03
2.767095905492454222e+03
2.767095905492454222e+03
2.972168765368714503e+03
2.972168765368714503e+03
2.946305593382628103e+03
2.705625234657039073e+03
2.705625234657039073e+03
2.705625234657039073e+03
2.411398743507661038e+03
2.411398743507661038e+03
2.374899498453732576e+03
2.371410875100980320e+03
2.305696486961046503e+03
2.239982098821112686e+03
2.179938014298907092e+03
2.078586263928130393e+03
1.933300061447280086e+03
1.847991773977872299e+03
1.847991773977872299e+03
1.891563234663152116e+03
1.935134695348431933e+03
1.935134695348431933e+03
1.852924125506500332e+03
1.796573857101240492e+03
1.757907122225341027e+03
1.677006021608766787e+03
1.659655279248269380e+03
1.642304536887772201e+03
1.642304536887772201e+03
1.649499785016177384e+03
1.681812251652120494e+03
1.682681694185695278e+03
1.681812251652120494e+03
1.643705230798534103e+03
1.605598209944947939e+03
1.541845729191031523e+03
1.536308697158463929e+03
1.536308697158463929e+03
1.559444039262119759e+03
1.559444039262119759e+03
1.528988370482059963e+03
1.498532701701999940e+03
1.498532701701999940e+03
1.543803859411396161e+03
1.548589082415206576e+03
1.593392591700089497e+03
1.593392591700089497e+03
1.581125027779874472e+03
1.568857463859659219e+03
1.542447342746656204e+03
1.542447342746656204e+03
1.574594096419363495e+03
1.627651359600026808e+03
1.684489064587733765e+03
1.723517895890935279e+03
1.762546727194136793e+03
1.787042329359793712e+03
1.812862425274757925e+03
1.853183095073273307e+03
1.911216621932064754e+03
1.912150160394333625e+03
1.930061817220663215e+03
1.947973474046992806e+03
1.947973474046992806e+03
2.017627565815480693e+03
2.017627565815480693e+03
2.044105553774986902e+03
2.046985202652214866e+03
2.079885740338344476e+03
2.112786278024473631e+03
2.167198528970284769e+03
2.167198528970284769e+03
2.121592478277221744e+03
2.121592478277221744e+03
2.152328534843155921e+03
2.172628289066543402e+03
2.192928043289930429e+03
2.241187181901803797e+03
2.242508949488498729e+03
2.242508949488498729e+03
2.238836684808561586e+03
2.238836684808561586e+03
2.236253380002579433e+03
2.233670075196597281e+03
2.256707733859682321e+03
2.233670075196597281e+03
2.197752848651028216e+03
2.148320588022335414e+03
2.148320588022335414e+03
2.178444161863248610e+03
2.208567735704161805e+03
2.208567735704161805e+03
2.208567735704161805e+03
2.209830816142578897e+03
2.209830816142578897e+03
2.209830816142578897e+03
2.215964493608647899e+03
2.222098171074716902e+03
2.222098171074716902e+03
2.199987331910951070e+03
2.132290918253673681e+03
2.132290918253673681e+03
2.187609201343764653e+03
2.225515140941901336e+03
2.263421080540037565e+03
2.375203625545885643e+03
2.486986170551733721e+03
2.367093937704710243e+03
2.378910480995229591e+03
2.367093937704710243e+03
2.362775572725277925e+03
2.358457207745845153e+03
2.277477693907021148e+03
2.276005991694967179e+03
2.268670861117096592e+03
2.271129658735510930e+03
2.268670861117096592e+03
2.260914090674606086e+03
2.253157320232116035e+03
2.252524737009739965e+03
2.252524737009739965e+03
2.228341135633314025e+03
2.263838178735309612e+03
2.263838178735309612e+03
2.304592647982182825e+03
2.345347117229056494e+03
2.353991910895117599e+03
2.367237304115373718e+03
2.353991910895117599e+03
2.411340592824727082e+03
2.352175844409679939e+03
2.443134932023222973e+03
2.439939965556250172e+03
2.443134932023222973e+03
2.452921311237617829e+03
2.500470106023777589e+03
2.616788925971362005e+03
2.646799917080867090e+03
2.702699999999999818e+03
2.702699999999999818e+03
2.702699999999999818e+03
2.520080061953047789e+03
2.520080061953047789e+03
2.520080061953047789e+03
2.534377596769733827e+03
2.541835959262585675e+03
2.549294321755437068e+03
2.534377596769733827e+03
2.460716554505898330e+03
2.448608656016194345e+03
2.426128578088578706e+03
2.425922571537449130e+03
2.425922571537449130e+03
2.425922571537449130e+03
2.425922571537449130e+03
2.466860180924048109e+03
2.387639313130710889e+03
2.458727907678086467e+03
2.453342713999500120e+03
2.453342713999500120e+03
2.453342713999500120e+03
2.439528606950446829e+03
2.439528606950446829e+03
2.520239655903348194e+03
2.550849049020254824e+03
2.631103517210628979e+03
2.660433621482837225e+03
2.689763725755045925e+03
2.766268576578736884e+03
2.843968884976680329e+03
2.843968884976680329e+03
2.765752276044288010e+03
2.765752276044288010e+03
2.804641243213555754e+03
2.843530210382823952e+03
2.954423052423509034e+03
2.895711563378320989e+03
2.954423052423509034e+03
2.984851149805303976e+03
3.133018950291500460e+03
3.148229017385038787e+03
3.163439084478577115e+03
3.133018950291500460e+03
3.041189986320109711e+03
2.942026291538461010e+03
2.942026291538461010e+03
2.927721774640522653e+03
2.953930948632340005e+03
2.980140122624157357e+03
3.146667430744160811e+03
3.260602165454545684e+03
3.146667430744160811e+03
2.804513398058252733e+03
2.804513398058252733e+03
2.813213894476536552e+03
2.821914390894819917e+03
2.821914390894819917e+03
2.775720450751251974e+03
2.775720450751251974e+03
2.456518013468013578e+03
3.114790894736842347e+03
3.072187886065738894e+03
3.029584877394635896e+03
3.029584877394635896e+03
2.567687804878048610e+03
2.567687804878048610e+03
2.476542592592592428e+03
2.715614999999999782e+03
2.737431799999999839e+03
2.759248599999999897e+03
2.759248599999999897e+03
3.552443999999999960e+03
3.556000000000000000e+03
3.559556000000000040e+03
3.559556000000000040e+03
3.559556000000000040e+03
3.559556000000000040e+03
3.559556000000000040e+03
3.661257599999999911e+03
3.762959199999999782e+03
3.762959199999999782e+03
3.762959199999999782e+03
3.762959199999999782e+03
3.762959199999999782e+03
9.617823529411764412e+02
9.617823529411764412e+02
9.617823529411764412e+02
9.617823529411764412e+02
9.617823529411764412e+02
9.617823529411764412e+02
9.617823529411764412e+02
9.617823529411764412e+02
9.617823529411764412e+02
9.617823529411764412e+02
9.617823529411764412e+02
9.617823529411764412e+02
9.617823529411764412e+02
9.617823529411764412e+02
9.617823529411764412e+02
9.617823529411764412e+02
9.617823529411764412e+02
9.617823529411764412e+02
9.617823529411764412e+02
9.617823529411764412e+02
9.617823529411764412e+02
9.617823529411764412e+02
9.617823529411764412e+02
9.617823529411764412e+02
9.617823529411764412e+02
9.617823529411764412e+02
9.617823529411764412e+02
9.617823529411764412e+02
9.617823529411764412e+02
9.617823529411764412e+02
9.617823529411764412e+02
9.617823529411764412e+02
9.617823529411764412e+02
9.617823529411764412e+02
9.617823529411764412e+02
9.617823529411764412e+02
9.617823529411764412e+02
9.617823529411764412e+02
9.617823529411764412e+02
9.617823529411764412e+02
9.617823529411764412e+02
9.617823529411764412e+02
9.617823529411764412e+02
9.617823529411764412e+02
9.617823529411764412e+02
9.617823529411764412e+02
9.617823529411764412e+02
9.617823529411764412e+02
9.617823529411764412e+02
9.617823529411764412e+02
9.617823529411764412e+02
9.617823529411764412e+02
4.004000000000000000e+03
4.004000000000000000e+03
4.004000000000000000e+03
4.004000000000000000e+03
4.004000000000000000e+03
4.004000000000000000e+03
4.004000000000000000e+03
4.004000000000000000e+03
4.004000000000000000e+03
4.004000000000000000e+03
4.004000000000000000e+03
4.004000000000000000e+03
4.004000000000000000e+03
4.004000000000000000e+03
4.004000000000000000e+03
4.004000000000000000e+03
4.004000000000000000e+03
4.004000000000000000e+03
4.004000000000000000e+03
4.004000000000000000e+03
4.004000000000000000e+03
4.004000000000000000e+03
2.997000000000000000e+03
2.997000000000000000e+03
2.997000000000000000e+03
2.997000000000000000e+03
2.402400000000000091e+03
2.397599999999999909e+03
2.397599999999999909e+03
2.397599999999999909e+03
2.397599999999999909e+03
2.397599999999999909e+03
2.397599999999999909e+03
2.397599999999999909e+03
2.397599999999999909e+03
2.397599999999999909e+03
2.397599999999999909e+03
2.397599999999999909e+03
2.397599999999999909e+03
2.397599999999999909e+03
2.397599999999999909e+03
2.397599999999999909e+03
2.397599999999999909e+03
2.397599999999999909e+03
2.397599999999999909e+03
4.417375925925925912e+03
4.417375925925925912e+03
4.417375925925925912e+03
4.417375925925925912e+03
4.417375925925925912e+03
4.417375925925925912e+03
4.417375925925925912e+03
5.232500000000000000e+03
5.232500000000000000e+03
5.994000000000000000e+03
8.000850000000000364e+03
8.000850000000000364e+03
8.000850000000000364e+03
3.341500000000000000e+03
3.341500000000000000e+03
3.341500000000000000e+03
3.902203389830508968e+03
3.902203389830508968e+03
3.902203389830508968e+03
3.955953857791224891e+03
3.955953857791224891e+03
3.955953857791224891e+03
4.118503290129610832e+03
3.090329034436192160e+03
3.760334052993130626e+03
3.760334052993130626e+03
3.760334052993130626e+03
3.541012209468933179e+03
3.321690365944736186e+03
3.321690365944736186e+03
3.321690365944736186e+03
3.283032045796229795e+03
2.851432573168025101e+03
2.851432573168025101e+03
2.842876360660482078e+03
3.184246016771488939e+03
3.020201702052744622e+03
3.020201702052744622e+03
2.740343760467497759e+03
2.740343760467497759e+03
2.740343760467497759e+03
2.337634302149680934e+03
2.337634302149680934e+03
2.337634302149680934e+03
2.213585307356399426e+03
2.213585307356399426e+03
2.359696558623918008e+03
2.371253052394312363e+03
2.684524779774804301e+03
2.997796507155295785e+03
2.997796507155295785e+03
2.657174230585233090e+03
2.470822269071728442e+03
2.369931217747599931e+03
2.278771970916126975e+03
2.228085377374201926e+03
2.177398783832277331e+03
2.237123700797772017e+03
2.237123700797772017e+03
2.536438903550814757e+03
2.536438903550814757e+03
2.411966661137360006e+03
2.253594991202051915e+03
2.095223321266743824e+03
2.095223321266743824e+03
2.039589705063814108e+03
2.132034906044234503e+03
2.021345943415421061e+03
1.924130937887445270e+03
1.891477397614182792e+03
1.858823857340920313e+03
1.857768799695316829e+03
1.854407602062956812e+03
1.829717373129389671e+03
1.829717373129389671e+03
1.824971123221959488e+03
1.822046680926171575e+03
1.819122238630383890e+03
1.755183846799265893e+03
1.695932796196463642e+03
1.663424664250573187e+03
1.658786263348830971e+03
1.622161550088081412e+03
1.599464290086633355e+03
1.576767030085185525e+03
1.497131761844824496e+03
1.497131761844824496e+03
1.542385980181420564e+03
1.609673763455649350e+03
1.665290225894559626e+03
1.665290225894559626e+03
1.665290225894559626e+03
1.637237407476090084e+03
1.613019026706024079e+03
1.579347745004339913e+03
1.558299746119620295e+03
1.521722781415004420e+03
1.493298763430468625e+03
1.464874745445933058e+03
1.457356185924498504e+03
1.457356185924498504e+03
1.486142659506580003e+03
1.540599199596552808e+03
1.548807231854130805e+03
1.548807231854130805e+03
1.548807231854130805e+03
1.553608371412461793e+03
1.639735982437894563e+03
1.661138045642074758e+03
1.686752432022081621e+03
1.735437824182336726e+03
1.736629891536391369e+03
1.737821958890445785e+03
1.744638307972720213e+03
1.771222973073880439e+03
1.784018103661966506e+03
1.867506863495810421e+03
1.922574542142463997e+03
1.922574542142463997e+03
1.922574542142463997e+03
1.888329080518968112e+03
1.886951756729893987e+03
1.830873034822601312e+03
1.830873034822601312e+03
1.844979052620434913e+03
1.877109770026484284e+03
1.909240487432533655e+03
1.920849121666028395e+03
1.923310441309351972e+03
1.923310441309351972e+03
1.923310441309351972e+03
1.937957688686546362e+03
1.923502220255944621e+03
1.909046751825342881e+03
1.896948841825483896e+03
1.881966262426353296e+03
1.881966262426353296e+03
1.866723101848235046e+03
1.905745393143666433e+03
1.910832553280966295e+03
1.915919713418266383e+03
1.926273498792336795e+03
1.915919713418266383e+03
1.918153678521045094e+03
1.901115699372635163e+03
1.918153678521045094e+03
1.975552372708881194e+03
2.032951066896717293e+03
2.048238768351132421e+03
2.132709090909090719e+03
2.132709090909090719e+03
2.038225574835742464e+03
2.033871942393652034e+03
2.024775268375898804e+03
2.015678594358145574e+03
1.985795010702754325e+03
1.945711949652488101e+03
1.945711949652488101e+03
1.945711949652488101e+03
1.946437648898928501e+03
1.978376785714285688e+03
2.002616404571951534e+03
2.002616404571951534e+03
2.002616404571951534e+03
2.005839410311376696e+03
2.034987595331381044e+03
2.005839410311376696e+03
2.116534197846871393e+03
2.226809034014720055e+03
2.235618469978288431e+03
2.293616372244941886e+03
2.303856744472440369e+03
2.303856744472440369e+03
2.303856744472440369e+03
2.221522473857794012e+03
2.221522473857794012e+03
2.221522473857794012e+03
2.221522473857794012e+03
2.194766408625367148e+03
2.192910705643149413e+03
2.144378952386702167e+03
2.127520590626030753e+03
2.110662228865359793e+03
2.101366618493373608e+03
2.079252000416463943e+03
2.008797883045208891e+03
2.064659793751112375e+03
2.064659793751112375e+03
2.108335890373273742e+03
2.152011986995435109e+03
2.247056138355561416e+03
2.315509665532142662e+03
2.315509665532142662e+03
2.310855213125813862e+03
2.308156779950754753e+03
2.309505996538284307e+03
2.310855213125813862e+03
2.366980397160723896e+03
2.366980397160723896e+03
2.366980397160723896e+03
2.342561586363688093e+03
2.381844793166627824e+03
2.432800738643752084e+03
2.483756684120875889e+03
2.607573000088854315e+03
2.663630905585014716e+03
2.756858295538796028e+03
2.872053435492364315e+03
2.872053435492364315e+03
2.813557252238181263e+03
2.755061068983998211e+03
2.755061068983998211e+03
2.785431425064599807e+03
2.785431425064599807e+03
2.770036392883455392e+03
2.770036392883455392e+03
2.784162949240888338e+03
2.798289505598320829e+03
2.798289505598320829e+03
2.793045492628696138e+03
2.708263286095946569e+03
2.688253718039458818e+03
2.688253718039458818e+03
2.701314816808008345e+03
2.714375915576557873e+03
2.714375915576557873e+03
2.775663771043772158e+03
2.770555174288179842e+03
2.770555174288179842e+03
2.486836955167173073e+03
2.460413983750081570e+03
2.433991012332990522e+03
2.486836955167173073e+03
3.232855971049457366e+03
3.254329519908987550e+03
3.319434712871287502e+03
3.254329519908987550e+03
3.292602709775282165e+03
3.330875899641576780e+03
3.094446895604395195e+03
3.094446895604395195e+03
3.094446895604395195e+03
2.861177508896797008e+03
2.861177508896797008e+03
2.848633434420868980e+03
2.836089359944941407e+03
2.680239698275861883e+03
2.680239698275861883e+03
2.526513638141809679e+03
2.526513638141809679e+03
2.189239843750000091e+03
2.161694072412634341e+03
2.134148301075268591e+03
1.999975259515570997e+03
2.065607812499999909e+03
1.972649198717948821e+03
1.876795871559633042e+03
1.876795871559633042e+03
2.107650743472124304e+03
2.338505615384615794e+03
2.576690428571428583e+03
3.102974874999999884e+03
3.102974874999999884e+03
3.102974874999999884e+03
3.102974874999999884e+03
3.289071272727273026e+03
3.289071272727273026e+03
3.289071272727273026e+03
3.289071272727273026e+03
3.289071272727273026e+03
3.289071272727273026e+03
3.289507200000000012e+03
3.289507200000000012e+03
3.289507200000000012e+03
3.289507200000000012e+03
3.289507200000000012e+03
3.289507200000000012e+03
3.295291999999999916e+03
3.295291999999999916e+03
3.295291999999999916e+03
3.289374000000000251e+03
3.289374000000000251e+03
3.289374000000000251e+03
3.289374000000000251e+03
3.289374000000000251e+03
3.289374000000000251e+03
1.367404426559355898e+03
1.367404426559355898e+03
1.367404426559355898e+03
1.367404426559355898e+03
1.367404426559355898e+03
1.367404426559355898e+03
1.367404426559355898e+03
1.367404426559355898e+03
1.367404426559355898e+03
1.367404426559355898e+03
1.367404426559355898e+03
1.367404426559355898e+03
1.367404426559355898e+03
1.367404426559355898e+03
1.367404426559355898e+03
1.367404426559355898e+03
1.367404426559355898e+03
1.367404426559355898e+03
1.367404426559355898e+03
1.367404426559355898e+03
1.367404426559355898e+03
1.367404426559355898e+03
1.367404426559355898e+03
1.367404426559355898e+03
1.367404426559355898e+03
1.367404426559355898e+03
1.367404426559355898e+03
1.367404426559355898e+03
1.367404426559355898e+03
1.367404426559355898e+03
1.367404426559355898e+03
1.367404426559355898e+03
1.367404426559355898e+03
1.367404426559355898e+03
1.367404426559355898e+03
1.367404426559355898e+03
1.367404426559355898e+03
1.367404426559355898e+03
1.367404426559355898e+03
1.367404426559355898e+03
1.367404426559355898e+03
1.367404426559355898e+03
1.367404426559355898e+03
1.367404426559355898e+03
1.367404426559355898e+03
1.367404426559355898e+03
1.367404426559355898e+03
1.367404426559355898e+03
1.367404426559355898e+03
1.367404426559355898e+03
1.367404426559355898e+03
1.367404426559355898e+03
1.367404426559355898e+03
1.367404426559355898e+03
1.367404426559355898e+03
1.367404426559355898e+03
1.367404426559355898e+03
1.367404426559355898e+03
1.367404426559355898e+03
1.367404426559355898e+03
1.367404426559355898e+03
1.367404426559355898e+03
1.367404426559355898e+03
1.367404426559355898e+03
1.367404426559355898e+03
1.367404426559355898e+03
1.367404426559355898e+03
2.998685344827586050e+03
2.998685344827586050e+03
2.998685344827586050e+03
2.998685344827586050e+03
2.998685344827586050e+03
2.954970873786407992e+03
2.954970873786407992e+03
2.954970873786407992e+03
2.954970873786407992e+03
1.142795454545454504e+03
1.142795454545454504e+03
1.142795454545454504e+03
2.746816596931660115e+03
2.746816596931660115e+03
3.193666666666666515e+03
3.193666666666666515e+03
3.193666666666666515e+03
3.193666666666666515e+03
3.193666666666666515e+03
1.976479591836734699e+03
1.976479591836734699e+03
1.976479591836734699e+03
1.976479591836734699e+03
1.175489999999999964e+04
1.175489999999999964e+04
1.175489999999999964e+04
1.175489999999999964e+04
1.175489999999999964e+04
1.082901521739130476e+04
9.903130434782608063e+03
9.903130434782608063e+03
9.797923728813559137e+03
9.797923728813559137e+03
6.785653634085212616e+03
6.030697129186602979e+03
6.030697129186602979e+03
5.840745713269472617e+03
5.650794297352342255e+03
5.522817736911465545e+03
5.394841176470587925e+03
5.347394879340788975e+03
5.347394879340788975e+03
5.347394879340788975e+03
5.191025243902438888e+03
3.541519999999999982e+03
3.541519999999999982e+03
3.541519999999999982e+03
3.541519999999999982e+03
4.018095068951107351e+03
4.893413009808983588e+03
4.018095068951107351e+03
3.563640898617511539e+03
3.396289766830753251e+03
3.228938635043995419e+03
3.563640898617511539e+03
3.228938635043995419e+03
2.750073751348019414e+03
2.750073751348019414e+03
2.754170000000000073e+03
2.754170000000000073e+03
2.735815263807412975e+03
2.735815263807412975e+03
2.956412702356845784e+03
2.956412702356845784e+03
2.888725758942563971e+03
2.848507743896896045e+03
2.831130937521912529e+03
2.699406341964947842e+03
2.579931148258307076e+03
2.196643436693925196e+03
2.196643436693925196e+03
2.196643436693925196e+03
2.196643436693925196e+03
2.196643436693925196e+03
2.196643436693925196e+03
2.206084654023299208e+03
2.206084654023299208e+03
2.195087735204984256e+03
2.157621417650479998e+03
2.082854197111366830e+03
2.011470382582408774e+03
1.940086568053450719e+03
1.903624984997982438e+03
1.903624984997982438e+03
1.912896691763450463e+03
1.912896691763450463e+03
1.876722331906662703e+03
1.851850759976706740e+03
1.826979188046750778e+03
1.826979188046750778e+03
1.870964269602276318e+03
1.920538170914925558e+03
2.015381432014352413e+03
2.015381432014352413e+03
1.985797934059804447e+03
1.956214436105256709e+03
1.845851860460393027e+03
1.811794972150805961e+03
1.746978454598096960e+03
1.746821162068549256e+03
1.653197183795268757e+03
1.628850525468942578e+03
1.604503867142616627e+03
1.604503867142616627e+03
1.679578336403877302e+03
1.692276934112402614e+03
1.692276934112402614e+03
1.637689259599390880e+03
1.611592222874490744e+03
1.585495186149590381e+03
1.585495186149590381e+03
1.597027796467307553e+03
1.640021575923320597e+03
1.736557227632575405e+03
1.827940186518246946e+03
1.859854465308362251e+03
1.891768744098477555e+03
1.916574307185132966e+03
2.000074389538344349e+03
2.008482465019126494e+03
2.178645631067784961e+03
2.223991353921800055e+03
2.252820068540828288e+03
2.281648783159856976e+03
2.394080224972512497e+03
2.394080224972512497e+03
2.368538071853422935e+03
2.358315400977745867e+03
2.333543556317104958e+03
2.333543556317104958e+03
2.333543556317104958e+03
2.399495080305428019e+03
2.399495080305428019e+03
2.366417623323818134e+03
2.366417623323818134e+03
2.396808392063510837e+03
2.417127239509251467e+03
2.437446086954992097e+03
2.437446086954992097e+03
2.417177173950836277e+03
2.417177173950836277e+03
2.432759127708000051e+03
2.434926652158869274e+03
2.472914749548664076e+03
2.510902846938458879e+03
2.583387262884514712e+03
2.640758052042402142e+03
2.640758052042402142e+03
2.670229982839918193e+03
2.670229982839918193e+03
2.735942832414022178e+03
2.801655681988126162e+03
2.802426714790756705e+03
2.809010658851873814e+03
2.809010658851873814e+03
2.763368900032712190e+03
2.763368900032712190e+03
2.799878987400409642e+03
2.836389074768107093e+03
2.843308904241259825e+03
2.866304217710646299e+03
3.070174169248572980e+03
