2.587975688325991086e+03
2.587975688325991086e+03
3.300605576795212528e+03
3.300605576795212528e+03
3.203942325129157780e+03
2.867183353113552585e+03
2.867183353113552585e+03
2.768990291450393670e+03
2.670797229787234301e+03
2.737812736252255945e+03
2.737812736252255945e+03
2.737812736252255945e+03
2.702002053318207800e+03
2.702002053318207800e+03
2.770034084070202425e+03
2.838066114822197051e+03
3.363766106907024096e+03
3.655615473575518990e+03
3.363766106907024096e+03
3.196864637272568871e+03
3.196864637272568871e+03
3.196864637272568871e+03
3.196864637272568871e+03
3.322044107745583915e+03
3.322044107745583915e+03
3.322044107745583915e+03
3.322044107745583915e+03
3.322044107745583915e+03
3.207403571314230703e+03
3.207403571314230703e+03
3.207403571314230703e+03
3.207403571314230703e+03
3.207403571314230703e+03
3.207403571314230703e+03
3.280815457492796213e+03
3.280815457492796213e+03
3.280815457492796213e+03
3.073299255923924648e+03
3.033205582510083786e+03
3.033205582510083786e+03
2.870851342024280257e+03
2.868246176809757344e+03
2.868246176809757344e+03
2.868246176809757344e+03
2.931186568602639909e+03
3.072678032178218473e+03
3.072678032178218473e+03
2.628290045754416042e+03
2.628290045754416042e+03
2.760906940531662258e+03
2.893523835308908019e+03
2.893523835308908019e+03
2.856105341333545311e+03
2.734224908331743791e+03
2.734224908331743791e+03
2.764055133527082944e+03
2.764055133527082944e+03
2.764055133527082944e+03
2.764055133527082944e+03
2.823869326556125088e+03
2.823869326556125088e+03
2.766430655485017269e+03
2.766430655485017269e+03
2.717656084079609172e+03
2.668881512674201076e+03
2.770252392731058990e+03
2.528974463818186450e+03
2.841636533216289990e+03
2.841636533216289990e+03
2.841636533216289990e+03
2.824807488599846238e+03
2.807978443983402485e+03
2.749566857728972536e+03
2.757418480142676799e+03
2.749566857728972536e+03
2.757418480142676799e+03
2.737380003665688946e+03
2.751565566302867865e+03
2.765751128940046783e+03
2.748341975834353889e+03
2.748341975834353889e+03
2.462473486287977266e+03
2.462473486287977266e+03
2.590221150333364221e+03
2.590221150333364221e+03
2.590221150333364221e+03
2.646397319353273360e+03
2.582318285520328118e+03
2.728094809120044829e+03
2.603474051141846303e+03
2.661783687853358060e+03
2.661783687853358060e+03
2.661783687853358060e+03
2.756161105949792272e+03
2.786203200738466876e+03
2.786203200738466876e+03
2.691246316923304221e+03
2.558948611247457848e+03
2.508852494857535930e+03
2.458756378467614013e+03
2.458756378467614013e+03
2.271029296182884991e+03
2.432048689648512664e+03
2.432048689648512664e+03
2.449704834800357276e+03
2.449704834800357276e+03
2.449704834800357276e+03
2.360850205989662300e+03
2.360850205989662300e+03
4.074575186151342223e+03
4.074575186151342223e+03
3.174363533976783401e+03
3.174363533976783401e+03
3.174363533976783401e+03
3.174363533976783401e+03
2.765243922732297051e+03
2.540244613817440950e+03
2.540244613817440950e+03
3.469197778454046784e+03
3.489069239221193129e+03
3.508940699988339929e+03
3.469197778454046784e+03
2.782382991589247467e+03
2.782382991589247467e+03
3.021684271764749610e+03
3.573824872175230212e+03
3.785376306262414801e+03
3.996927740349598935e+03
3.573824872175230212e+03
3.145212058489684296e+03
3.145212058489684296e+03
3.118160716717559808e+03
4.023439440140692113e+03
3.570800078429126188e+03
3.118160716717559808e+03
3.651152750707413816e+03
3.298163911385144729e+03
3.298163911385144729e+03
3.298163911385144729e+03
3.449452595695378932e+03
3.449452595695378932e+03
3.449452595695378932e+03
3.299812188701223022e+03
3.299812188701223022e+03
3.553687855709092219e+03
4.032750571727513488e+03
4.478672657344201980e+03
4.478672657344201980e+03
4.478672657344201980e+03
3.917147327250972012e+03
3.892705883131426162e+03
3.403728049814520546e+03
3.403728049814520546e+03
3.918830485199001487e+03
3.918830485199001487e+03
3.918830485199001487e+03
3.495630208458718698e+03
3.495630208458718698e+03
3.495630208458718698e+03
3.593381481549093678e+03
3.673124746916410913e+03
3.918574658412227564e+03
4.164024569908044214e+03
3.770069271302250854e+03
3.868211236185773487e+03
3.868211236185773487e+03
4.121427119413407127e+03
4.121427119413407127e+03
4.187691820499513597e+03
4.253956521585620067e+03
3.927217529272546017e+03
3.927217529272546017e+03
3.558513469304752107e+03
3.488764519525418109e+03
3.488764519525418109e+03
4.013406077845498203e+03
4.538047636165578297e+03
4.538047636165578297e+03
4.027664311674008786e+03
3.853119312347876075e+03
3.853119312347876075e+03
4.085770498555939866e+03
4.103086426815525556e+03
4.120402355075110790e+03
4.085770498555939866e+03
3.734023589114533479e+03
3.723298170578374084e+03
3.734023589114533479e+03
4.069534825585853014e+03
4.206032731438323935e+03
4.342530637290794402e+03
4.069534825585853014e+03
3.157621994409298168e+03
3.157621994409298168e+03
2.961265046415477627e+03
4.005719017888111921e+03
3.599328489287269804e+03
3.192937960686428141e+03
3.428830943909471443e+03
3.428830943909471443e+03
4.255815680250044352e+03
4.255815680250044352e+03
3.510790453948603044e+03
3.485957887200591813e+03
3.461125320452580581e+03
3.510790453948603044e+03
3.461125320452580581e+03
3.547961461567183960e+03
3.547961461567183960e+03
3.756058525293942239e+03
3.787264272235182943e+03
3.818470019176423193e+03
4.023782664235424818e+03
4.023782664235424818e+03
4.116087957808013925e+03
3.925778593008200914e+03
3.925778593008200914e+03
3.498803989098356396e+03
3.071829385188512333e+03
3.071829385188512333e+03
4.117422681156251201e+03
4.117422681156251201e+03
4.099576744186047108e+03
3.973277859698579960e+03
3.959569848979429480e+03
3.945861838260279001e+03
3.945861838260279001e+03
3.784365269009441818e+03
3.940117923262677778e+03
3.741204232347225116e+03
3.940117923262677778e+03
3.840661077804951674e+03
3.741204232347225116e+03
3.410015222174916289e+03
3.410015222174916289e+03
3.812037435142069626e+03
4.458091608133086993e+03
4.458091608133086993e+03
4.259789227445143297e+03
4.061486846757199146e+03
4.061486846757199146e+03
3.690221580265095326e+03
3.838144485013384838e+03
3.838144485013384838e+03
4.265896678426413018e+03
4.341417911562912195e+03
4.416939144699412282e+03
4.416939144699412282e+03
3.998686437697735983e+03
3.321837083240844095e+03
3.321837083240844095e+03
4.353139174633910443e+03
4.367391534331838557e+03
4.381643894029767580e+03
4.381643894029767580e+03
4.082086148639682051e+03
4.082086148639682051e+03
4.193781123194485190e+03
4.679415820813232131e+03
4.679415820813232131e+03
4.679415820813232131e+03
4.101021399585921245e+03
4.101021399585921245e+03
4.512358431342205222e+03
4.512358431342205222e+03
4.512358431342205222e+03
4.383365098526293878e+03
4.254371765710383443e+03
4.642870523492416396e+03
4.642870523492416396e+03
4.642870523492416396e+03
4.673185923714499040e+03
4.346304954355430709e+03
4.235936956521739376e+03
4.032472071844169022e+03
4.032472071844169022e+03
4.032472071844169022e+03
4.032472071844169022e+03
4.118838380330601467e+03
4.118838380330601467e+03
4.118838380330601467e+03
4.118838380330601467e+03
4.118838380330601467e+03
4.438667668622818383e+03
4.884441466498104091e+03
4.884441466498104091e+03
4.168723125367991088e+03
4.089557375684724320e+03
4.010391626001457098e+03
4.010391626001457098e+03
4.010391626001457098e+03
3.446847663850193840e+03
3.192111088282903893e+03
3.192111088282903893e+03
3.192111088282903893e+03
3.192111088282903893e+03
3.182230296521738182e+03
3.182230296521738182e+03
2.742225319859831416e+03
2.742225319859831416e+03
2.742225319859831416e+03
3.027444090224481442e+03
3.312662860589131924e+03
3.271158291526042376e+03
3.279004760510216784e+03
3.271158291526042376e+03
3.279004760510216784e+03
3.109296618199640307e+03
3.084064509388223087e+03
3.058832400576806322e+03
2.956085354774864300e+03
3.058832400576806322e+03
3.282520490793150657e+03
3.282520490793150657e+03
2.786027140470343966e+03
2.786027140470343966e+03
2.786027140470343966e+03
2.796129227009058923e+03
2.811080807083953005e+03
2.796129227009058923e+03
2.759172852157169018e+03
2.759172852157169018e+03
2.919831976399287669e+03
3.080491100641406774e+03
3.080491100641406774e+03
3.115529743565300123e+03
3.115529743565300123e+03
3.115529743565300123e+03
2.696343788167472667e+03
2.696343788167472667e+03
2.696343788167472667e+03
2.941371182138980203e+03
3.295093734335194767e+03
3.295093734335194767e+03
3.295093734335194767e+03
2.662501838330082592e+03
2.662501838330082592e+03
2.662501838330082592e+03
3.123175255352176009e+03
3.123175255352176009e+03
2.948326475425568333e+03
2.945110003805657016e+03
2.945110003805657016e+03
2.945110003805657016e+03
2.945110003805657016e+03
2.881007409014956920e+03
2.881007409014956920e+03
2.881007409014956920e+03
2.756255009905745737e+03
2.792135270065696204e+03
2.792135270065696204e+03
2.792135270065696204e+03
3.190446124342483017e+03
3.368850181301042994e+03
3.190446124342483017e+03
3.006481347496388480e+03
3.006481347496388480e+03
3.006481347496388480e+03
3.006481347496388480e+03
3.150860075562636212e+03
2.760964765296559108e+03
3.256568633877321190e+03
3.267747256352245131e+03
3.267747256352245131e+03
3.267747256352245131e+03
2.937836732563510850e+03
2.937836732563510850e+03
2.937836732563510850e+03
3.425217215685372594e+03
3.425217215685372594e+03
3.195736501110818608e+03
3.195736501110818608e+03
3.195736501110818608e+03
3.218263511942251171e+03
3.218263511942251171e+03
3.218263511942251171e+03
3.071760430460470161e+03
3.078324266421439006e+03
3.078324266421439006e+03
3.078324266421439006e+03
3.110685068758010402e+03
3.110685068758010402e+03
3.097866985357450176e+03
2.772129934999326906e+03
2.772129934999326906e+03
2.772129934999326906e+03
2.772129934999326906e+03
2.859696888518189098e+03
2.844561479684657570e+03
2.859524569612652158e+03
2.859524569612652158e+03
2.859524569612652158e+03
2.752892444615341446e+03
2.646260319618031190e+03
2.646260319618031190e+03
3.156793944623595962e+03
3.156793944623595962e+03
3.133459327355179084e+03
3.018678691625177180e+03
3.018678691625177180e+03
3.018678691625177180e+03
3.303130667768832609e+03
3.303130667768832609e+03
3.362562154669952633e+03
3.016347754465408798e+03
3.291875186420127193e+03
3.291875186420127193e+03
3.291875186420127193e+03
3.421096384224244957e+03
3.421096384224244957e+03
3.551739217784118409e+03
3.551739217784118409e+03
3.551739217784118409e+03
3.162706867646619230e+03
3.162706867646619230e+03
3.162706867646619230e+03
3.043405928734548070e+03
3.043405928734548070e+03
3.043405928734548070e+03
2.776870207952397777e+03
2.776870207952397777e+03
2.776870207952397777e+03
2.748716425833742960e+03
2.777588146493971180e+03
2.820021271599468037e+03
2.820021271599468037e+03
2.851400636658057920e+03
2.726595521901700067e+03
2.601790407145342215e+03
2.601790407145342215e+03
2.601790407145342215e+03
2.552970716794131476e+03
2.529974106766368095e+03
2.529974106766368095e+03
2.490442635844938650e+03
2.450911164923509205e+03
2.450911164923509205e+03
2.450911164923509205e+03
2.785350619658120195e+03
2.785350619658120195e+03
2.497034643070576749e+03
2.491367201697285509e+03
2.485699760323994269e+03
2.485699760323994269e+03
2.477181716265038176e+03
2.477181716265038176e+03
2.477181716265038176e+03
2.394166713623841588e+03
2.394166713623841588e+03
2.394166713623841588e+03
2.281543852595806584e+03
2.640419377935287230e+03
2.403399998552821671e+03
2.640419377935287230e+03
2.533103091358405891e+03
2.544581220632328950e+03
2.556059349906252464e+03
2.556059349906252464e+03
2.562886144408209020e+03
2.573036877166489376e+03
2.811055400793785793e+03
2.573036877166489376e+03
2.583401178268165495e+03
2.593765479369842069e+03
2.593765479369842069e+03
2.610543946542507001e+03
2.615655823169379801e+03
2.610543946542507001e+03
2.615655823169379801e+03
2.552002304202382220e+03
2.488348785235384184e+03
2.742142997643162744e+03
3.328913697506207427e+03
3.328913697506207427e+03
2.916810256744558956e+03
2.809890540801080078e+03
2.703931130193444005e+03
2.597971719585807477e+03
2.686982116778558975e+03
2.475835002290264129e+03
2.686982116778558975e+03
2.699969842366323974e+03
4.781542835193718929e+03
4.781542835193718929e+03
4.781542835193718929e+03
4.205468094453596677e+03
3.659788534519879249e+03
3.648424514958261625e+03
3.598550663382104176e+03
3.598550663382104176e+03
3.326707833948388725e+03
3.054865004514672819e+03
2.732005730742379001e+03
2.732005730742379001e+03
3.958771198302497851e+03
3.958771198302497851e+03
4.257474810588318178e+03
4.257474810588318178e+03
4.257474810588318178e+03
4.257474810588318178e+03
4.056572774453781676e+03
3.477862045444820069e+03
3.477862045444820069e+03
3.787935532357680131e+03
3.879361427131220807e+03
3.970787321904761939e+03
4.030154263663967868e+03
4.030154263663967868e+03
4.030154263663967868e+03
3.912452536811569189e+03
3.891230224543464828e+03
3.883446820222433416e+03
3.875663415901401549e+03
3.891230224543464828e+03
4.369342033364618146e+03
4.369342033364618146e+03
4.179892901783590787e+03
3.688476959747340970e+03
3.934184930765465651e+03
4.179892901783590787e+03
4.258754601327960700e+03
4.270626305503171352e+03
4.270626305503171352e+03
4.270626305503171352e+03
4.267305048012512088e+03
4.423275166156097839e+03
4.579245284299682680e+03
4.470486237232855274e+03
4.488680781123501220e+03
4.488680781123501220e+03
4.488680781123501220e+03
4.404340546798468495e+03
4.365237345743878905e+03
4.326134144689288405e+03
4.313350020154828599e+03
4.313350020154828599e+03
3.982913718969753518e+03
3.659549598775207869e+03
3.659549598775207869e+03
4.156672160157811959e+03
4.653794721540415594e+03
4.653794721540415594e+03
4.653794721540415594e+03
3.656702249253423815e+03
4.625767198752871991e+03
3.656702249253423815e+03
4.141234724003147676e+03
4.625767198752871991e+03
3.955675533297924176e+03
4.052852399228544073e+03
3.955675533297924176e+03
4.052852399228544073e+03
3.647799603234455844e+03
3.816238193045660410e+03
3.984676782856864975e+03
3.984676782856864975e+03
3.997448583281904121e+03
4.376781287135975617e+03
4.334249684722327402e+03
4.334249684722327402e+03
4.260040698229480768e+03
4.185831711736635043e+03
3.946970863809366165e+03
3.395028656291736752e+03
3.311486659936942033e+03
3.311486659936942033e+03
3.634433142195512119e+03
3.774116371045386586e+03
3.913799599895260599e+03
4.261059484094558684e+03
3.913799599895260599e+03
2.920043110648034599e+03
2.920043110648034599e+03
3.353285866691490810e+03
3.372244395909480772e+03
3.391202925127471190e+03
3.353285866691490810e+03
3.194971324995868144e+03
3.194971324995868144e+03
3.194971324995868144e+03
3.310618918785485221e+03
3.579866682868601856e+03
3.849114446951718037e+03
3.849114446951718037e+03
3.375122921870206937e+03
3.375122921870206937e+03
4.242608785371736303e+03
4.242608785371736303e+03
4.167740604171130144e+03
4.092872422970523985e+03
3.576652797091394405e+03
3.663694002087319859e+03
3.576652797091394405e+03
3.572310341860464632e+03
3.572310341860464632e+03
3.572310341860464632e+03
3.572310341860464632e+03
3.843276484624218483e+03
3.951827217377110173e+03
3.951827217377110173e+03
4.344983960155224850e+03
3.585413700764954228e+03
3.585413700764954228e+03
3.585413700764954228e+03
3.547591090714924576e+03
3.297096855441256139e+03
3.547591090714924576e+03
4.021124780562248816e+03
4.021124780562248816e+03
3.957200803133386216e+03
3.893276825704524072e+03
3.872715172739682203e+03
3.893276825704524072e+03
3.925444385335757943e+03
4.121809756850412668e+03
4.112242343651423653e+03
4.250092681500931576e+03
4.387943019350440409e+03
4.144169814642635174e+03
4.353518846575771931e+03
4.144169814642635174e+03
4.336825341905183450e+03
4.336825341905183450e+03
4.336825341905183450e+03
4.288818578502897253e+03
4.288818578502897253e+03
4.771905290460370452e+03
4.771905290460370452e+03
4.771905290460370452e+03
4.449597528654076996e+03
4.449597528654076996e+03
4.449597528654076996e+03
4.270820080316447275e+03
4.270820080316447275e+03
4.270820080316447275e+03
4.264559869339551369e+03
4.264559869339551369e+03
4.242053111290753804e+03
4.219546353241957149e+03
4.219546353241957149e+03
4.219546353241957149e+03
3.897398810502393189e+03
3.897398810502393189e+03
4.616421044078190789e+03
4.616421044078190789e+03
4.616421044078190789e+03
4.499272579085508369e+03
4.499272579085508369e+03
4.394889936014625164e+03
4.558601380205010173e+03
4.394889936014625164e+03
4.368469746435406705e+03
4.342049556856187337e+03
3.825931207873697076e+03
3.810675725578552829e+03
3.810675725578552829e+03
3.604648651335111026e+03
3.495810047527555980e+03
3.550229349431333503e+03
3.604648651335111026e+03
3.627599664936672070e+03
3.627599664936672070e+03
3.828757033150193820e+03
3.828757033150193820e+03
3.828757033150193820e+03
3.769772428494373798e+03
3.710787823838553777e+03
3.710787823838553777e+03
3.956044467545199950e+03
4.043659065169345013e+03
3.956044467545199950e+03
3.708662630019326116e+03
3.708662630019326116e+03
3.708662630019326116e+03
3.806412814840320152e+03
3.906466458909878384e+03
4.036652888757343135e+03
4.168237110668115747e+03
4.168237110668115747e+03
3.956366121733070031e+03
3.744495132798023860e+03
3.744495132798023860e+03
3.968809191428255872e+03
3.968809191428255872e+03
3.623328480333578227e+03
3.567171185010482532e+03
3.507897727217831289e+03
3.448624269425180046e+03
3.567171185010482532e+03
3.612718240305148811e+03
3.612718240305148811e+03
3.875591073905881785e+03
3.460395473619882068e+03
3.369290724875896558e+03
3.278185976131911502e+03
3.278185976131911502e+03
3.306471246455023447e+03
3.456767323628751910e+03
4.124078149683362426e+03
4.124078149683362426e+03
3.936783517996235787e+03
3.749488886309109603e+03
3.749488886309109603e+03
3.749488886309109603e+03
3.619927358418691256e+03
3.619927358418691256e+03
3.074836976996019075e+03
3.351547071541614059e+03
3.628257166087208589e+03
3.628257166087208589e+03
4.079105399150211269e+03
4.079105399150211269e+03
3.095735284370801764e+03
3.095735284370801764e+03
3.108387894253066406e+03
3.121040504135331503e+03
3.511056741848417005e+03
3.511056741848417005e+03
3.309869854708019830e+03
3.309869854708019830e+03
3.267286451474185014e+03
3.267286451474185014e+03
3.267286451474185014e+03
3.267286451474185014e+03
3.713289956418686870e+03
3.713289956418686870e+03
3.671677549019607795e+03
3.665092861540981630e+03
3.668385205280294940e+03
3.671677549019607795e+03
3.796199999999999818e+03
3.796199999999999818e+03
3.661567018488459325e+03
3.655374187331026860e+03
3.458751501538232787e+03
3.458751501538232787e+03
3.458751501538232787e+03
3.659805621677181080e+03
3.659805621677181080e+03
3.659805621677181080e+03
3.538989659368552111e+03
3.309616499242766167e+03
3.309616499242766167e+03
3.309616499242766167e+03
3.309616499242766167e+03
3.813386549145397112e+03
3.227343056511721898e+03
3.209172339325623852e+03
3.206459445259269160e+03
3.206459445259269160e+03
3.206459445259269160e+03
3.347633575836096497e+03
3.671368218955412885e+03
3.488110835239537664e+03
3.793693831151328141e+03
3.488110835239537664e+03
3.715070268910758841e+03
3.942029702581980018e+03
3.942029702581980018e+03
4.040021596166110157e+03
4.040021596166110157e+03
3.545442485698209111e+03
3.545442485698209111e+03
3.249818277174417290e+03
4.124043824701195263e+03
4.124043824701195263e+03
3.762868816564695862e+03
3.762868816564695862e+03
3.762868816564695862e+03
3.613234335406049922e+03
3.597535281438792936e+03
3.581836227471535949e+03
3.476195863133521925e+03
3.476195863133521925e+03
3.595124498353214676e+03
3.595124498353214676e+03
3.292767650915298873e+03
3.221506472932396719e+03
3.150245294949494564e+03
3.187181254591815105e+03
3.150245294949494564e+03
3.069454980876318587e+03
2.889605942446043173e+03
2.889605942446043173e+03
2.904681787370363963e+03
2.919757632294685209e+03
2.941580387160494411e+03
3.038849044442481045e+03
3.039918473207808347e+03
3.129889451849514899e+03
3.129889451849514899e+03
3.023784141989093769e+03
2.917678832128672184e+03
2.917678832128672184e+03
2.988726144126261715e+03
3.123680822080549660e+03
2.988726144126261715e+03
2.970799540365791472e+03
2.970799540365791472e+03
2.970799540365791472e+03
2.970799540365791472e+03
2.656709069678937340e+03
2.656709069678937340e+03
2.710524762392622961e+03
2.800272472810262570e+03
2.762664730242928272e+03
2.725056987675594428e+03
2.725056987675594428e+03
2.653264803827445576e+03
2.653264803827445576e+03
2.714336224087015125e+03
2.814011888925295807e+03
2.844805547434462824e+03
2.875599205943629386e+03
2.875599205943629386e+03
2.810717297715481891e+03
2.722509998245536735e+03
2.722509998245536735e+03
2.722509998245536735e+03
2.790651697542340116e+03
2.858793396839143043e+03
2.858793396839143043e+03
2.858793396839143043e+03
2.861927520594135785e+03
2.811157981945043957e+03
2.928224659947558393e+03
2.828184983300797740e+03
2.728145306654037086e+03
2.718240749713007062e+03
2.681984887871853971e+03
2.718240749713007062e+03
2.723114117518088278e+03
2.959062029934965722e+03
3.000434958266451758e+03
3.041807886597938250e+03
3.107877554386221618e+03
4.768880302915148604e+03
4.768880302915148604e+03
3.888868628933886157e+03
3.321915278867907546e+03
3.605391953900896624e+03
3.888868628933886157e+03
4.229965339233038321e+03
4.393498222935459125e+03
4.393498222935459125e+03
4.393498222935459125e+03
3.772740321008160663e+03
3.882810214338693186e+03
3.992880107669226163e+03
3.992880107669226163e+03
4.408999727272726886e+03
4.408999727272726886e+03
4.349255889035359360e+03
4.186702686113642812e+03
4.240136053213955165e+03
4.293569420314266608e+03
4.186702686113642812e+03
3.953951929271950121e+03
3.953951929271950121e+03
4.184008202236754187e+03
4.184008202236754187e+03
4.182256488473283753e+03
4.180504774709813319e+03
4.016044790298572934e+03
3.824107647484855988e+03
3.824107647484855988e+03
4.469318465204956738e+03
4.469318465204956738e+03
4.282687685859326848e+03
4.096056906513696958e+03
4.014886498532487167e+03
4.014886498532487167e+03
3.664618227757311161e+03
3.713788922947238916e+03
3.664618227757311161e+03
3.689203575352275038e+03
3.713788922947238916e+03
4.035831095478915358e+03
4.239210002310916934e+03
4.239210002310916934e+03
4.212729331683168311e+03
3.610780782147592163e+03
3.911755056915380010e+03
4.212729331683168311e+03
4.302714081071851979e+03
4.302714081071851979e+03
3.756570218626337464e+03
3.756570218626337464e+03
4.282035193791194615e+03
4.282035193791194615e+03
4.282035193791194615e+03
3.951232759012420956e+03
3.951232759012420956e+03
4.075065469817853682e+03
4.128943358887703653e+03
4.075065469817853682e+03
3.909259943446743364e+03
3.743454417075633046e+03
3.743454417075633046e+03
4.157573506025764800e+03
4.299476293712034931e+03
4.689226241811811633e+03
4.689226241811811633e+03
4.535830266884260709e+03
4.382434291956708876e+03
3.804653370346909014e+03
3.804653370346909014e+03
3.804653370346909014e+03
4.841785713937792025e+03
4.239687515701464690e+03
4.504053608023372362e+03
4.768419700345280944e+03
4.239687515701464690e+03
4.405981450140076959e+03
4.203877866039718356e+03
4.405981450140076959e+03
4.138835758886867552e+03
3.869506116358365944e+03
3.600176473829864335e+03
3.600176473829864335e+03
4.822216951589090058e+03
4.822216951589090058e+03
4.205390718730728622e+03
4.202650315504807622e+03
4.202650315504807622e+03
4.202650315504807622e+03
4.188155648087355985e+03
4.442842826799526847e+03
4.598112160570794913e+03
4.598112160570794913e+03
3.499006072561305700e+03
3.499006072561305700e+03
3.499006072561305700e+03
3.497474459059274523e+03
3.662076334089190823e+03
4.221572898956284916e+03
4.221572898956284916e+03
4.221572898956284916e+03
3.969871022290318251e+03
3.718169145624352041e+03
4.050495402488259060e+03
3.843495185185185164e+03
4.050495402488259060e+03
4.189055628121473092e+03
4.189055628121473092e+03
4.130963862692955445e+03
4.072872097264437798e+03
4.072872097264437798e+03
4.247933177314815111e+03
4.247933177314815111e+03
4.232637004900427200e+03
4.232637004900427200e+03
4.235096321232253104e+03
4.237555637564078097e+03
4.638431995171715243e+03
4.638431995171715243e+03
3.493343138081910183e+03
3.493343138081910183e+03
3.984855126974238829e+03
3.984855126974238829e+03
3.984855126974238829e+03
3.984855126974238829e+03
3.874333899022109108e+03
4.239054557492230742e+03
3.874333899022109108e+03
4.239054557492230742e+03
4.374055228351808182e+03
4.509055899211386532e+03
4.509055899211386532e+03
4.558992639676601357e+03
4.558992639676601357e+03
4.558992639676601357e+03
4.356293882907790248e+03
4.356293882907790248e+03
4.356293882907790248e+03
4.846052697877803439e+03
4.999534769054623212e+03
4.999534769054623212e+03
4.884735365666683720e+03
4.816869661240310052e+03
4.220062971465738883e+03
4.220062971465738883e+03
4.253602524386790719e+03
4.253602524386790719e+03
4.329011355879400980e+03
4.329011355879400980e+03
4.329011355879400980e+03
4.181153387959732754e+03
4.181153387959732754e+03
4.453215722172079040e+03
4.181153387959732754e+03
4.429700954220093990e+03
4.170435018413124453e+03
4.429700954220093990e+03
4.300067986316609677e+03
4.170435018413124453e+03
3.941249014400173110e+03
3.941249014400173110e+03
3.941249014400173110e+03
3.955481733970314508e+03
3.674953094758845054e+03
4.023094867689122111e+03
4.371236640619398713e+03
3.902344282270700660e+03
4.046405502818694004e+03
4.046405502818694004e+03
4.235772707689591698e+03
4.235772707689591698e+03
4.147363667391541640e+03
4.058954627093492036e+03
4.058954627093492036e+03
4.145268636911941940e+03
4.145268636911941940e+03
4.735780506893334859e+03
4.293846359184602989e+03
4.293846359184602989e+03
4.293846359184602989e+03
4.289248190566685480e+03
3.473228806662908028e+03
4.158092419932984740e+03
4.058971462694578804e+03
4.058971462694578804e+03
4.058971462694578804e+03
4.058971462694578804e+03
3.678627258500728203e+03
4.266741388353913862e+03
3.651045810349536168e+03
3.776350418289515801e+03
3.776350418289515801e+03
3.776350418289515801e+03
3.776350418289515801e+03
3.611157716072783842e+03
3.611157716072783842e+03
3.402660862748126874e+03
3.834180581009944035e+03
3.402660862748126874e+03
3.387295375387225249e+03
3.371929888026324079e+03
3.371929888026324079e+03
3.333063992132272688e+03
3.516391413183645000e+03
3.193587570192885323e+03
3.246948511114581834e+03
3.246948511114581834e+03
3.246948511114581834e+03
3.635301440838022245e+03
3.635301440838022245e+03
3.460221103152778596e+03
3.189017890569962219e+03
3.189017890569962219e+03
3.243653145387861514e+03
3.298288400205761263e+03
3.415700386757143406e+03
3.415700386757143406e+03
4.008480938482262445e+03
4.008480938482262445e+03
3.087365264270612897e+03
3.087365264270612897e+03
3.087365264270612897e+03
3.220231517943353083e+03
3.220231517943353083e+03
3.188847851216114123e+03
3.188847851216114123e+03
2.641625195960978999e+03
3.213179567375861552e+03
3.784733938790744105e+03
4.009058512942705420e+03
4.009058512942705420e+03
3.895464784165697438e+03
3.325227912366912733e+03
3.065848669437966691e+03
3.065848669437966691e+03
3.065848669437966691e+03
3.065848669437966691e+03
3.871663589685642819e+03
3.871663589685642819e+03
3.062667819769379093e+03
3.037257292023280115e+03
3.049962555896329832e+03
3.062667819769379093e+03
3.394359747779614281e+03
3.499189477395756512e+03
3.499189477395756512e+03
3.499189477395756512e+03
3.234534361111808266e+03
3.252824013893375650e+03
3.271113666674943033e+03
3.271113666674943033e+03
3.271113666674943033e+03
2.843626658640078858e+03
2.843626658640078858e+03
3.201099550084427392e+03
3.201099550084427392e+03
3.201099550084427392e+03
2.997000000000000000e+03
2.997000000000000000e+03
3.532730325064157569e+03
3.532730325064157569e+03
3.249775739511866050e+03
3.249775739511866050e+03
3.249775739511866050e+03
3.300208565842711778e+03
3.501479027016694545e+03
3.501479027016694545e+03
3.146008332024501215e+03
3.146008332024501215e+03
3.146008332024501215e+03
3.241084597051756646e+03
3.241084597051756646e+03
3.600782716099846311e+03
3.600782716099846311e+03
3.505733516770575534e+03
3.207684323026913262e+03
3.171334281591074614e+03
3.171334281591074614e+03
3.321335301953125054e+03
4.131698178884280424e+03
4.131698178884280424e+03
3.596400000000000091e+03
3.596400000000000091e+03
3.596400000000000091e+03
3.596400000000000091e+03
3.596400000000000091e+03
3.434756374222656177e+03
2.942026371504080089e+03
2.942026371504080089e+03
2.998285326400485701e+03
2.998285326400485701e+03
2.998285326400485701e+03
3.451765835935152154e+03
3.572415691329186757e+03
3.572415691329186757e+03
3.155602548693459084e+03
3.126362142500535811e+03
3.087844786284957991e+03
3.049327430069380625e+03
3.049327430069380625e+03
3.373944179445839836e+03
3.373944179445839836e+03
3.140832397445240531e+03
2.864916237305379127e+03
2.929342940983255630e+03
2.993769644661132133e+03
2.889138037472050655e+03
2.993769644661132133e+03
2.889138037472050655e+03
2.528009179535606563e+03
2.528009179535606563e+03
2.569784469827195608e+03
2.611559760118784197e+03
2.927716383470537949e+03
2.937400417120740258e+03
2.927716383470537949e+03
2.722723981099656612e+03
2.722723981099656612e+03
2.732738740571367089e+03
2.742753500043077565e+03
2.954535731723675781e+03
3.038789711790144793e+03
2.954535731723675781e+03
2.983040685404575925e+03
2.861428169455252828e+03
2.922234427429914376e+03
2.983040685404575925e+03
3.115683874106820895e+03
3.115683874106820895e+03
2.963150614226596190e+03
2.541204981360554939e+03
2.541204981360554939e+03
2.601669794649299547e+03
2.662134607938044610e+03
2.662134607938044610e+03
2.922976214775139852e+03
2.708736716160124615e+03
3.225231272489368621e+03
2.708736716160124615e+03
2.918544864498951029e+03
3.128353012837776987e+03
2.766188111273029790e+03
2.914306590155680169e+03
2.914306590155680169e+03
2.914306590155680169e+03
2.596130010981051782e+03
2.596130010981051782e+03
2.596130010981051782e+03
2.823460248568032057e+03
2.823460248568032057e+03
2.755581069128460058e+03
2.731047781332591057e+03
2.755581069128460058e+03
2.712067966443102705e+03
2.668554863757745352e+03
2.763235343492380252e+03
2.763235343492380252e+03
2.763235343492380252e+03
2.804606026169004053e+03
2.674765636305014141e+03
2.635236425811533081e+03
2.595707215318052477e+03
2.595707215318052477e+03
2.831819438756515410e+03
3.253811266133988738e+03
3.454197731053604002e+03
5.286810192633080987e+03
5.286810192633080987e+03
5.286810192633080987e+03
5.084229371919868754e+03
5.084229371919868754e+03
5.084229371919868754e+03
4.791576610640796389e+03
4.791576610640796389e+03
4.847500357205137334e+03
4.903424103769479188e+03
4.978387360418151729e+03
5.008444241860848706e+03
4.978387360418151729e+03
4.514952368237900373e+03
4.514952368237900373e+03
4.626579820567898423e+03
4.738207272897897383e+03
4.830106173560533534e+03
4.738207272897897383e+03
4.830106173560533534e+03
4.837374396351278847e+03
4.837381935467576113e+03
4.837378165909427480e+03
4.837374396351278847e+03
4.837381935467576113e+03
4.826586272309459673e+03
5.374764914344533281e+03
5.407733457175828335e+03
5.426977667563131945e+03
5.426977667563131945e+03
5.426977667563131945e+03
5.239532261860978906e+03
5.017135687878549106e+03
5.017135687878549106e+03
4.591828027812490291e+03
5.477847317401324290e+03
5.159350099002295792e+03
4.840852880603267295e+03
4.840852880603267295e+03
4.840852880603267295e+03
5.160396343792297557e+03
5.243023520844533778e+03
5.160396343792297557e+03
5.136887732882079035e+03
5.113379121971860513e+03
4.724668564433794927e+03
4.724668564433794927e+03
4.724668564433794927e+03
4.826710089022772991e+03
5.255680432150348679e+03
5.255680432150348679e+03
5.255680432150348679e+03
5.255680432150348679e+03
5.195302770298764699e+03
4.975115494638305790e+03
4.975115494638305790e+03
4.837833319686812501e+03
4.642386107885039564e+03
4.446938896083266627e+03
4.446938896083266627e+03
4.874297299873381235e+03
5.008563001376778629e+03
5.186079116129032627e+03
5.619835391804297615e+03
5.619835391804297615e+03
5.619835391804297615e+03
5.326913236124876676e+03
5.326913236124876676e+03
5.318905561091660275e+03
5.318905561091660275e+03
5.048430894318728861e+03
5.048430894318728861e+03
5.048430894318728861e+03
5.668915730638744208e+03
5.668915730638744208e+03
5.047576152114888828e+03
4.835971614246855097e+03
4.835971614246855097e+03
5.081014939556947866e+03
5.326058264867039725e+03
5.326058264867039725e+03
5.271996978237768417e+03
5.271996978237768417e+03
4.358591288974194867e+03
4.636755022552151786e+03
4.580145062615700226e+03
4.523535102679247757e+03
4.636755022552151786e+03
4.713490101472343667e+03
4.760523286912846743e+03
4.786070199150642111e+03
4.786070199150642111e+03
4.887787634342739693e+03
4.989505069534836366e+03
4.701980008182934398e+03
4.774000641646488475e+03
4.701980008182934398e+03
4.774000641646488475e+03
4.938210992283163250e+03
5.149922317965513685e+03
5.361633643647864119e+03
5.383270884955752990e+03
5.578583295910184461e+03
5.383270884955752990e+03
5.245247663551402184e+03
4.992561757114633110e+03
4.806633432737346993e+03
4.620705108360060876e+03
4.620705108360060876e+03
5.122267079150801692e+03
5.122267079150801692e+03
4.855655997317871879e+03
4.855655997317871879e+03
4.979079327949278195e+03
5.102502658580684511e+03
5.102502658580684511e+03
5.005188371050862770e+03
5.005188371050862770e+03
4.899773140399209296e+03
5.105036111964367592e+03
5.105036111964367592e+03
5.105036111964367592e+03
5.208668563841849391e+03
5.208668563841849391e+03
5.072673648180704731e+03
5.061982646449509048e+03
5.061982646449509048e+03
4.980789623241803383e+03
4.899596600034097719e+03
5.077708041294459690e+03
5.251807243532560278e+03
5.251807243532560278e+03
4.825595972546949270e+03
4.825595972546949270e+03
4.893404254284119816e+03
4.961212536021291271e+03
5.337289282034676035e+03
5.337289282034676035e+03
5.110971982378854591e+03
4.844331829599261255e+03
5.110971982378854591e+03
5.352658254170715736e+03
5.594344525962576881e+03
5.594344525962576881e+03
5.208705009173389954e+03
4.549154385287817604e+03
4.549154385287817604e+03
5.086027107202592560e+03
5.100647671513232126e+03
5.115268235823871692e+03
5.231369243218027805e+03
5.655770799985644771e+03
5.711291645183932815e+03
5.711291645183932815e+03
5.474353527965348803e+03
5.474353527965348803e+03
5.474353527965348803e+03
5.474353527965348803e+03
5.469181280820362190e+03
5.469181280820362190e+03
5.084281665122026425e+03
5.990827789937205125e+03
5.233334229582342232e+03
5.233334229582342232e+03
4.855079213973798687e+03
4.855079213973798687e+03
4.855079213973798687e+03
4.855079213973798687e+03
4.855079213973798687e+03
4.766897590714173930e+03
4.678715967454548263e+03
4.678715967454548263e+03
5.330288865390323735e+03
5.377422686043829344e+03
5.377422686043829344e+03
5.050161161152700515e+03
4.986606656156399367e+03
4.923052151160098219e+03
5.050161161152700515e+03
5.529298635099336934e+03
5.529298635099336934e+03
5.336271799746514262e+03
4.588145700342248347e+03
4.531598651943399091e+03
4.475051603544549835e+03
4.475051603544549835e+03
5.264847788579436383e+03
5.264847788579436383e+03
4.430686339644771579e+03
4.430686339644771579e+03
4.430686339644771579e+03
4.430686339644771579e+03
4.411731957256701207e+03
4.411731957256701207e+03
4.935218486920332907e+03
4.935218486920332907e+03
4.724078639770971677e+03
4.610022989951035925e+03
4.495967340131099263e+03
4.495967340131099263e+03
4.495967340131099263e+03
4.664820343989472349e+03
4.664820343989472349e+03
4.190426013518723266e+03
4.190426013518723266e+03
4.190426013518723266e+03
4.190426013518723266e+03
4.157429771085254288e+03
4.070367649897953470e+03
4.157429771085254288e+03
4.176120407761673960e+03
4.359698096098793940e+03
4.543275784435913920e+03
4.394295868842434174e+03
4.394295868842434174e+03
4.201135745195118943e+03
4.003270539980885133e+03
3.917963623339077458e+03
3.960617081659981523e+03
4.003270539980885133e+03
4.278543004879795262e+03
4.304814791548228641e+03
4.278543004879795262e+03
4.073563063966195386e+03
3.556873177429857151e+03
3.556873177429857151e+03
3.556873177429857151e+03
3.927517471723219842e+03
4.313868560201027321e+03
4.313868560201027321e+03
4.313868560201027321e+03
3.700238156830437674e+03
3.700238156830437674e+03
3.700238156830437674e+03
3.700238156830437674e+03
4.883436648498926843e+03
4.883436648498926843e+03
4.240585896489933475e+03
4.189487335188096949e+03
4.140795209629446617e+03
4.092103084070796740e+03
4.092103084070796740e+03
5.163893335148380174e+03
5.163893335148380174e+03
3.954673402061855995e+03
3.954673402061855995e+03
3.929988644504657714e+03
3.905303886947458977e+03
3.978921925201256727e+03
4.391268164282902944e+03
4.391268164282902944e+03
4.391268164282902944e+03
4.234379445199891961e+03
4.234379445199891961e+03
4.234379445199891961e+03
4.234379445199891961e+03
4.812593839862111963e+03
5.556058538185636280e+03
