1.440191285469114973e+03
1.440191285469114973e+03
1.440191285469114973e+03
1.396670699738016765e+03
1.396670699738016765e+03
1.380903530895714312e+03
1.492540272305310054e+03
1.450662842974017167e+03
1.408785413642724507e+03
1.481276837997128041e+03
1.481276837997128041e+03
1.504607518749804512e+03
1.504607518749804512e+03
1.504607518749804512e+03
1.514117511407923075e+03
1.523627504066041638e+03
1.523627504066041638e+03
1.524921773422243177e+03
1.562664333916269243e+03
1.562664333916269243e+03
1.496778956619452856e+03
1.496778956619452856e+03
1.496778956619452856e+03
1.496778956619452856e+03
1.496778956619452856e+03
1.496778956619452856e+03
1.496778956619452856e+03
1.496778956619452856e+03
1.500306777784147243e+03
1.500306777784147243e+03
1.500306777784147243e+03
1.500306777784147243e+03
1.529797436111439083e+03
1.540572492540210305e+03
1.663706949518114698e+03
1.663706949518114698e+03
1.663706949518114698e+03
1.627599314991176016e+03
1.593594237957201130e+03
1.593594237957201130e+03
1.593594237957201130e+03
1.639615677876383415e+03
1.639615677876383415e+03
1.639615677876383415e+03
1.632654475004886308e+03
1.622946734783437932e+03
1.632654475004886308e+03
1.646826690400002917e+03
1.646826690400002917e+03
1.635226838730500504e+03
1.623626987060998090e+03
1.623626987060998090e+03
1.681153692951945686e+03
1.681153692951945686e+03
1.711917553796125503e+03
1.691831984751389200e+03
1.695063216857740144e+03
1.698294448964091089e+03
1.698294448964091089e+03
1.698294448964091089e+03
1.715412078937059050e+03
1.769089657801160229e+03
1.822072993101867951e+03
1.795581325451514203e+03
1.769089657801160229e+03
1.783582755214915551e+03
1.783582755214915551e+03
1.828379450035547961e+03
1.850546535174462406e+03
1.850546535174462406e+03
1.849185517114099184e+03
1.847824499053735963e+03
1.806403798663219504e+03
1.806403798663219504e+03
1.813705132125936416e+03
1.884634780429960074e+03
1.843512480018192718e+03
1.854254313437334076e+03
1.864996146856475207e+03
1.843512480018192718e+03
1.818723682707665603e+03
1.818723682707665603e+03
1.835888694816464067e+03
1.851748588151190688e+03
1.851748588151190688e+03
1.851748588151190688e+03
1.895273286815213623e+03
1.895273286815213623e+03
1.866160662213490468e+03
1.823030686080048099e+03
1.866160662213490468e+03
1.844595674146769397e+03
1.823030686080048099e+03
1.771652940222844109e+03
1.771652940222844109e+03
1.823142854076899994e+03
1.826947681773789100e+03
1.826947681773789100e+03
1.839522511272461770e+03
1.852097340771134441e+03
1.852097340771134441e+03
1.852097340771134441e+03
1.760821975575899614e+03
1.760821975575899614e+03
1.795436306980579502e+03
1.795915257480863147e+03
1.796394207981147019e+03
1.796394207981147019e+03
1.796394207981147019e+03
1.755553007860229627e+03
1.719299054791074695e+03
1.719299054791074695e+03
1.740398617999335556e+03
1.761498181207596417e+03
1.761498181207596417e+03
1.761498181207596417e+03
1.806797429536908794e+03
1.806797429536908794e+03
1.802717328970723202e+03
1.793439168362106557e+03
1.784161007753489912e+03
1.735828688323804727e+03
1.735828688323804727e+03
1.786548931319673102e+03
1.786548931319673102e+03
1.731873543884959417e+03
1.726174327310463923e+03
1.720475110735968428e+03
1.720475110735968428e+03
1.695932357323607903e+03
1.729820629357692951e+03
1.737265144876938393e+03
1.790633059305336701e+03
1.790633059305336701e+03
1.790633059305336701e+03
1.829642106044720322e+03
1.785110786498086327e+03
1.830862568771153065e+03
1.823688096604988004e+03
1.835411811768309917e+03
1.829549954186648847e+03
1.823688096604988004e+03
1.858183355248413591e+03
1.777766214378907080e+03
1.858183355248413591e+03
1.867238814091854010e+03
1.867238814091854010e+03
1.887398340938041656e+03
1.907557867784229302e+03
1.857163094963556887e+03
1.919886839236422020e+03
1.790807123540793100e+03
1.791046268928414747e+03
1.791046268928414747e+03
1.806921964809647761e+03
1.822797660690881003e+03
1.822797660690881003e+03
1.754544648032516307e+03
1.754544648032516307e+03
1.805790760551790754e+03
1.837236119890102373e+03
1.838395966314791167e+03
1.839555812739479961e+03
1.837236119890102373e+03
1.820493335616938339e+03
1.820493335616938339e+03
1.820493335616938339e+03
1.812523450302247511e+03
1.812523450302247511e+03
1.812523450302247511e+03
1.815919400295352034e+03
1.815919400295352034e+03
1.800825272245678207e+03
1.778513869183390170e+03
1.759239807721754232e+03
1.768876838452572201e+03
1.778513869183390170e+03
1.728968287316526812e+03
1.782081347763988106e+03
1.728968287316526812e+03
1.730893022633917099e+03
1.692529032577331009e+03
1.692529032577331009e+03
1.692529032577331009e+03
1.588766548491955064e+03
1.588727904248446748e+03
1.588766548491955064e+03
1.605373727104774616e+03
1.605373727104774616e+03
1.585450244264982757e+03
1.565526761425190898e+03
1.501211875861627050e+03
1.501211875861627050e+03
1.536901298464959837e+03
1.536901298464959837e+03
1.450822363080869991e+03
1.450822363080869991e+03
1.450822363080869991e+03
1.480928982084389190e+03
1.518112568316306351e+03
1.501856206156849566e+03
1.501856206156849566e+03
1.435144335197911232e+03
1.435144335197911232e+03
1.435144335197911232e+03
1.466778611870509167e+03
1.481129532756897561e+03
1.493585901481125120e+03
1.508123748676323203e+03
1.493585901481125120e+03
1.512819937118657890e+03
1.532053972756190888e+03
1.532053972756190888e+03
1.532053972756190888e+03
1.490737807179387573e+03
1.490737807179387573e+03
1.513000669647916311e+03
1.522380459175334181e+03
1.531760248702751824e+03
1.513000669647916311e+03
1.531760248702751824e+03
1.569641278571254361e+03
1.589734206120731642e+03
1.589734206120731642e+03
1.542290648226678968e+03
1.494847090332626294e+03
1.494847090332626294e+03
1.502228894606937047e+03
1.502228894606937047e+03
1.527639792510485449e+03
1.544049450939826556e+03
1.544049450939826556e+03
1.544049450939826556e+03
1.469298650987040219e+03
1.469298650987040219e+03
1.515786503729747892e+03
1.564959451445401783e+03
1.576739687199514947e+03
1.579568713632023446e+03
1.582397740064531945e+03
1.576739687199514947e+03
1.549756794604662446e+03
1.549756794604662446e+03
1.510689760553147607e+03
1.600575765877510776e+03
1.618545891118924828e+03
1.636516016360338881e+03
1.636516016360338881e+03
1.636516016360338881e+03
1.645266277269684906e+03
1.651551699199330187e+03
1.665580066703640341e+03
1.658565882951485264e+03
1.651551699199330187e+03
1.661196581454100851e+03
1.661196581454100851e+03
1.661196581454100851e+03
1.710906119519857839e+03
1.710906119519857839e+03
1.716535150704615262e+03
1.722164181889372912e+03
1.722164181889372912e+03
1.718085502526408163e+03
1.718085502526408163e+03
1.725703129642142812e+03
1.731009366347870582e+03
1.728356247995006697e+03
1.725703129642142812e+03
1.719344032689162304e+03
1.719344032689162304e+03
1.719344032689162304e+03
1.762359356325297085e+03
1.683154080109379493e+03
1.754452952791530379e+03
1.683154080109379493e+03
1.754452952791530379e+03
1.754452952791530379e+03
1.754452952791530379e+03
1.802625100275540035e+03
1.802625100275540035e+03
1.802625100275540035e+03
1.802625100275540035e+03
1.754461010946596161e+03
1.704678043872299895e+03
1.704678043872299895e+03
1.704678043872299895e+03
1.701234398958472411e+03
1.706760846912919533e+03
1.712287294867366427e+03
1.694093424453342095e+03
1.704987489772776598e+03
1.673431385714889302e+03
1.620907225061724603e+03
1.593001926739764713e+03
1.580242657337055562e+03
1.567483387934346410e+03
1.552080486938919421e+03
1.537179039332115508e+03
1.519257383499308162e+03
1.514199183214795084e+03
1.454770958443104746e+03
1.437802699443318943e+03
1.420834440443533367e+03
1.420834440443533367e+03
1.409179373406904688e+03
1.387199612534953303e+03
1.379961013595155009e+03
1.379961013595155009e+03
1.379961013595155009e+03
1.379961013595155009e+03
1.331483944279983007e+03
1.331483944279983007e+03
1.331483944279983007e+03
1.326959816882728092e+03
1.342388573814986330e+03
1.334674195348857211e+03
1.326959816882728092e+03
1.319540019494974104e+03
1.319540019494974104e+03
1.319540019494974104e+03
1.289733132993045047e+03
1.278239124093154032e+03
1.265244598038632830e+03
1.252250071984111401e+03
1.263549044703326445e+03
1.234754652836918694e+03
1.228398627004334003e+03
1.228398627004334003e+03
1.233044458963195893e+03
1.233044458963195893e+03
1.233044458963195893e+03
1.216768211050283071e+03
1.216768211050283071e+03
1.220983065495388701e+03
1.220983065495388701e+03
1.194030412593861911e+03
1.191582758357671537e+03
1.189135104121481390e+03
1.170752726007620367e+03
1.168556717624422845e+03
1.168556717624422845e+03
1.145412700342686776e+03
1.191231089564353624e+03
1.173009123293330958e+03
1.154787157022308293e+03
1.170024745437147430e+03
1.170024745437147430e+03
1.170024745437147430e+03
1.169644142471405075e+03
1.168032057568676237e+03
1.167524579981632542e+03
1.167017102394588846e+03
1.167017102394588846e+03
1.167017102394588846e+03
1.144142548578316564e+03
1.196271976914169500e+03
1.210070843328804585e+03
1.210070843328804585e+03
1.210070843328804585e+03
1.210070843328804585e+03
1.202190299281257239e+03
1.213481868068661015e+03
1.213481868068661015e+03
1.232636457853589491e+03
1.232636457853589491e+03
1.232636457853589491e+03
1.232636457853589491e+03
1.253625653532572642e+03
1.253625653532572642e+03
1.312629932113644600e+03
1.312629932113644600e+03
1.312629932113644600e+03
1.312629932113644600e+03
1.313859970846198621e+03
1.326433854475212456e+03
1.313859970846198621e+03
1.326433854475212456e+03
1.329439407195267677e+03
1.360728037025700360e+03
1.392016666856132815e+03
1.420739581864980892e+03
1.428523247071123933e+03
1.428523247071123933e+03
1.456843838945325615e+03
1.456843838945325615e+03
1.474208452661895990e+03
1.491573066378466365e+03
1.560362220721196763e+03
1.560362220721196763e+03
1.563517393450785448e+03
1.563517393450785448e+03
1.563517393450785448e+03
1.582763698459832085e+03
1.602010003468878722e+03
1.559335776661719819e+03
1.602010003468878722e+03
1.554235791915428990e+03
1.632565852179247258e+03
1.599863986072446778e+03
1.616214919125847018e+03
1.632565852179247258e+03
1.640343562602570728e+03
1.640343562602570728e+03
1.640343562602570728e+03
1.683107473152035936e+03
1.705356037315945059e+03
1.708168215592959314e+03
1.710980393869973796e+03
1.763161198022351982e+03
1.763161198022351982e+03
1.771500550335689240e+03
1.771500550335689240e+03
1.771500550335689240e+03
1.788402160089106701e+03
1.788402160089106701e+03
1.788402160089106701e+03
1.808452278698116970e+03
1.808452278698116970e+03
1.808452278698116970e+03
1.824493976740928701e+03
1.841010144701664103e+03
1.857526312662399505e+03
1.857526312662399505e+03
1.831372338421838776e+03
1.831372338421838776e+03
1.840502631440493587e+03
1.852799451133208322e+03
1.858993203643828110e+03
1.865186956154447898e+03
1.865186956154447898e+03
1.865925679798800502e+03
1.860213727655996081e+03
1.860213727655996081e+03
1.860213727655996081e+03
1.871268190564750284e+03
1.882322653473504488e+03
1.882322653473504488e+03
1.919798256273973266e+03
1.928229472876530963e+03
1.941921789954011501e+03
1.941921789954011501e+03
1.901444334278701717e+03
1.860966878603391933e+03
1.860966878603391933e+03
1.920278889987974480e+03
1.920278889987974480e+03
1.920278889987974480e+03
1.928926010492390105e+03
1.928926010492390105e+03
1.928926010492390105e+03
1.901940293402809630e+03
1.901940293402809630e+03
1.901940293402809630e+03
1.888634989699758307e+03
1.888634989699758307e+03
1.888634989699758307e+03
1.888634989699758307e+03
1.871537476033181065e+03
1.871537476033181065e+03
1.893205804905016066e+03
1.893205804905016066e+03
1.875728997339931993e+03
1.865841127587839765e+03
1.855953257835747536e+03
1.855953257835747536e+03
1.855953257835747536e+03
1.842922781331052875e+03
1.842922781331052875e+03
1.873409633210013908e+03
1.873409633210013908e+03
1.873409633210013908e+03
1.865681076632487930e+03
1.850947190495242467e+03
1.850947190495242467e+03
1.878283681715166495e+03
1.882924630175542916e+03
1.889105965658343393e+03
1.895287301141144098e+03
1.895287301141144098e+03
1.855796175480128795e+03
1.855796175480128795e+03
1.860150766923434503e+03
1.882480435792901289e+03
1.882480435792901289e+03
1.882480435792901289e+03
1.875566451708152954e+03
1.865824297715204693e+03
1.803141300380041912e+03
1.803141300380041912e+03
1.803141300380041912e+03
1.800636627835231593e+03
1.798131955290421502e+03
1.830246605676032686e+03
1.790902219582610314e+03
1.759755948134392156e+03
1.759755948134392156e+03
1.759755948134392156e+03
1.743386493353058768e+03
1.727017038571725379e+03
1.707741924538588819e+03
1.666959390272253813e+03
1.634736990015882157e+03
1.634736990015882157e+03
1.677692356173592088e+03
1.685170670038599383e+03
1.692648983903606904e+03
1.677692356173592088e+03
1.670695019972763703e+03
1.669622573707104721e+03
1.601870932077632006e+03
1.626501384564269529e+03
1.626501384564269529e+03
1.626501384564269529e+03
1.626501384564269529e+03
1.514049803373824716e+03
1.342571957712568064e+03
1.342571957712568064e+03
1.570201997900604056e+03
1.570201997900604056e+03
1.570201997900604056e+03
1.570201997900604056e+03
1.552482690730292916e+03
1.569498711530268110e+03
1.521320890078601224e+03
1.487869955598839624e+03
1.481904530354341659e+03
1.475939105109843695e+03
1.487869955598839624e+03
1.497499983529836982e+03
1.497499983529836982e+03
1.488834060870279700e+03
1.478787263560615202e+03
1.478787263560615202e+03
1.478787263560615202e+03
1.427840138297499152e+03
1.419053650384521006e+03
1.417525106402794108e+03
1.402107870871770501e+03
1.386108269244469057e+03
1.388695765481876606e+03
1.391283261719284383e+03
1.367859878751938595e+03
1.367859878751938595e+03
1.289434322956419692e+03
1.228016636646791540e+03
1.228016636646791540e+03
1.228016636646791540e+03
1.228016636646791540e+03
1.157300440565933513e+03
1.157300440565933513e+03
1.157300440565933513e+03
1.204312627476756006e+03
1.204312627476756006e+03
1.238231878188875953e+03
1.272151128900995900e+03
1.272151128900995900e+03
1.291108245111893893e+03
1.291108245111893893e+03
1.284435621992775168e+03
1.284435621992775168e+03
1.272509757374511992e+03
1.260583892756248815e+03
1.278496683454803133e+03
1.243016904143397824e+03
1.235780596603416370e+03
1.218460703776340097e+03
1.218460703776340097e+03
1.189839986966864899e+03
1.161219270157389701e+03
1.192678878684463825e+03
1.161219270157389701e+03
1.137909794138928419e+03
1.137909794138928419e+03
1.248501961859949233e+03
1.248501961859949233e+03
1.248501961859949233e+03
1.222070719892679790e+03
1.189450597298892944e+03
1.189450597298892944e+03
1.146277238197819997e+03
1.146277238197819997e+03
1.180880775583660125e+03
1.215484312969500479e+03
1.215484312969500479e+03
1.181781133727108909e+03
1.181781133727108909e+03
1.313793658482368301e+03
1.313793658482368301e+03
1.320708376695312609e+03
1.327623094908256917e+03
1.289856134877478553e+03
1.311914488585680374e+03
1.311914488585680374e+03
1.389797567139294870e+03
1.389797567139294870e+03
1.394250160478148700e+03
1.394250160478148700e+03
1.456826457663663632e+03
1.456826457663663632e+03
1.456826457663663632e+03
1.527988852440797700e+03
1.533890929554620470e+03
1.537269634433484043e+03
1.540648339312347616e+03
1.544279631242516643e+03
1.568847648454673617e+03
1.568847648454673617e+03
1.590370900322342322e+03
1.592000715536288453e+03
1.594572749371585132e+03
1.597144783206881812e+03
1.656061079308136186e+03
1.697348783823152417e+03
1.697348783823152417e+03
1.725242113988625306e+03
1.735119659934976880e+03
1.745042153897736625e+03
1.754964647860496598e+03
1.799709243542404010e+03
1.770916104581119498e+03
1.770916104581119498e+03
1.753371730701288698e+03
1.753371730701288698e+03
1.794590685207211209e+03
1.835809639713133947e+03
1.835809639713133947e+03
1.766479327432436094e+03
1.766479327432436094e+03
1.820181609935586948e+03
1.820181609935586948e+03
1.790001738727251677e+03
1.790001738727251677e+03
1.790001738727251677e+03
1.640720462543728900e+03
1.640720462543728900e+03
1.640720462543728900e+03
1.718781701934640068e+03
1.775031168190492053e+03
1.831280634446344038e+03
1.830737755366218380e+03
1.841948900141871945e+03
1.833107301051338936e+03
1.833107301051338936e+03
1.806382269313229926e+03
1.806382269313229926e+03
1.806382269313229926e+03
1.855740912941268789e+03
1.855740912941268789e+03
1.820716164659702827e+03
1.792272077785773490e+03
1.733112778496521514e+03
1.720270154527180921e+03
1.707427530557840328e+03
1.707427530557840328e+03
1.754629573403560698e+03
1.754629573403560698e+03
1.662518582224551210e+03
1.643311414947949061e+03
1.643311414947949061e+03
1.643311414947949061e+03
1.618519849910514495e+03
1.594306359599049074e+03
1.578016904475084402e+03
1.577975682770234698e+03
1.490268907254374881e+03
1.490268907254374881e+03
1.490268907254374881e+03
1.514238789008636786e+03
1.514238789008636786e+03
1.491547278403029168e+03
1.444558898508332732e+03
1.403835232882371429e+03
1.400259581243195953e+03
1.396683929604020250e+03
1.396683929604020250e+03
1.366445470755500764e+03
1.362430261444303596e+03
1.317028408224099394e+03
1.317028408224099394e+03
1.314062517299337742e+03
1.311096626374576317e+03
1.344786583968394325e+03
1.311096626374576317e+03
1.295589127757286406e+03
1.295589127757286406e+03
1.345906752361520603e+03
1.345906752361520603e+03
1.345906752361520603e+03
1.340075035545173250e+03
1.260356318035899221e+03
1.233829636953825229e+03
1.230536687420473982e+03
1.186861809088932205e+03
1.186861809088932205e+03
1.186861809088932205e+03
1.212148738416986589e+03
1.252464644075035039e+03
1.252464644075035039e+03
1.154798890409268097e+03
1.154798890409268097e+03
1.188129441772237897e+03
1.221459993135207924e+03
1.221459993135207924e+03
1.144445735052243890e+03
1.144445735052243890e+03
1.164093274423903267e+03
1.164093274423903267e+03
1.164093274423903267e+03
1.164093274423903267e+03
1.170296940094635147e+03
1.183420818318332294e+03
1.183420818318332294e+03
1.159260754896726212e+03
1.112145790488554212e+03
1.112145790488554212e+03
1.112145790488554212e+03
1.151102754007018348e+03
1.151102754007018348e+03
1.172579720558927647e+03
1.186391059506423517e+03
1.230248539556094329e+03
1.233663413894043742e+03
1.237078288231993156e+03
1.237078288231993156e+03
1.218480093860219995e+03
1.179897025547601515e+03
1.179897025547601515e+03
1.208678045662215027e+03
1.220541955842806146e+03
1.232405866023397493e+03
1.267405795877584069e+03
1.302405725731770644e+03
1.302405725731770644e+03
1.272450481484893089e+03
1.272450481484893089e+03
1.279014529364360442e+03
1.285578577243828022e+03
1.316016943847251696e+03
1.329593016442835960e+03
1.366800936160249648e+03
1.433062955696547760e+03
1.433062955696547760e+03
1.417013057410319107e+03
1.400963159124090225e+03
1.389478359390560854e+03
1.359495774980033048e+03
1.359495774980033048e+03
1.352968115806864489e+03
1.389672824307397832e+03
1.421967094533795262e+03
1.454261364760192464e+03
1.457676503992900052e+03
1.488463155394983687e+03
1.488463155394983687e+03
1.466570697179237186e+03
1.466570697179237186e+03
1.466570697179237186e+03
1.466570697179237186e+03
1.431018001492391022e+03
1.431018001492391022e+03
1.472521888175212325e+03
1.495681878628060758e+03
1.564475478637240712e+03
1.592437345801528409e+03
1.620399212965816105e+03
1.620399212965816105e+03
1.620399212965816105e+03
1.620399212965816105e+03
1.523227823519115418e+03
1.471602922949841059e+03
1.485365631974933649e+03
1.499128341000026239e+03
1.499128341000026239e+03
1.558455576759168707e+03
1.558455576759168707e+03
1.464487940717577203e+03
1.464487940717577203e+03
1.459171608125959665e+03
1.453855275534341899e+03
1.454810887643069236e+03
1.430888385041645051e+03
1.454810887643069236e+03
1.430888385041645051e+03
1.484871586770717158e+03
1.502468515630174124e+03
1.520065444489631091e+03
1.527538923543488863e+03
1.520065444489631091e+03
1.535157154202425090e+03
1.461522616198232981e+03
1.587528024998488490e+03
1.548133452469876829e+03
1.508738879941264940e+03
1.574796718378782998e+03
1.570067009422367846e+03
1.574796718378782998e+03
1.618230628796929977e+03
1.618230628796929977e+03
1.618230628796929977e+03
1.618230628796929977e+03
1.653701842981668506e+03
1.653701842981668506e+03
1.634225413193762051e+03
1.634225413193762051e+03
1.687033628062290290e+03
1.687033628062290290e+03
1.687033628062290290e+03
1.681606021783462438e+03
1.681606021783462438e+03
1.660821201581086825e+03
1.690562585584267936e+03
1.661868454901888981e+03
1.676215520243078572e+03
1.690562585584267936e+03
1.712540571044471108e+03
1.723477399037311443e+03
1.731997838274359992e+03
1.728893284124178990e+03
1.728893284124178990e+03
1.728893284124178990e+03
1.728893284124178990e+03
1.774091611628993633e+03
1.774091611628993633e+03
1.733780782081101961e+03
1.733780782081101961e+03
1.787885602994198052e+03
1.787885602994198052e+03
1.787885602994198052e+03
1.787885602994198052e+03
1.777706997787242699e+03
1.777706997787242699e+03
1.777706997787242699e+03
1.760734305103051611e+03
1.772164183860146522e+03
1.783594062617241434e+03
1.755772993956965593e+03
1.783594062617241434e+03
1.781188078473833230e+03
1.834847030187316705e+03
1.781188078473833230e+03
1.806916110062404186e+03
1.832644141650974916e+03
1.832644141650974916e+03
1.832644141650974916e+03
1.769423095842308612e+03
1.754419377188808312e+03
1.754419377188808312e+03
1.745940768895477504e+03
1.737462160602146469e+03
1.778098033701297709e+03
1.753794254736551693e+03
1.753794254736551693e+03
1.727028533748018390e+03
1.727028533748018390e+03
1.702483134385885023e+03
1.677937735023751429e+03
1.677937735023751429e+03
1.677937735023751429e+03
1.712773403951713135e+03
1.735497396870614011e+03
1.735497396870614011e+03
1.749076578126389450e+03
1.762655759382165115e+03
1.696669824080217495e+03
1.734461614419506759e+03
1.734461614419506759e+03
1.734461614419506759e+03
1.724655210603462592e+03
1.693498813673882978e+03
1.662342416744303591e+03
1.612948875553878906e+03
1.612948875553878906e+03
1.660029546609980798e+03
1.660029546609980798e+03
1.660029546609980798e+03
1.667913136502367706e+03
1.675796726394754387e+03
1.675796726394754387e+03
1.694344343110504724e+03
1.640484295807724493e+03
1.750244959890127802e+03
1.767466119154099488e+03
1.767466119154099488e+03
1.767466119154099488e+03
1.765611585732529647e+03
1.741161601281998401e+03
1.720338186526213804e+03
1.720338186526213804e+03
1.718426453360717687e+03
1.718426453360717687e+03
1.718426453360717687e+03
1.730496255872886195e+03
1.742179280915753907e+03
1.735462370588222484e+03
1.758675469353422613e+03
1.739126183287203276e+03
1.748900826320312945e+03
1.758675469353422613e+03
1.765935832693368411e+03
1.767970085887422101e+03
1.767970085887422101e+03
1.790374936569092597e+03
1.731055464015230882e+03
1.740299177911860170e+03
1.749542891808489685e+03
1.749542891808489685e+03
1.749542891808489685e+03
1.702053400976070861e+03
1.702053400976070861e+03
1.717341357562313760e+03
1.717341357562313760e+03
1.717341357562313760e+03
1.717341357562313760e+03
1.698815315411228994e+03
1.688683845831595136e+03
1.688683845831595136e+03
1.688683845831595136e+03
1.682863865857260407e+03
1.677043885882925906e+03
1.677043885882925906e+03
1.677043885882925906e+03
1.684697740070423151e+03
1.650658234268440310e+03
1.650658234268440310e+03
1.635348808537467903e+03
1.620039382806495269e+03
1.620039382806495269e+03
1.620039382806495269e+03
1.585614430749484882e+03
1.547143431571103520e+03
1.566335135427596242e+03
1.566335135427596242e+03
1.566335135427596242e+03
1.566335135427596242e+03
1.555312815976890079e+03
1.542470565187099510e+03
1.507825922905789184e+03
1.482557586180927501e+03
1.482557586180927501e+03
1.482557586180927501e+03
1.482557586180927501e+03
1.483136980519559756e+03
1.412754168569319518e+03
1.419586664175880742e+03
1.419586664175880742e+03
1.419586664175880742e+03
1.419586664175880742e+03
1.359931533238593602e+03
1.359931533238593602e+03
1.389570713234484856e+03
1.409266565342381682e+03
1.409266565342381682e+03
1.409266565342381682e+03
1.409266565342381682e+03
1.493851631350686603e+03
1.361186107527536706e+03
1.526464241202748099e+03
1.526464241202748099e+03
1.526464241202748099e+03
1.515142914553628543e+03
1.503821587904508988e+03
1.503821587904508988e+03
1.503821587904508988e+03
1.533170615006562230e+03
1.533170615006562230e+03
1.606666494020323626e+03
1.643282149055406990e+03
1.679897804090490354e+03
1.679897804090490354e+03
1.801778159268892068e+03
1.801778159268892068e+03
1.785404557475728325e+03
1.785404557475728325e+03
1.803321242659073505e+03
1.821237927842418912e+03
1.825909139480764907e+03
1.843676712700250391e+03
1.865998117871164823e+03
1.865998117871164823e+03
1.663619302677811675e+03
1.663619302677811675e+03
1.698025661414521664e+03
1.872657475716111549e+03
1.880035682342371501e+03
1.903855518713809943e+03
1.903855518713809943e+03
1.903855518713809943e+03
1.918739085376862931e+03
1.918739085376862931e+03
1.908418191294580765e+03
1.918739085376862931e+03
1.908418191294580765e+03
1.975038466577032295e+03
1.899737332005636972e+03
1.921689802922675426e+03
1.943642273839713653e+03
1.897241649603270389e+03
1.882440108808618106e+03
1.882440108808618106e+03
1.887658670884716003e+03
1.887658670884716003e+03
1.899804371080070268e+03
1.911950071275424762e+03
1.863400317216018721e+03
1.785907272821605147e+03
1.785907272821605147e+03
1.798499841497810621e+03
1.798499841497810621e+03
1.822568507967903315e+03
1.846637174437996009e+03
1.851050010217350746e+03
1.860245381179601054e+03
1.860245381179601054e+03
1.860245381179601054e+03
1.836239685235992511e+03
1.836239685235992511e+03
1.836239685235992511e+03
1.832139913896389089e+03
1.789230031644498013e+03
1.789230031644498013e+03
1.789230031644498013e+03
1.740497813420400917e+03
1.740497813420400917e+03
1.740497813420400917e+03
1.740497813420400917e+03
1.734777128368656804e+03
1.664099123219161811e+03
1.664099123219161811e+03
1.645579893799948877e+03
1.661179206921596233e+03
1.676778520043243589e+03
1.681478790368141063e+03
1.681478790368141063e+03
1.641840724087120634e+03
1.641840724087120634e+03
1.641840724087120634e+03
1.569379182774442370e+03
1.496917641461764106e+03
1.496917641461764106e+03
1.526939283595669394e+03
1.526939283595669394e+03
1.538960784595887844e+03
1.538960784595887844e+03
1.538960784595887844e+03
1.538960784595887844e+03
1.511004685114714221e+03
1.504440933607535044e+03
1.504440933607535044e+03
1.504440933607535044e+03
1.413265586000515214e+03
1.413265586000515214e+03
1.413265586000515214e+03
1.387634353342931490e+03
1.364038237826692693e+03
1.336501024508908586e+03
1.333815230625407366e+03
1.333815230625407366e+03
1.302197051195317044e+03
1.270578871765226722e+03
1.270578871765226722e+03
1.300627268437298198e+03
1.300627268437298198e+03
1.280077184001511114e+03
1.280077184001511114e+03
1.299717574002327638e+03
1.319357964003144389e+03
1.319357964003144389e+03
1.274130509990267683e+03
1.274130509990267683e+03
1.264837020932322957e+03
1.248626695948249107e+03
1.248626695948249107e+03
1.248626695948249107e+03
1.248626695948249107e+03
1.254186231383308950e+03
1.254186231383308950e+03
1.343784085370594767e+03
1.343784085370594767e+03
1.289419937571738956e+03
1.235055789772883372e+03
1.235055789772883372e+03
1.236547658403655305e+03
1.320473833820779419e+03
1.320473833820779419e+03
1.246257249931488104e+03
1.246257249931488104e+03
1.246257249931488104e+03
1.266215115132994924e+03
1.276591722938223711e+03
1.287226810078608878e+03
1.354928726952150328e+03
1.287641314075057153e+03
1.304115739126921198e+03
1.320590164178785244e+03
1.320590164178785244e+03
1.320590164178785244e+03
1.320590164178785244e+03
1.280078683587589921e+03
1.197702786115740082e+03
1.223355084873671331e+03
1.249007383631602579e+03
1.220559890637382296e+03
1.249007383631602579e+03
1.328240899117293111e+03
1.344110737698240200e+03
1.344110737698240200e+03
1.292928761005336128e+03
1.241746784312431828e+03
1.241746784312431828e+03
1.318909094892664598e+03
1.318909094892664598e+03
1.318909094892664598e+03
1.313577829574207044e+03
1.348544560965596247e+03
1.383511292356985678e+03
1.383511292356985678e+03
1.460556005034296959e+03
1.470792280072911353e+03
1.468245776463013499e+03
1.468245776463013499e+03
1.468245776463013499e+03
1.468245776463013499e+03
1.468245776463013499e+03
1.468245776463013499e+03
1.417694748440381090e+03
1.476342692720997093e+03
1.451375483116556552e+03
1.451375483116556552e+03
1.451375483116556552e+03
1.451375483116556552e+03
1.448480618195017769e+03
1.465526555719839507e+03
1.465526555719839507e+03
1.565910414383544321e+03
1.565910414383544321e+03
1.565910414383544321e+03
1.565910414383544321e+03
1.523321345442032452e+03
1.573156092355386363e+03
1.561091054449113017e+03
1.561091054449113017e+03
1.536155680332281463e+03
1.511220306215449909e+03
1.511220306215449909e+03
1.608751703882158154e+03
1.608751703882158154e+03
1.615132082469286843e+03
1.574635946579612209e+03
1.605247159953351911e+03
1.635858373327091613e+03
1.614994065470519445e+03
1.669798130457064417e+03
1.669798130457064417e+03
1.669798130457064417e+03
1.668467883235086902e+03
1.668467883235086902e+03
1.668467883235086902e+03
1.754239676884806386e+03
1.754239676884806386e+03
1.729995221535037444e+03
1.723905558142543214e+03
1.658913129793616463e+03
1.658913129793616463e+03
1.658913129793616463e+03
1.668270144071249661e+03
1.668270144071249661e+03
1.668400356393349284e+03
1.688968371105089545e+03
1.688968371105089545e+03
1.655402479415791959e+03
1.621836587726494372e+03
1.621836587726494372e+03
1.654565828652696609e+03
1.689952920131650217e+03
1.714191247658286102e+03
1.714191247658286102e+03
1.733492761590847749e+03
1.752794275523409624e+03
1.752794275523409624e+03
1.809514767002898907e+03
1.865299229823911901e+03
1.940161104163246819e+03
1.865299229823911901e+03
1.913530585523138370e+03
1.961761941222364840e+03
1.961761941222364840e+03
1.961761941222364840e+03
1.999024320384191014e+03
1.999047663916810507e+03
1.999047663916810507e+03
2.000524461444012104e+03
2.002001258971213701e+03
2.002001258971213701e+03
2.002001258971213701e+03
2.035821454453232491e+03
2.035821454453232491e+03
2.035821454453232491e+03
2.029178392937006265e+03
2.022535331420780039e+03
2.022535331420780039e+03
2.022535331420780039e+03
2.056197138061432724e+03
2.068010428053224132e+03
2.068010428053224132e+03
2.090683401000473623e+03
2.113356373947723114e+03
2.114839269829893055e+03
2.114839269829893055e+03
2.081012590463248216e+03
2.081012590463248216e+03
2.076266212247743169e+03
2.087025918589983121e+03
2.097785624932223072e+03
2.097785624932223072e+03
2.097785624932223072e+03
2.129590050905413591e+03
2.057733374277376697e+03
2.027094907240126304e+03
2.027094907240126304e+03
2.027094907240126304e+03
2.057626695303073575e+03
2.057626695303073575e+03
1.972755123774607910e+03
1.972755123774607910e+03
1.919334150840372104e+03
1.931647601442972473e+03
1.943961052045572842e+03
1.943961052045572842e+03
1.943961052045572842e+03
1.867616047756999933e+03
1.867616047756999933e+03
1.809373677982290474e+03
1.828495096830905595e+03
1.847616515679520717e+03
1.776844962441003645e+03
1.707432664440469125e+03
1.707432664440469125e+03
1.707432664440469125e+03
1.591276807609586967e+03
1.591276807609586967e+03
1.591276807609586967e+03
1.671111920970547772e+03
1.671111920970547772e+03
1.679374361165532946e+03
1.616324741168514947e+03
1.575391230914297012e+03
1.575391230914297012e+03
1.575391230914297012e+03
1.681944640022393287e+03
1.681944640022393287e+03
1.599890529649340351e+03
1.596842896957833091e+03
1.564263481021300095e+03
1.557036528334077047e+03
1.549809575646853773e+03
1.549809575646853773e+03
1.549809575646853773e+03
1.545070601229078648e+03
1.504886046334407411e+03
1.502383863757391964e+03
1.471814462698067018e+03
1.441245061638742300e+03
1.437109358418118973e+03
1.441245061638742300e+03
1.453389405663420575e+03
1.453389405663420575e+03
1.311011723502652103e+03
1.311011723502652103e+03
1.311011723502652103e+03
1.369623584233834890e+03
1.369623584233834890e+03
1.324230796618759769e+03
1.312101902714023709e+03
1.324230796618759769e+03
1.322934680729610591e+03
1.321638564840461186e+03
1.358148950635953497e+03
1.358148950635953497e+03
1.427590693816649491e+03
1.427590693816649491e+03
1.374053873481864912e+03
1.374053873481864912e+03
1.374053873481864912e+03
1.411749160389740609e+03
1.411749160389740609e+03
1.411749160389740609e+03
1.333570975651608023e+03
1.271061298198372924e+03
1.271061298198372924e+03
1.271061298198372924e+03
1.430224067194111512e+03
1.430224067194111512e+03
1.412491034168377837e+03
1.396290763668988802e+03
1.393167041369492608e+03
1.393167041369492608e+03
1.393167041369492608e+03
1.384480679597587596e+03
1.384480679597587596e+03
1.379423950144647279e+03
1.329893659515396166e+03
1.329893659515396166e+03
1.329893659515396166e+03
1.329893659515396166e+03
1.290131479906929826e+03
1.384445272318575917e+03
1.383755133956527061e+03
1.408145969928051954e+03
1.383755133956527061e+03
1.388442414823158742e+03
1.393129695689790424e+03
1.393129695689790424e+03
1.393129695689790424e+03
1.399951462910308010e+03
1.353607191474715592e+03
1.411684626017284927e+03
1.406886252723680627e+03
1.402087879430076100e+03
1.405007098090161890e+03
1.405007098090161890e+03
1.460818213384294722e+03
1.495196352446213041e+03
1.495196352446213041e+03
1.497072935237531510e+03
1.498949518028849752e+03
1.503258360291882809e+03
1.528796925642683163e+03
1.528796925642683163e+03
1.528796925642683163e+03
1.530273502662008241e+03
1.530861275375649711e+03
1.531449048089290955e+03
1.541270310697853574e+03
1.602884447807908600e+03
1.602884447807908600e+03
1.602884447807908600e+03
1.661173204585389840e+03
1.666757914609177305e+03
1.672342624632964771e+03
1.718015928610968103e+03
1.743051600081227207e+03
1.743051600081227207e+03
1.717613860165989990e+03
1.717333314144081669e+03
1.717473587155035830e+03
1.717613860165989990e+03
1.755236920464139985e+03
1.755236920464139985e+03
1.800784811487954585e+03
1.835307944862814793e+03
1.839536901482257917e+03
1.845016846710543177e+03
1.850496791938828437e+03
1.861042856276096018e+03
1.861042856276096018e+03
1.861042856276096018e+03
1.887177987611808476e+03
1.887177987611808476e+03
1.785831948823874882e+03
1.785831948823874882e+03
1.874026254608596446e+03
1.874026254608596446e+03
1.832860190733151967e+03
1.832250417383555487e+03
1.832250417383555487e+03
1.786617196803594879e+03
1.730708452136642791e+03
1.728574529345458359e+03
1.730708452136642791e+03
1.730708452136642791e+03
1.714962604021571906e+03
1.714962604021571906e+03
1.759380223086538990e+03
1.803797842151506302e+03
1.803797842151506302e+03
1.803797842151506302e+03
1.806776704638613637e+03
1.806776704638613637e+03
1.806776704638613637e+03
1.791876608684111034e+03
1.776976512729608203e+03
1.776976512729608203e+03
1.776976512729608203e+03
1.757229839981298483e+03
1.744780135302663894e+03
1.744780135302663894e+03
1.744780135302663894e+03
1.744780135302663894e+03
1.742889298345807674e+03
1.732646417225435698e+03
1.680272697325215404e+03
1.642463241115442315e+03
1.642463241115442315e+03
1.654541398548453571e+03
1.666619555981464828e+03
1.724434495464475503e+03
1.666619555981464828e+03
1.672879314206119943e+03
1.672879314206119943e+03
1.672879314206119943e+03
1.670557039810516017e+03
1.668234765414912090e+03
1.651978050582191372e+03
1.633698140301876492e+03
1.617691015252092484e+03
1.522372765805740983e+03
1.563239303456406788e+03
1.563239303456406788e+03
1.563239303456406788e+03
1.619634903570675760e+03
1.619634903570675760e+03
1.602189147414995659e+03
1.552505343635238887e+03
1.506588287404001903e+03
1.506588287404001903e+03
1.506588287404001903e+03
1.506588287404001903e+03
1.484987837066725433e+03
1.461977461918700783e+03
1.421793263924217399e+03
1.395206878430295774e+03
1.390223246592688611e+03
1.385239614755081448e+03
1.385239614755081448e+03
1.348038989958605498e+03
1.294927988596581372e+03
1.294906763386231205e+03
1.294927988596581372e+03
1.289113373484599833e+03
1.283298758372618295e+03
1.325957259798250561e+03
1.247247471210165259e+03
1.257480900939315006e+03
1.219469455009188550e+03
1.193688081877573495e+03
1.186394283466390334e+03
1.179100485055207173e+03
1.179100485055207173e+03
1.125403610288853542e+03
1.125403610288853542e+03
1.125403610288853542e+03
1.188932173786246722e+03
1.175493450203687644e+03
1.162054726621128339e+03
1.162054726621128339e+03
1.033047858308053037e+03
1.028196910132968696e+03
1.026645829701554931e+03
1.025248373740948864e+03
1.024973651415782115e+03
1.024698929090615366e+03
1.025248373740948864e+03
1.024698929090615366e+03
1.052771432314035110e+03
1.052771432314035110e+03
1.052771432314035110e+03
1.049097895357234165e+03
1.045424358400433221e+03
1.045424358400433221e+03
1.045917874570716776e+03
1.070774845501081927e+03
